DESTINO,ORIGEN,CANTI,FOBDOL,FOBPES
USA,AXM,110,108083,457256555
PAN,AXM,22,18547,78465124
DEU,BOG,576,4476,18142684
DEU,BOG,84,525,2221070
DEU,BOG,30,114,482290
DEU,BOG,90,314,1326296
DEU,BOG,5,31,129880
DEU,BOG,144,768,3249108
DEU,BOG,8,37,156533
DEU,BOG,32,33556,142239359
DEU,BOG,20,3280,13876401
DEU,BOG,50,7741,32750844
DEU,BOG,18,6624,28023561
DEU,BOG,25,6200,26229781
DEU,BOG,30,4920,20814601
DEU,BOG,35,6860,29021985
DEU,BOG,20,2560,10830362
DEU,BOG,1031,107926,456245758
DEU,BOG,2,11612,48933125
DEU,BOG,8960,1613,6823128
DEU,BOG,140,200772,846571857
DEU,BOG,4900,882,3715425
DEU,BOG,14400,2592,10918800
DEU,BOG,10555,1892,8006464
DEU,BOG,37203,6639,28097488
DEU,BOG,58832,15774,66022338
DEU,BOG,2825,452,1912236
DEU,BOG,23620,4263,17894160
DEU,BOG,9,18,76538
DEU,BOG,50,144,614427
DEU,BOG,78,195,829158
DEU,BOG,20,75,318907
DEU,BOG,271,1030,4381779
DEU,BOG,99,367,1561367
DEU,BOG,81,277,1177404
DEU,BOG,196,1008,4286107
DEU,BOG,1771,7254,30844661
DEU,BOG,29,164,697343
DEU,BOG,32,122,516629
DEU,BOG,140,3177,13465131
DEU,BOG,30,45145,190572836
DEU,BOG,285,98500,417526725
DEU,BOG,0,61500,260689275
DEU,BOG,106196,28408,119702135
DEU,BOG,10,620,2554414
DEU,BOG,270,9614,39617207
DEU,BOG,12,354,1456804
DEU,BOG,1,61,250534
DEU,BOG,32,150,637350
DEU,BOG,3,120,494474
DEU,BOG,1,3710,16274509
DEU,BOG,31,2410,10154151
DEU,BOG,4,328,1381592
DEU,BOG,27,3172,13366797
DEU,BOG,8,3407,13811566
DEU,BOG,24,1520,6377093
DEU,BOG,2,100,405376
DEU,BOG,2,5500,22662503
DEU,BOG,37600,6812,28848854
DEU,BOG,11520,2074,8735040
DEU,BOG,63680,11504,48459926
DEU,BOG,4400,836,3552164
DEU,BOG,8800,1672,7104328
DEU,BOG,5476,931,3921500
DEU,BOG,16438,3464,14591258
DEU,BOG,2802,3966,16778345
DEU,BOG,1,2402,9948709
DEU,BOG,1,362,1499115
DEU,BOG,1,2682,11107108
DEU,BOG,50,434,1846499
DEU,BOG,300,684,2908926
DEU,BOG,24480,4892,20786108
DEU,BOG,2250,672,2842970
DEU,BOG,26256,28492,120021960
DEU,BOG,23220,3200,13508872
DEU,BOG,70780,10801,45620438
DEU,BOG,1800,924,3918817
DEU,BOG,1550,10123,42949605
DEU,BOG,0,55000,222956800
DEU,BOG,2714,3215,14101533
DEU,BOG,125,9440,39906562
DEU,BOG,7100,1278,5383575
DEU,BOG,41367,7450,31383378
DEU,BOG,1,640,2717703
DEU,BOG,246,2082,8649214
DEU,BOG,7537,41130,174343900
DEU,BOG,1300,7800,33063030
DEU,BOG,2,1,4239
DEU,BOG,180,477,2021931
DEU,BOG,3420,18184,77078401
DEU,BOG,4800,624,2639901
DEU,BOG,20,85,360152
DEU,BOG,25,113,481099
DEU,BOG,130,489,2080933
DEU,BOG,26,113,480274
DEU,BOG,10,4,16928
DEU,BOG,13,158,670597
DEU,BOG,216,809,3514385
DEU,BOG,70,330,1419721
DEU,BOG,1125,5885,25281881
DEU,BOG,17,86,367381
DEU,BOG,1000,122,514645
DEU,BOG,319,5783,24295641
DEU,BOG,253671,1388,5812030
DEU,BOG,2040,277,1169124
DEU,BOG,2380,324,1363978
DEU,BOG,40200,6518,27682160
DEU,BOG,230280,36884,156569128
DEU,BOG,180,27,118440
DEU,BOG,4760,619,2617901
DEU,BOG,2380,309,1308951
DEU,BOG,13320,2131,9009414
DEU,BOG,91980,13691,57890366
DEU,BOG,8160,2448,10245904
DEU,BOG,8,8800,37301880
DEU,BOG,2,2200,9325470
DEU,BOG,4857,39695,167215188
DEU,BOG,834,8,35295
DEU,BOG,32845,4646,18835796
DEU,BOG,3381,2458784,10373020843
DEU,BOG,560,19753,83595034
DEU,BOG,2162,63864,280149128
DEU,BOG,300,883,3638920
ARM,BOG,60,0,494
ARM,BOG,448,1469,6443126
ARM,BOG,800,148,601003
ARM,BOG,1540,246,1080873
ARM,BOG,37690,5654,24799982
ARM,BOG,10560,3270,14256982
ARM,BOG,700,126,534095
ABW,BOG,2864,978,4289539
ABW,BOG,2532,866,3799900
ABW,BOG,1593,465,2037867
ABW,BOG,25,388,1699831
ABW,BOG,156,107,470864
ABW,BOG,161,651,2856812
ABW,BOG,4325,1384,5855164
ABW,BOG,3340,1564,6614559
ABW,BOG,169,931,3939544
ABW,BOG,13566,5148,21823550
ABW,BOG,564,214,907326
ABW,BOG,377,143,606495
ABW,BOG,1317,500,2118662
ABW,BOG,752,285,1209768
ABW,BOG,376,143,604884
ABW,BOG,29025,11015,46692289
ABW,BOG,91,644,2728336
ABW,BOG,30,88,361378
ABW,BOG,120,314,1293545
ABW,BOG,24,388,1636464
ABW,BOG,344,5766,24341041
ABW,BOG,75,2378,10038465
ABW,BOG,347,7476,31559956
ABW,BOG,41,205,858337
ABW,BOG,8,18,75985
ABW,BOG,4591,1391,6100309
ABW,BOG,200,61,265744
ABW,BOG,998,302,1326087
ABW,BOG,798,242,1060343
ABW,BOG,600,182,797232
ABW,BOG,200,61,265744
ABW,BOG,7985,2419,10610278
ABW,BOG,72,363,1591831
ABW,BOG,225,3300,13598046
ABW,BOG,86,1444,5950999
ABW,BOG,21,351,1445472
ABW,BOG,113,3389,13963916
ABW,BOG,241,5254,21651509
ABW,BOG,60,1683,6933355
ABW,BOG,228,4975,20501444
ABW,BOG,12,55,225233
ABW,BOG,52,582,2468706
ABW,BOG,29,231,977860
ABW,BOG,42,2394,10022195
ABW,BOG,37,1954,8179743
ABW,BOG,311,6636,27783324
ABW,BOG,144,6164,25810404
ABW,BOG,17,1099,4602361
ABW,BOG,325,15457,63692423
ABW,BOG,21,567,2336392
ABW,BOG,4725,1542,6687717
ABW,BOG,250,35,146545
ABW,BOG,1750,242,1045087
ABW,BOG,2630,658,2824402
ABW,BOG,1660,498,2147191
ABW,BOG,500,316,1376906
ABW,BOG,5437,2690,11577033
ABW,BOG,188,2514,10734050
ABW,BOG,60,123,517399
ABW,BOG,55,125,525195
ABW,BOG,168,367,1546172
ABW,BOG,60,123,526944
ABW,BOG,55,125,535375
ABW,BOG,168,367,1577244
ABW,BOG,389,348102,1508545745
ABW,BOG,474,3793,16032757
BIH,BOG,5,40,168559
BIH,BOG,31755,8892,37534489
BIH,BOG,9000,1080,4559101
AGO,BOG,3,12300,52262615
AGO,BOG,30,355,1507843
AGO,BOG,10,300,1273213
AGO,BOG,24,1455,6183230
AGO,BOG,3,566,2403659
SAU,BOG,920,767,3241563
SAU,BOG,8772,5875,24801764
SAU,BOG,11948,9419,40272654
SAU,BOG,10,138,601597
SAU,BOG,962,366,1593622
SAU,BOG,30,121,512750
SAU,BOG,20,118,500058
SAU,BOG,28,128,541941
SAU,BOG,16,67,284297
SAU,BOG,14,50,213223
SAU,BOG,45,139,586997
SAU,BOG,25,148,628246
SAU,BOG,15,78,332103
SAU,BOG,20,90,380755
SAU,BOG,17,9267,37566194
SAU,BOG,6,1711,6935983
SAU,BOG,3,891,3611900
SAU,BOG,16,20146,84895019
SAU,BOG,6,51445,216785832
SAU,BOG,12900,4093,16950873
SAU,BOG,800,152,629497
SAU,BOG,210,2,8697
SAU,BOG,540,173,715639
SAU,BOG,610,684,2834809
SAU,BOG,700,219,906973
SAU,BOG,469,2582,10693172
SAU,BOG,5040,46176,194586301
SAU,BOG,8400,76961,324950816
SAU,BOG,4219,14840,65099789
SAU,BOG,720,10320,42739558
SAU,BOG,130,1096,4688905
SAU,BOG,260,1508,6466504
SAU,BOG,134,617,2647692
SAU,BOG,73,483,2084242
SAU,BOG,154,1153,4963867
SAU,BOG,13,113,478615
SAU,BOG,20,180,756275
SAU,BOG,2,120,508026
SAU,BOG,8,1,2882
SAU,BOG,0,7,30774
SAU,BOG,0,1863,7897656
SAU,BOG,4,1777,7551947
SAU,BOG,1,424,1798629
DZA,BOG,17,750,3166042
DZA,BOG,2943,19756,83741534
ARG,BOG,50,1909,8045775
ARG,BOG,61,38950,165498550
ARG,BOG,2,3250,13809250
ARG,BOG,31460,3146,13313778
ARG,BOG,95950,26446,115290872
ARG,BOG,51702,10376,43708900
ARG,BOG,64,1010,4196489
ARG,BOG,13273,2363,9784294
ARG,BOG,3200,5845,24284793
ARG,BOG,2751,84190,356249793
ARG,BOG,1514,14171,59953243
ARG,BOG,300,2937,12449926
ARG,BOG,1200,7668,31138444
ARG,BOG,2,3733,15159728
ARG,BOG,2507,23472,99298763
ARG,BOG,78,1880,8246921
ARG,BOG,7,685,2823778
ARG,BOG,20,146,617177
ARG,BOG,0,33,138271
ARG,BOG,0,74,313039
ARG,BOG,5,43,182482
ARG,BOG,0,850,3603022
ARG,BOG,3,36,152599
ARG,BOG,8,734,3111952
ARG,BOG,1,45,188883
ARG,BOG,0,1297,5497788
ARG,BOG,0,28,120638
ARG,BOG,1,143,606156
ARG,BOG,10,32,136067
ARG,BOG,4,35,147682
ARG,BOG,10,11,45780
ARG,BOG,3,74,310915
ARG,BOG,1300,78,331663
ARG,BOG,2,172,732465
ARG,BOG,72,62,261759
ARG,BOG,12,2971,12438099
ARG,BOG,17075,2237,9293894
ARG,BOG,760,471,1957808
ARG,BOG,18625,5550,23549887
ARG,BOG,4200,462,1934399
ARG,BOG,355,304,1274945
ARG,BOG,3240,670,2848530
ARG,BOG,2,882,3867630
ARG,BOG,179,17467,75018283
ARG,BOG,2,65,283554
ARG,BOG,1,100,404687
ARG,BOG,896800,44815,187408242
ARG,BOG,1,2285,10023518
ARG,BOG,60000,5152,21746913
ARG,BOG,0,214,868883
ARG,BOG,69,3284,13313440
ARG,BOG,1,215,869815
ARG,BOG,155,11082,44922795
ARG,BOG,24,1405,5695330
ARG,BOG,12,137,555973
ARG,BOG,2024,1463557,6197042738
AUS,BOG,216960,38244,161422463
AUS,BOG,19600,5467,23042656
AUS,BOG,22000,2200,9288598
AUS,BOG,8100,4860,20560765
AUS,BOG,335,223,942708
AUS,BOG,1500,315,1329958
AUS,BOG,5400,1134,4787850
AUS,BOG,7150,2431,10663970
AUS,BOG,33600,5880,23877680
AUS,BOG,16850,3370,14783044
AUS,BOG,60770,11638,47178875
AUS,BOG,2988,3002,13170508
AUS,BOG,40,84,368479
AUS,BOG,500,20,84639
AUS,BOG,140,465,1967020
AUS,BOG,367,10111,42772880
AUS,BOG,5,166,700772
AUS,BOG,189,1393,5911295
AUS,BOG,4,15,60644
AUS,BOG,1,1,5318
AUS,BOG,149,1941,8222110
AUS,BOG,208,6935,29349317
AUS,BOG,2791,63011,266799589
AUS,BOG,254,3850,16768331
AUS,BOG,704,18135,75409223
AUS,BOG,3750,65651,276585353
AUS,BOG,150,1714,7201422
AUS,BOG,200,782,3430807
AUS,BOG,293,23040,101068646
AUS,BOG,4,415,1820332
AUS,BOG,1650,314,1270854
AUS,BOG,1000,180,753662
AUS,BOG,20800,7688,32689005
AUS,BOG,16,29805,130010272
AUS,BOG,5,750,3045622
AUS,BOG,4450,801,3386139
AUS,BOG,50,173810,762446822
AUS,BOG,0,20,82412
AUS,BOG,35675,8596,36289179
AUS,BOG,640,896,3782365
AUS,BOG,630,1114,4700940
AUS,BOG,1725,2987,12610347
AUS,BOG,20700,2958,12486872
AUS,BOG,2400,504,2127581
AUS,BOG,1340,1131,4772704
AUS,BOG,48,532,2245779
AUS,BOG,24,80,341620
AUS,BOG,216308,52742,222879777
AUS,BOG,28500,5890,24866098
AUS,BOG,45000,8855,36791994
AUS,BOG,1620,821,3490115
AUS,BOG,5670,1796,7635903
AUS,BOG,92,1325,5581562
AUS,BOG,20775,4729,20014696
AUS,BOG,107,697,3038502
AUS,BOG,7750,1472,6261203
AUS,BOG,450,292,1228948
AUS,BOG,100,363987,1525817517
AUS,BOG,744,18678,79361420
AUT,BOG,12480,2122,9014678
AUT,BOG,34560,5875,24963725
AUT,BOG,19152,3701,15736815
AUT,BOG,72240,10598,45031752
AUT,BOG,520,99,421501
AUT,BOG,22890,4132,17558568
AUT,BOG,28960,4614,19604114
AUT,BOG,97860,15101,64154491
AUT,BOG,240,48,203952
AUT,BOG,16270,2975,12639925
AUT,BOG,175,3463,14715349
AZE,BOG,9140,5971,25304195
AZE,BOG,64,154,673791
AZE,BOG,10450,1816,7667967
AZE,BOG,4,4550,19331760
BHS,BOG,1,1000,4187010
BHS,BOG,8,1236,5250942
BHS,BOG,124,9270,39394259
BHS,BOG,927,10979,46656249
BHS,BOG,8,265,1128043
BHS,BOG,5,458,1944242
BHS,BOG,1911,35462,150704788
BHS,BOG,96,3252,13822097
BHS,BOG,14,12901,54684726
BHR,BOG,300,96,405829
BHR,BOG,500,337,1401461
BHR,BOG,220,83,351719
BHR,BOG,3,52,219824
BHR,BOG,3612,2210,9311310
BHR,BOG,3455,2051,8625855
BHR,BOG,240,67,284388
BHR,BOG,1010,215,941377
BHR,BOG,5,17,73340
BHR,BOG,12,35,146974
BHR,BOG,6,12,52404
BHR,BOG,12,64,270400
BHR,BOG,174,458,1927219
BHR,BOG,15,76,322256
BHR,BOG,9,43,182738
BHR,BOG,18000,4410,18751717
BHR,BOG,18700,2949,11954538
BHR,BOG,11850,1422,5764447
BHR,BOG,54,54,227552
BHR,BOG,3400,1022,4302306
BHR,BOG,10625,2656,11213067
BHR,BOG,101225,16090,66993837
BHR,BOG,750,90,376831
BHR,BOG,2600,520,2177245
BHR,BOG,2920,808,3381429
BHR,BOG,192,2429,10170289
BRB,BOG,26600,4567,19189774
BRB,BOG,27000,998,4191194
BRB,BOG,30000,871,3658524
BRB,BOG,21000,1794,7537545
BRB,BOG,280,5325,22480801
BRB,BOG,105,3960,16319427
BRB,BOG,431,18254,75218622
BRB,BOG,959,12246,50462431
BRB,BOG,36,2741,11294867
BRB,BOG,723,7674,31622462
BEL,BOG,60,237,990647
BEL,BOG,36,243,1016690
BEL,BOG,380,2582,10811279
BEL,BOG,99,302,1265649
BEL,BOG,140,1081,4528209
BEL,BOG,207,1223,5121006
BEL,BOG,350,1418,5935087
BEL,BOG,1,40,164825
BEL,BOG,45,16456,72185780
BEL,BOG,1400,7524,31974818
BEL,BOG,1160,8700,36959225
BEL,BOG,140,1190,4832388
BEL,BOG,756,3994,16594747
BEL,BOG,155,7776,32041941
BEL,BOG,348,59676,251958244
BLZ,BOG,1,64,271903
BLZ,BOG,10,136,572093
BLZ,BOG,2,104,439097
BLZ,BOG,12,210,886639
BLZ,BOG,515,10564,44740422
BLZ,BOG,16,642,2798735
BLZ,BOG,247,12482,54412590
BLZ,BOG,2,2252,9877223
BLR,BOG,32458,32523,137487912
BLR,BOG,72650,25065,103804860
BLR,BOG,39500,7804,32317649
BLR,BOG,66500,22300,92355711
BLR,BOG,2650,500,2070715
BLR,BOG,85600,16432,68052102
BLR,BOG,7950,2764,11444842
BLR,BOG,10000,1900,7868717
BLR,BOG,1120,3464,15195390
BLR,BOG,104,274,1201945
BLR,BOG,12850,4496,18617799
BLR,BOG,1750,332,1377025
BLR,BOG,6400,1212,5019413
BLR,BOG,1600,598,2478232
BLR,BOG,400,51,207914
BLR,BOG,12700,1613,6549713
BLR,BOG,11225,3633,15438984
BLR,BOG,7850,1013,4304744
BLR,BOG,25350,2892,12290799
BLR,BOG,12000,1632,6877199
BLR,BOG,500,0,212
BLR,BOG,246,446,1882740
BLR,BOG,2,27,114822
BOL,BOG,164,647,2730468
BOL,BOG,683,2658,11223160
BOL,BOG,160,1248,5269168
BOL,BOG,250,1988,8391404
BOL,BOG,860,2944,12430677
BOL,BOG,180,675,2849911
BOL,BOG,500,1855,7831175
BOL,BOG,180,708,2990506
BOL,BOG,253,963,4064944
BOL,BOG,340,2556,10791662
BOL,BOG,180,1289,5441430
BOL,BOG,700,4515,19062736
BOL,BOG,160,662,2796712
BOL,BOG,250,1678,7082556
BOL,BOG,180,1433,6049411
BOL,BOG,643,15367,65295785
BOL,BOG,170,5910,25112865
BOL,BOG,50,371,1576379
BOL,BOG,172,26660,109855729
BOL,BOG,89,408,1682408
BOL,BOG,99,734,3025565
BOL,BOG,32,249,1024551
BOL,BOG,10,64,264956
BOL,BOG,102,373,1536909
BOL,BOG,198,757,3118732
BOL,BOG,66,151,622790
BOL,BOG,13,29,120528
BOL,BOG,132,553,2278291
BOL,BOG,10,98,402173
BOL,BOG,45,284,1170050
BOL,BOG,15,49,200880
BOL,BOG,250,1168,4814038
BOL,BOG,160,769,3247632
BOL,BOG,1666,4560,19254208
BOL,BOG,204,530,2239397
BOL,BOG,19,502,2118391
BOL,BOG,18,359,1514633
BOL,BOG,149,901,3821111
BOL,BOG,12,66,278238
BOL,BOG,38,178,756550
BOL,BOG,65,420,1779893
BOL,BOG,39,138,586826
BOL,BOG,32,140,591404
BOL,BOG,90,371,1574097
BOL,BOG,239,752,3189226
BOL,BOG,33,114,481915
BOL,BOG,245,704,2983260
BOL,BOG,101,577,2447130
BOL,BOG,319,790,3347123
BOL,BOG,48,182,769775
BOL,BOG,266,879,3724593
BOL,BOG,11,103,435499
BOL,BOG,74,303,1282930
BOL,BOG,59,594,2518386
BOL,BOG,4,20,83251
BOL,BOG,38,163,691017
BOL,BOG,20,37,155990
BOL,BOG,85400,12943,53333185
BOL,BOG,58404,10426,42963397
BOL,BOG,320,713,3069075
BOL,BOG,1535,3484,15022028
BOL,BOG,150,266,1152376
BOL,BOG,298,621,2718571
BOL,BOG,903,2445,10301429
BOL,BOG,651,1218,5174077
BOL,BOG,28,63,272468
BOL,BOG,110,212,911534
BOL,BOG,165,310,1335168
BOL,BOG,14,25,103495
BOL,BOG,175,403,1732180
BOL,BOG,5,11,47389
BOL,BOG,180,2439,10536194
BOL,BOG,110,1198,5049614
BOL,BOG,397,37376,163274174
BOL,BOG,1049,142869,580010829
BOL,BOG,135,15572,64167860
BOL,BOG,1730,90465,368271431
BOL,BOG,280,22356,92121446
BOL,BOG,100,3903,15821825
BOL,BOG,44,2191,8882802
BOL,BOG,853,20666,83896974
BOL,BOG,147,5342,22677212
BOL,BOG,71,3407,14449279
BOL,BOG,77,20232,82016483
BOL,BOG,20,1104,4692777
BOL,BOG,2132,48127,203198045
BOL,BOG,2817,99775,419625841
BOL,BOG,1649,79751,334247953
BOL,BOG,2210,83295,350297250
BOL,BOG,970,6528,27619453
BOL,BOG,220,27000,117703799
BOL,BOG,77,175,767666
BOL,BOG,5,8,34512
BOL,BOG,95,495,2006409
BOL,BOG,99,635,2579485
BOL,BOG,285,1382,5601567
BOL,BOG,5,14,58374
BOL,BOG,270,1106,4547109
BOL,BOG,98,425,1724105
BOL,BOG,2177,5506,22321016
BOL,BOG,363,1137,4609287
BOL,BOG,176,707,2864184
BOL,BOG,64,239,968605
BOL,BOG,1867,4380,17779018
BOL,BOG,504,2108,8546745
BOL,BOG,96,240,975790
BOL,BOG,28,268,1085110
BOL,BOG,16,72,295984
BOL,BOG,244,1621,6571794
BOL,BOG,8,48,192635
BOL,BOG,126,254,1029209
BOL,BOG,120,1000,4359400
BOL,BOG,98,1752,7685428
BOL,BOG,4,21,91418
BOL,BOG,13,89,392343
BOL,BOG,26,125,547455
BOL,BOG,15,104,457967
BOL,BOG,300,2267,9667252
BOL,BOG,289,1171,5064944
BOL,BOG,57,292,1282703
BOL,BOG,92,336,1427301
BOL,BOG,41,177,776965
BOL,BOG,812,1958,8575352
BOL,BOG,236,1152,5046474
BOL,BOG,45,134,579868
BOL,BOG,148,483,2030810
BOL,BOG,84,484,2048745
BOL,BOG,825,1903,8277937
BOL,BOG,532,2168,9474631
BOL,BOG,107,432,1860013
BOL,BOG,17,82,344988
BOL,BOG,314,2318,10144503
BOL,BOG,7,31,130584
BOL,BOG,178,1433,6169137
BOL,BOG,33,196,859873
BOL,BOG,8,25,109140
BOL,BOG,218,1249,5260852
BOL,BOG,46,211,920803
BOL,BOG,29,63,274780
BOL,BOG,161,3896,16189017
BOL,BOG,25,697,2897032
BOL,BOG,20,397,1634032
BOL,BOG,4,168,736959
BOL,BOG,3,5374,23573911
BOL,BOG,1,394,1728344
BOL,BOG,2,100,438666
BOL,BOG,5,685,3004862
BOL,BOG,3,145,636066
BOL,BOG,180,5130,21314842
BOL,BOG,81,8222,35842987
BOL,BOG,151,7852,34230009
BOL,BOG,16,430,1782637
BOL,BOG,30,732,3031527
BOL,BOG,222,3710,15365451
BOL,BOG,383,7323,30328686
BOL,BOG,28,1471,6092872
BOL,BOG,337,794,3376159
BOL,BOG,100,5300,23249298
BOL,BOG,1,22,93546
BOL,BOG,586,7148,29463746
BOL,BOG,1,19,80790
BOL,BOG,1,21,89294
BOL,BOG,5,108,459226
BOL,BOG,504,8534,35667232
BOL,BOG,3,58,246621
BOL,BOG,1,19,80790
BOL,BOG,157,4021,17083444
BOL,BOG,20000,3389,14238145
BOL,BOG,77,638,2626895
BOL,BOG,42,262,1081663
BOL,BOG,40,4,16566
BOL,BOG,130,13,53839
BOL,BOG,53,5077,21093633
BOL,BOG,312,1978,8151905
BOL,BOG,1,34,148220
BOL,BOG,2180,17200,73558925
BOL,BOG,152,6496,27887764
BOL,BOG,143,3951,16741927
BOL,BOG,30,854,3679865
BOL,BOG,976,12328,52877558
BOL,BOG,262,935,3951634
BOL,BOG,115,534,2342301
BOL,BOG,853,117698,498905397
BOL,BOG,827,11529,48807858
BOL,BOG,149,7318,31661805
BOL,BOG,411,10848,46171146
BOL,BOG,203,483,2044045
BOL,BOG,151,2954,12571595
BOL,BOG,173,728,3145683
BOL,BOG,5267,383,1620697
BOL,BOG,92,557,2350015
BOL,BOG,5,26,111252
BOL,BOG,180,1032,4355846
BOL,BOG,7,45,190923
BOL,BOG,5,18,75575
BOL,BOG,105,410,1732450
BOL,BOG,5,22,91619
BOL,BOG,229,536,2261351
BOL,BOG,260,689,2907838
BOL,BOG,98,343,1446235
BOL,BOG,45,196,828374
BOL,BOG,1201,2856,12056178
BOL,BOG,478,1640,6926254
BOL,BOG,274,635,2681407
BOL,BOG,23,218,920416
BOL,BOG,124,593,2503530
BOL,BOG,248,2469,10425733
BOL,BOG,58,165,697827
BOL,BOG,97,437,1844716
BOL,BOG,7,33,138316
BOL,BOG,70,4233,17944197
BOL,BOG,2,13,54596
BOL,BOG,21,216,946814
BOL,BOG,7,66,279629
BOL,BOG,99,5347,22143067
BOL,BOG,21,625,2678578
BOL,BOG,124,7481,32190468
BOL,BOG,201,1217,5174732
BOL,BOG,23,354,1520583
BOL,BOG,26,322,1411671
BOL,BOG,420,2526,11080747
BOL,BOG,46,4912,20740299
BOL,BOG,1337,28236,119974764
BOL,BOG,66,41,174837
BOL,BOG,514,4458,19326932
BOL,BOG,14,492,2112047
BOL,BOG,8,251,1062475
BOL,BOG,153,737,3140334
BOL,BOG,4,6969,29612258
BOL,BOG,1,429,1821886
BOL,BOG,12,5421,23033744
BOL,BOG,2,29863,130998433
BOL,BOG,24,1956,8101631
BOL,BOG,737,6235,27352536
BOL,BOG,217,6462,27338836
BOL,BOG,683,608144,2629073153
BOL,BOG,0,45,187406
BOL,BOG,18,624,2571267
BOL,BOG,0,112,462045
BOL,BOG,38,5404,22269685
BOL,BOG,2,54,221525
BOL,BOG,9,709,2920613
BOL,BOG,27,650,2679763
BOL,BOG,5,106,437198
BOL,BOG,170,6120,25789496
BOL,BUN,7879,81188,350235101
BOL,BUN,199,8332,35527766
BOL,BUN,177,6599,28053368
BOL,BUN,27,723,3069022
BOL,BUN,3649,14646,63833653
BOL,BUN,25,84,370497
BOL,BUN,659,2289,9618773
BOL,BUN,146,825,3620749
BOL,BUN,764,9093,38207454
BOL,BUN,52,2510,10609360
BOL,BUN,6,176,739427
BOL,BUN,1097,11691,49903399
BOL,BUN,422,1439,6311044
BOL,BUN,510,9153,38619963
BOL,BUN,953,3987,17142411
BOL,BUN,34,351,1511140
BOL,BUN,3,165,704339
BOL,BUN,4,77,325072
BOL,BUN,8,228,964493
BOL,BUN,10,12,54658
BOL,BUN,62,44,183691
BRA,BOG,1000,10934,46075548
BRA,BOG,21000,28624,122611044
BRA,BOG,13500,3206,13211120
BRA,BOG,45925,19946,87496320
BRA,BOG,3600,396,1737117
BRA,BOG,25375,7196,30573680
BRA,BOG,24000,2688,11254683
BRA,BOG,23400,2117,8944178
BRA,BOG,100,440,1813073
BRA,BOG,252,1134,4672783
BRA,BOG,165,54378,229878028
BRA,BOG,2,1974,8657074
BRA,BOG,20,776,3298839
BRA,BOG,1,16019,68066643
BRA,BOG,102,9157,38906393
BRA,BOG,18,5125,21792089
BRA,BOG,2067,25538,108141273
BRA,BOG,720,2673,11300659
BRA,BOG,51,50,209992
BRA,BOG,1323,42744,176132894
BRA,BOG,77280,6970,29429909
BRA,BOG,1,44872,185835034
BRA,BOG,198,541,2285073
BRA,BOG,2814,12295,51976732
BRA,BOG,294,803,3392988
BRA,BOG,3897,15192,64223566
BRA,BOG,4381,14174,59919871
BRA,BOG,1008,1781,7533616
BRA,BOG,1105,4190,16985011
BRA,BOG,8741,58644,237728134
BRA,BOG,5024,28467,121012356
BRA,BOG,24000,2712,11464682
BRA,BOG,9200,1840,7823846
BRA,BOG,160,616,2619287
BRA,BOG,75,351,1492484
BRA,BOG,3630,12410,52203176
BRA,BOG,120,2430,10280382
BRA,BOG,300,10377,44091873
BRA,BOG,40,1729,7022271
BRA,BOG,2,878,3828469
BRA,BOG,3,1345,5861824
BRA,BOG,83,8029,34137990
BRA,BOG,109,6519,27721331
BRA,BOG,1,1577,6875994
BRA,BOG,375,12177,51313428
BRA,BOG,20,1055,4485105
BRA,BOG,60,1296,5384802
BRA,BOG,2500,1740,7633885
BRA,BOG,1107,26508,116281452
BRA,BOG,3,1786,7783709
BRA,BOG,1,124,539563
BRA,BOG,1,50,203042
BRA,BOG,0,2,10173
BRA,BOG,3,374,1587025
BRA,BOG,500,30,131600
BRA,BOG,8,5,18599
BRA,BOG,4,22,92619
BRA,BOG,0,16,68695
BRA,BOG,36,31,135021
BRA,BOG,0,113,480431
BRA,BOG,0,80,337328
BRA,BOG,1,921,3828569
BRA,BOG,99,561,2382329
BRA,BOG,1000,1888,8021347
BRA,BOG,8,2276,9672340
BRA,BOG,0,20,82144
BRA,BOG,2759,47880,202181594
BRA,BOG,337,31254,132122720
BRA,BOG,2,221707,939783565
BRA,BOG,19700,6842,28912857
BRA,BOG,1248,6480,28104742
BRA,BOG,14,56,245653
BRA,BOG,48,128,561492
BRA,BOG,2352,10930,47451224
BRA,BOG,3178,16679,72392855
BRA,BOG,2500,57300,236111526
BRA,BOG,2,101,429251
BRA,BOG,5,31,134232
BRA,BOG,1481,41912,180000572
BRA,BOG,2,578,2382872
BRA,BOG,2,205,901020
BRA,BOG,4000,15240,64754760
BRA,BOG,17950,5770,24398751
BRA,BOG,99,332,1414583
BRA,BOG,1272,5946,25449088
BRA,BOG,180,599,2597974
BRA,BOG,3207,12913,54858084
BRA,BOG,1758,8181,35131176
BRA,BOG,48,212,929972
BRA,BOG,45,147,617974
BRA,BOG,734,435559,1878788764
BRA,BOG,1,12,49993
BRA,BOG,1,112,466935
BRA,BOG,430,282391,1146742251
BRA,BOG,150,483,2044042
BRA,BOG,464,11,45197
BRA,BOG,669,41,175204
BRA,BOG,2,179310,745024161
BRA,BOG,330,1914,8099991
BRA,BOG,4180,3309454,14071482740
BRA,BOG,684540,6848,28005483
BRA,BOG,93,39,161660
BRA,BOG,10,490,2064125
BRA,BOG,0,901,3828181
BRN,BOG,16,750,3189068
BGR,BOG,45000,2700,11422647
CYM,BOG,27,1681,7111655
CAN,BOG,34,94,396318
CAN,BOG,3266,5738,24257821
CAN,BOG,17510,3114,13197659
CAN,BOG,2340,657,2784924
CAN,BOG,600,192,791159
CAN,BOG,7625,3642,15473158
CAN,BOG,2000,1011,4257363
CAN,BOG,499,4882,20117773
CAN,BOG,2885,1342,5666298
CAN,BOG,1160,2476,10468418
CAN,BOG,2705,542,2291855
CAN,BOG,6330,4920,20772363
CAN,BOG,335,122,517044
CAN,BOG,297,1173,4958728
CAN,BOG,2310,23401,102652845
CAN,BOG,1870,17831,78218184
CAN,BOG,40,125,516353
CAN,BOG,812,3065,12692241
CAN,BOG,160,808,3365838
CAN,BOG,1190,4342,17939430
CAN,BOG,474,1335,5576620
CAN,BOG,3042,13235,55181589
CAN,BOG,15,240,1052798
CAN,BOG,450,3159,13857415
CAN,BOG,382,2819,12366126
CAN,BOG,16852,117948,517397554
CAN,BOG,36,798,3374165
CAN,BOG,109,2337,10055169
CAN,BOG,38,807,3459323
CAN,BOG,438,14040,59268651
CAN,BOG,614,16071,68152063
CAN,BOG,1,12,53517
CAN,BOG,12,234,962247
CAN,BOG,259,5138,21761622
CAN,BOG,1140,10191,42912636
CAN,BOG,3811,30767,129618866
CAN,BOG,34,280,1136512
CAN,BOG,7,63,266710
CAN,BOG,1,8,34391
CAN,BOG,29,729,3095947
CAN,BOG,64,1361,5607711
CAN,BOG,6,60,252750
CAN,BOG,10,1360,5778640
CAN,BOG,75,1076,4481269
CAN,BOG,40,149,655499
CAN,BOG,43,1949,7939543
CAN,BOG,10,2800,11897200
CAN,BOG,8,1600,6798400
CAN,BOG,164,2372,9890595
CAN,BOG,27,552,2344020
CAN,BOG,36,601,2532824
CAN,BOG,119,2308,9782206
CAN,BOG,282,7934,33631714
CAN,BOG,41,1034,4381572
CAN,BOG,61,771,3266543
CAN,BOG,294,2579,10455052
CAN,BOG,1809,14241,57730812
CAN,BOG,3,27,115933
CAN,BOG,16,448,1898072
CAN,BOG,444,4497,18229759
CAN,BOG,107,1534,6486204
CAN,BOG,8,150,634513
CAN,BOG,30,461,1870405
CAN,BOG,21,362,1532980
CAN,BOG,17430,2912,12249037
CAN,BOG,8400,2054,8624019
CAN,BOG,80054,18805,77488094
CAN,BOG,1814,5388,22118450
CAN,BOG,160,671,2720235
CAN,BOG,160,550,2230136
CAN,BOG,120,551,2232325
CAN,BOG,164,626,2537735
CAN,BOG,1336,5683,23037478
CAN,BOG,300,11700,49498136
CAN,BOG,162,3895,16478226
CAN,BOG,662,2076,8415322
CAN,BOG,495,8539,37455935
CAN,BOG,10240,3642,15409997
CAN,BOG,325,2662,10968060
CAN,BOG,3430,18672,78181944
CAN,BOG,450,750,3187282
CAN,BOG,5216,10505,44642694
CAN,BOG,9294,17711,75267549
CAN,BOG,2173,7537,30608344
CAN,BOG,2165,3493,14760218
CAN,BOG,306,1121,4550404
CAN,BOG,165,8540,35974750
CAN,BOG,3800,6523,27715377
CAN,BOG,6760,2973,12635280
CAN,BOG,2,100,438666
CAN,BOG,2,6658,28178149
CAN,BOG,2,100,405376
CAN,BOG,10000,1600,6975039
CAN,BOG,32225,8700,36469610
CAN,BOG,2200,330,1381713
CAN,BOG,25684,4339,18205972
CAN,BOG,29368,25068,108110310
CAN,BOG,3400,594,2487000
CAN,BOG,17600,2970,12450446
CAN,BOG,1800,555,2352562
CAN,BOG,1460,1475,6252304
CAN,BOG,25,244,1032269
CAN,BOG,984,240,990927
CAN,BOG,67125,10171,44440973
CAN,BOG,113775,15418,66408608
CAN,BOG,2720,5888,25668147
CAN,BOG,11532,70366,299036496
CAN,BOG,8328,2771,11766152
CAN,BOG,10751,1959,7942532
CAN,BOG,90122,12834,54187443
CAN,BOG,163420,20872,88144854
CAN,BOG,35890,8560,36423747
CAN,BOG,64440,12280,51903871
CAN,BOG,7041,3616,15244343
CAN,BOG,4190,798,3373457
CAN,BOG,270,216,913116
CAN,BOG,840,4572,19428552
CAN,BOG,6000,1820,7499528
CAN,BOG,126,198,833317
CAN,BOG,4000,965,4086696
CAN,BOG,525,388,1645971
CAN,BOG,15,68,284344
CAN,BOG,2,7354,30988861
CAN,BOG,16,95,404799
CAN,BOG,528,2680,11395601
CAN,BOG,3200,576,2429598
CAN,BOG,6,1250,5266536
CAN,BOG,605,3195,13231869
CAN,BOG,15198,4552,18494579
CAN,BOG,20800,3048,13285221
CAN,BOG,48600,7165,31235100
CAN,BOG,510,306,1300194
CAN,BOG,5750,1783,7504234
CAN,BOG,840,144,631679
CAN,BOG,7940,884,3876053
CAN,BOG,120,38,168448
CAN,BOG,58,263,1113708
CAN,BOG,147,966,4080419
CAN,BOG,3065,12909,54613791
CAN,BOG,84,874,3685500
CAN,BOG,523,1994,8388920
CAN,BOG,98,368,1555498
CAN,BOG,1217,4035,17042858
CAN,BOG,3000,555,2253761
CAN,BOG,22910,3983,16254422
CAN,BOG,16,96,404541
CAN,BOG,31312,14983,62424435
CAN,BOG,1700,678,2910672
CAN,BOG,8730,1231,5245416
CAN,BOG,16975,2292,9694698
CAN,BOG,960,163,715903
CAN,BOG,17309,5601,23726555
CAN,BOG,1276,627,2640226
CAN,BOG,14433,7860,33168203
CAN,BOG,125,480,1945805
CAN,BOG,540,1593,6564148
CAN,BOG,25,121,512750
CAN,BOG,47109,224057,943978298
CAN,BOG,688,3933,16648829
CAN,BOG,131,822,3471720
CAN,BOG,2741,10603,43188912
CAN,BOG,2,15,63023
CAN,BOG,149,784,3290899
CAN,BOG,94,796,3360689
CAN,BOG,1429,5332,22532048
CAN,BOG,26,104,421267
CAN,BOG,233,1036,4366018
CAN,BOG,1015,7438,31608264
CAN,BOG,1466,51079,214608228
CAN,BOG,80,1480,6098518
CAN,BOG,370,8610,35478538
CAN,BOG,518,3260,13502097
CAN,BOG,343,1639,6835922
CAN,BOG,126,843,3543834
CAN,BOG,28,118,487032
CAN,BOG,1824,5834,24447458
CAN,BOG,16775,7016,29743939
CAN,BOG,597,2539,10791841
CAN,BOG,6,500,2100600
CAN,BOG,119,2296,9695016
CAN,BOG,4,2368,9999809
CAN,BOG,3,6400,27127792
CAN,BOG,29,118,496453
CAN,BOG,1,25,105765
CAN,BOG,1,350000,1418816000
CAN,BOG,1000,611,2589937
CAN,BOG,40,57,243310
CAN,BOG,400,25,104488
CAN,BOG,163656,43835,184916318
CAN,BOG,113500,16280,69103672
CAN,BOG,7020,1778,7801236
CAN,BOG,564,2088,9161452
CAN,BOG,20175,6886,30207637
CAN,BOG,153707,40570,171609755
CAN,BOG,279720,36670,155865968
CAN,BOG,444585,64224,272802978
CAN,BOG,6800,1146,4799402
CAN,BOG,920,259,1096080
CAN,BOG,34950,9688,42281117
CAN,BOG,900,144,609404
CAN,BOG,700,118,499212
CAN,BOG,8550,1470,6220996
CAN,BOG,13100,2319,9810785
CAN,BOG,1657,390,1712684
CAN,BOG,11100,3027,12810173
CAN,BOG,1600,333,1460012
CAN,BOG,7710,1636,6891839
CAN,BOG,2420,952,4174609
CAN,BOG,2660,2209,9342323
CAN,BOG,20650,3308,13996127
CAN,BOG,425,2428,10309126
CAN,BOG,413,2329,9853556
CAN,BOG,49250,13670,56326815
CAN,BOG,78756,12721,54770880
CAN,BOG,103031,16881,70259668
CAN,BOG,120,155,657745
CAN,BOG,27,62,263863
CAN,BOG,6268,7741,32581967
CAN,BOG,24303,8339,36323947
CAN,BOG,84,354,1491225
CAN,BOG,27,8594,36143527
CAN,BOG,211643,62659,265088254
CAN,BOG,2700,513,2079579
CAN,BOG,2700,270,1137772
CAN,BOG,22076,4087,17407858
CAN,BOG,85500,6015,24383366
CAN,BOG,4200,630,2746422
CAN,BOG,6000,1147,5022955
CAN,BOG,44890,7606,32606932
CAN,BOG,3166,6613,29009684
CAN,BOG,185161,63914,272820432
CAN,BOG,6000,549,2226690
CAN,BOG,342,308,1299559
CAN,BOG,130273,129204,560995341
CAN,BOG,50840,21071,85417223
CAN,BOG,642,4390,18235292
CAN,BOG,9,10010,42316174
CAN,BOG,1,240,1014574
CAN,BOG,1,50,219333
CAN,BOG,376,3265,13397768
CAN,BOG,110,3125,12668000
CAN,BOG,1440,4834,20239588
CAN,BOG,1,41980,176902461
CAN,BOG,1,5432,22882300
CAN,BOG,402,3785,16013874
CAN,BOG,248,794,3481253
CAN,BOG,680,3164,13879392
CAN,BOG,368,1464,6422070
CAN,BOG,312,1670,7327477
CAN,BOG,1500,210,915474
CAN,BOG,400,54,224162
CAN,BOG,32500,4648,20260312
CAN,BOG,2675,643,2648528
CAN,BOG,9000,59670,260125397
CAN,BOG,1500,484,1996440
CAN,BOG,300,81,332534
CAN,BOG,11000,2888,12589947
CAN,BOG,7425,1782,7535088
CAN,BOG,1600,252,1100313
CAN,BOG,97600,15714,68501868
CAN,BOG,546,856,3626760
CAN,BOG,700,1547,6557501
CAN,BOG,300,1065,4514375
CAN,BOG,840,118,496435
CAN,BOG,994,1569,6838155
CAN,BOG,11502,12448,52765205
CAN,BOG,41883,9556,40499096
CAN,BOG,6998,3447,14611316
CAN,BOG,15172,3845,16163672
CAN,BOG,69675,9826,41409982
CAN,BOG,135400,20424,86590662
CAN,BOG,20800,10558,44475617
CAN,BOG,13000,1950,8192984
CAN,BOG,15691,11369,47843317
CAN,BOG,85409,26759,114691955
CAN,BOG,5950,3153,13831358
CAN,BOG,10640,4082,17908101
CAN,BOG,4896,783,3311568
CAN,BOG,32100,4305,17871096
CAN,BOG,3022,8590,36690137
CAN,BOG,454,312,1285633
CAN,BOG,200,50,212486
CAN,BOG,550,38,161404
CAN,BOG,550,40,168204
CAN,BOG,120,17,71395
CAN,BOG,1560,438,1780105
CAN,BOG,500,65,283361
CAN,BOG,3400,442,1926855
CAN,BOG,4582,3616,15237294
CAN,BOG,6,54,227554
CAN,BOG,6584,1652,6940928
CAN,BOG,45560,7042,29731326
CAN,BOG,546000,73878,312395608
CAN,BOG,14249,10962,46138847
CAN,BOG,23285,3350,14127488
CAN,BOG,6500,410,1703525
CAN,BOG,25,31,125967
CAN,BOG,2025,1040,4252661
CAN,BOG,2566,10531,44344127
CAN,BOG,99225,15045,63926545
CAN,BOG,1850,514,2136886
CAN,BOG,38,34,139813
CAN,BOG,1000,230,955636
CAN,BOG,27945,6753,28664874
CAN,BOG,1825,2555,10858009
CAN,BOG,1542,2792,11863490
CAN,BOG,6445,12209,51882797
CAN,BOG,375,795,3378519
CAN,BOG,670,2378,10107935
CAN,BOG,631,1242,5276865
CAN,BOG,33160,4642,19728854
CAN,BOG,6050,1270,5399257
CAN,BOG,2480,1042,4426498
CAN,BOG,11205,5278,22428907
CAN,BOG,2109,1593,6753516
CAN,BOG,379,9396,39828235
CAN,BOG,7490,1198,5069963
CAN,BOG,60765,8993,38092302
CAN,BOG,8820,4527,19069988
CAN,BOG,22080,6631,27553069
CAN,BOG,6898,1147,5032376
CAN,BOG,2340,2123,9022327
CAN,BOG,159998,43443,182049070
CAN,BOG,24500,2372,10399854
CAN,BOG,49750,4176,18159803
CAN,BOG,840,185,773759
CAN,BOG,900,264,1150882
CAN,BOG,43980,6128,26245108
CAN,BOG,1800,450,1973997
CAN,BOG,4880,1511,6372985
CAN,BOG,1497,10065,43033945
CAN,BOG,7166,46493,202067144
CAN,BOG,4084,26362,113409685
CAN,BOG,453,1216,5334179
CAN,BOG,3,1,4387
CAN,BOG,8,19,76049
CAN,BOG,266,756,3123242
CAN,BOG,139679,600489,2530886895
CAN,BOG,15,41,179853
CAN,BOG,2,10,41414
CAN,BOG,7675,46325,194811501
CAN,BOG,1918,8314,36403776
CAN,BOG,16062,68653,289242411
CAN,BOG,12,72,291425
CAN,BOG,1474,5265,22817068
CAN,BOG,4032,18378,78699283
CAN,BOG,7843,47255,201608787
CAN,BOG,2,1,4387
CAN,BOG,15,40,175466
CAN,BOG,1255,5560,23016949
CAN,BOG,1008,10248,42847125
CAN,BOG,13364,49006,210334296
CAN,BOG,2166,9036,38983341
CAN,BOG,63548,256410,1111564067
CAN,BOG,558,5916,24977504
CAN,BOG,476,4888,20749639
CAN,BOG,419,3812,16340961
CAN,BOG,2852,24856,106351095
CAN,BOG,19,1820,7731523
CAN,BOG,12300,3452,15046468
CAN,BOG,179158,24320,106022308
CAN,BOG,6400,943,3918939
CAN,BOG,136632,19071,83138640
CAN,BOG,30800,5234,21750583
CAN,BOG,1018,1797,7833755
CAN,BOG,30800,3942,16380435
CAN,BOG,3671,3850,15916858
CAN,BOG,20180,5131,21198133
CAN,BOG,6932,7109,29430653
CAN,BOG,745005,185070,785513199
CAN,BOG,32245,4192,18273951
CAN,BOG,9303,14215,60405734
CAN,BOG,113900,16820,73326416
CAN,BOG,27835,72650,308653930
CAN,BOG,41039,72358,307176374
CAN,BOG,10449,31445,133561616
CAN,BOG,9677,53224,226184440
CAN,BOG,975,2984,12601211
CAN,BOG,974,2309,9811473
CAN,BOG,335190,49874,211789870
CAN,BOG,799,176,747014
CAN,BOG,313153,752355,3195943199
CAN,BOG,1086,14484,61146011
CAN,BOG,7232,2278,9655083
CAN,BOG,270,1012,4272047
CAN,BOG,201815,51553,216670258
CAN,BOG,436524,60056,254020009
CAN,BOG,863315,116543,494276920
CAN,BOG,3600,2280,9604500
CAN,BOG,19260,3229,13566740
CAN,BOG,167940,37735,158764638
CAN,BOG,57831,54148,227802365
CAN,BOG,391100,29579,128944992
CAN,BOG,238806,49953,208016610
CAN,BOG,17750,1462,6167499
CAN,BOG,269260,25478,106757258
CAN,BOG,312,75,318396
CAN,BOG,780,218,925255
CAN,BOG,124105,19356,81783559
CAN,BOG,150,38,157557
CAN,BOG,59966,64528,270192630
CAN,BOG,9677,56920,242975137
CAN,BOG,77,447,1959082
CAN,BOG,113228,636078,2645452307
CAN,BOG,3442,22958,94118645
CAN,BOG,3321,20095,82582751
CAN,BOG,438,2686,11060267
CAN,BOG,1307,8632,34993840
CAN,BOG,5320,33991,140450188
CAN,BOG,1319,8214,34016339
CAN,BOG,70,595,2610063
CAN,BOG,210,760,3334739
CAN,BOG,322,1037,4547650
CAN,BOG,4403,13708,59710722
CAN,BOG,21532,2871,12200749
CAN,BOG,289,5498,23265763
CAN,BOG,1184,1055752,4565714210
CAN,BOG,1923,6419,27051159
CAN,BOG,2114,5236,22106863
CAN,BOG,3795,15020,63776491
CAN,BOG,5174,20416,86812795
CAN,BOG,450210,8463,35767010
CAN,BOG,72,1905,8002948
COL,BOG,71,1380,5834507
COL,BOG,90,1213,5120635
COL,BOG,344,7317,31034778
COL,BOG,518,9328,39634672
COL,BOG,18,919,3900469
COL,BOG,63,2799,11894311
COL,BOG,31,1159,5086025
COL,BOG,15,195,825313
COL,BOG,50,639,2702613
COL,BOG,100,453,1914204
COL,BOG,110,1622,6857968
COL,BOG,370,2047,8653806
COL,BOG,245,967,4088478
COL,BOG,20,98,412509
COL,BOG,259,1138,4811742
COL,BOG,1710,4519,19101546
COL,BOG,86,1709,7206226
COL,BOG,141,3458,14600832
COL,BOG,42,737,3115324
COL,BOG,257,9206,38931102
COL,BOG,11,287,1214276
COL,BOG,23,100,415660
COL,BOG,250,4688,19760308
COL,BOG,398,5343,22497259
COL,BOG,53,486,2039326
COL,BOG,639,17017,71635690
COL,BOG,353,6770,28560266
COL,BOG,394,8856,37436444
COL,BOG,30,219,928441
COL,BOG,10,487,2059419
COL,BOG,258,3264,13728589
COL,BOG,25,174,735492
COL,BOG,9,237,1002189
COL,BOG,69,2732,11546484
COL,BOG,171,2275,9537609
COL,BOG,14,63,259808
COL,BOG,12,58,245164
COL,BOG,66,448,1882642
COL,BOG,45,1177,5014876
COL,BOG,118,1000,4184307
COL,BOG,3966,10650,44996760
COL,BOG,14,63,259808
COL,BOG,5,241,1021523
COL,BOG,54,957,3974948
COL,BOG,18,1038,4401212
COL,BOG,1,84,341327
COL,BOG,18,253,1027263
COL,BOG,17,758,3074412
COL,BOG,116,5850,24449047
COL,BOG,35,1100,4614773
COL,BOG,18,284,1202678
COL,BOG,6,1432,5949459
COL,BOG,105,2922,12307106
COL,BOG,2,28,113140
COL,BOG,16,263,1111466
COL,BOG,15,489,1981154
COL,BOG,5,49,199404
COL,BOG,6,113,476028
COL,BOG,3,251,1065139
COL,BOG,1,14,55091
COL,BOG,34,426,1801545
COL,BOG,373,11378,48091650
COL,BOG,139,1389,5928220
COL,BOG,220,1063,4416577
COL,BOG,89,1696,7178157
COL,BOG,424,10692,45101059
COL,BOG,223,14278,59712370
COL,BOG,564,4142,17330482
COL,BOG,2,127,512922
COL,BOG,1,13,51037
COL,BOG,449,10032,42394374
COL,BOG,88,869,3674666
COL,BOG,42,2593,10819113
COL,BOG,1,29,118937
COL,BOG,50,1522,6379337
COL,BOG,11,138,582873
COL,BOG,16,260,1095366
COL,BOG,564,3222,13715474
COL,BOG,4,113,456453
COL,BOG,45,2613,10900402
COL,BOG,679,16794,71062032
COL,BOG,26,290,1220890
COL,BOG,2008,24781,104556639
COL,BOG,894,18102,75672195
COL,BOG,424,3291,13987978
COL,BOG,105,6855,29000705
COL,BOG,179,4930,20857965
COL,BOG,25,636,2661701
COL,BOG,1052,16257,68201485
COL,BOG,2,35,147210
COL,BOG,106,1854,7789144
COL,BOG,5,89,375308
COL,BOG,70,582,2471151
COL,BOG,66,2224,9429577
COL,BOG,1163,24114,102056880
COL,BOG,29,470,1972118
COL,BOG,571,12542,53144200
COL,BOG,119,2908,12416490
COL,BOG,18,328,1389051
COL,BOG,133,1311,5583127
COL,BOG,26,334,1411416
COL,BOG,643,8157,34752793
COL,BOG,2,6,23593
COL,BOG,6,31,129883
COL,BOG,90,624,2592683
COL,BOG,90,396,1645356
COL,BOG,90,10597,44029276
COL,BOG,270,3974,16511732
COL,BOG,90,1386,5758747
COL,BOG,180,660,2742260
COL,BOG,90,528,2193808
COL,BOG,58,2262,9588448
COL,BOG,539,10038,41238606
COL,BOG,1144,21524,87251509
COL,BOG,195,2196,8901773
COL,BOG,114,3869,15684200
COL,BOG,37,473,1920529
COL,BOG,65,1083,4606502
COL,BOG,407,7533,31432975
COL,BOG,725,6475,27475236
COL,BOG,116,1062,4509671
COL,BOG,7,229,968125
COL,BOG,36,186,789339
COL,BOG,143,3984,17476059
COL,BOG,333,3501,14217006
COL,BOG,72,820,3330490
COL,BOG,5,176,716412
COL,BOG,14,121,491685
COL,BOG,653,10454,45857705
COL,BOG,1719,29398,128959689
COG,BOG,28,6500,27498964
KOR,BOG,28290,19732,82817282
KOR,BOG,303,2700,11843982
KOR,BOG,29820,18476,78265976
KOR,BOG,1607,15717,66529937
KOR,BOG,820,95,399370
KOR,BOG,1110,763,3345706
KOR,BOG,24400,17892,75706730
KOR,BOG,95,1125,4904325
KOR,BOG,1140,25928,110248190
KOR,BOG,60,1,2550
KOR,BOG,55590,36992,156769907
KOR,BOG,6680,4079,17269655
KOR,BOG,60,1,2550
KOR,BOG,482,16277,67409269
KOR,BOG,7,226,937247
KOR,BOG,55,2105,8718746
KOR,BOG,86,3597,14895481
KOR,BOG,27,806,3339732
KOR,BOG,1,10,41331
KOR,BOG,13,261,1081907
KOR,BOG,15,462,1915204
KOR,BOG,32,1012,4191376
KOR,BOG,1,9,35409
KOR,BOG,1,1,4141
KOR,BOG,22,572,2430834
KOR,BOG,7320,2870,12590592
KOR,BOG,1800,288,1205859
KOR,BOG,162600,29211,125074957
KOR,BOG,20920,9237,38935839
KOR,BOG,95,1188,4920019
KOR,BOG,36300,12664,55096736
KOR,BOG,35200,5987,24322288
KOR,BOG,102700,19771,83685027
KOR,BOG,33465,13873,59048830
KOR,BOG,18000,3024,12738600
KOR,BOG,87300,16509,69648137
KOR,BOG,9220,1930,8130125
KOR,BOG,480,408,1718700
KOR,BOG,7620,3272,14350958
KOR,BOG,27300,5187,22612208
KOR,BOG,5980,1380,6055345
KOR,BOG,9650,3840,15901020
KOR,BOG,17100,3249,13455506
KOR,BOG,8960,2851,11808045
KOR,BOG,120,624,2584252
KOR,BOG,11622,5819,24668671
KOR,BOG,13600,5288,21436283
KOR,BOG,7800,1560,6571500
KOR,BOG,1050,16865,73982776
KOR,BOG,28,90,393045
KOR,BOG,620,68,286747
KOR,BOG,1,1000,4386660
KOR,BOG,45640,19625,86060277
KOR,BOG,33900,6441,28078895
KOR,BOG,53700,10203,44478958
KOR,BOG,4520,1124,4930606
KOR,BOG,10040,4802,20315389
KOR,BOG,1100,7656,32531406
KOR,BOG,9450,3419,14895060
KOR,BOG,55200,10707,45428942
KOR,BOG,15696,6076,25817386
KOR,BOG,96600,17556,74655076
KOR,BOG,440,92,405327
KOR,BOG,3930,2262,9528801
KOR,BOG,60,1,2550
KOR,BOG,8,8,33405
KOR,BOG,970,970,4082394
KOR,BOG,76,76,323366
KOR,BOG,8,8,34875
KOR,BOG,283,283,1191264
KOR,BOG,526,526,2212917
KOR,BOG,1,1,4061
KOR,BOG,49850,19803,82189110
KOR,BOG,228600,43320,179406748
KOR,BOG,800,290,1232210
KOR,BOG,4500,852,3620148
KOR,BOG,400,136,596586
KOR,BOG,700,133,539150
KOR,BOG,8400,1656,7013519
KOR,BOG,600,120,526399
KOR,BOG,300,5031,20903503
KOR,BOG,5400,826,3355058
KOR,BOG,83900,12999,53768879
KOR,BOG,600,179,753458
KOR,BOG,31245,7499,31667949
KOR,BOG,5830,937,3979051
KOR,BOG,329516,53813,228053894
KOR,BOG,126,222,936135
KOR,BOG,16470,2943,12602478
KOR,BOG,1100,308,1300188
KOR,BOG,131345,30601,129585517
KOR,BOG,20300,3634,15351007
KOR,BOG,72600,12957,54495336
KOR,BOG,3968,816,3454276
KOR,BOG,4630,1337,5661899
KOR,BOG,400,96,395580
KOR,BOG,186,2410,10122478
KOR,BOG,300,3,12696
KOR,BOG,600,6,25360
KOR,BOG,15600,2387,9835096
KOR,BOG,33150,8277,34946835
KOR,BOG,8280,1508,6383610
KOR,BOG,253260,41022,173724916
KOR,BOG,3000,510,2155448
KOR,BOG,52435,20267,84432620
KOR,BOG,4080,734,3113011
KOR,BOG,29020,5224,21875902
KOR,BOG,170,2,7223
KOR,BOG,400,4,16955
KOR,BOG,4,2,9475
KOR,BOG,1500,20388,84011201
KOR,BOG,26180,6545,27630170
KOR,BOG,8540,1617,6853698
KOR,BOG,497175,91038,385143676
KOR,BOG,360,155,653580
KOR,BOG,104175,22388,94684726
KOR,BOG,18465,3363,14197154
KOR,BOG,12150,2066,8731674
KOR,BOG,1100,264,1121736
KOR,BOG,90500,17045,72110747
KOR,BOG,2240,742,3084627
KOR,BOG,24300,5386,22735999
KOR,BOG,23380,4081,17227493
KOR,BOG,19040,3427,14564606
KOR,BOG,200,2,8504
KOR,BOG,300,3,12756
KOR,BOG,500,9038,38308692
KOR,BOG,840,4833,19916687
KOR,BOG,78,4506,18989582
CIV,BOG,2,34,146421
CIV,BOG,1,163,691950
CIV,BOG,1,1931,7997930
CIV,BOG,1,596,2534104
CIV,BOG,1,702,2984200
CIV,BOG,1,28,120629
CIV,BOG,2,3,11047
CIV,BOG,2,154,653964
CIV,BOG,2,999,4243731
CIV,BOG,1,210,893820
CRI,BOG,2724,4960,20337752
CRI,BOG,356,667,2740801
CRI,BOG,140,296,1201194
CRI,BOG,266,1955,8287376
CRI,BOG,796,6777,28726008
CRI,BOG,224,1734,7349149
CRI,BOG,3913,26418,111983126
CRI,BOG,94,654,2773225
CRI,BOG,1242,10837,45936926
CRI,BOG,216,1670,7077523
CRI,BOG,2,44,181307
CRI,BOG,28,589,2465470
CRI,BOG,3,94,385690
CRI,BOG,9,141,581007
CRI,BOG,25,161,663420
CRI,BOG,18,304,1252668
CRI,BOG,6,123,500457
CRI,BOG,350,156,635520
CRI,BOG,12,279,1186236
CRI,BOG,11,347,1471594
CRI,BOG,29,1412,6001191
CRI,BOG,1,14,61194
CRI,BOG,7,103,453186
CRI,BOG,258,3912,17136758
CRI,BOG,2,174,718636
CRI,BOG,183,2708,11880918
CRI,BOG,844,10537,45364217
CRI,BOG,19,205,863706
CRI,BOG,855,8149,35745708
CRI,BOG,17,179,753232
CRI,BOG,2,12,51500
CRI,BOG,42,264,1103696
CRI,BOG,13,79,321212
CRI,BOG,54,462,1876306
CRI,BOG,7,149,604698
CRI,BOG,6723,45284,192412311
CRI,BOG,55,1969,8351954
CRI,BOG,2,18,76622
CRI,BOG,324,10359,42292068
CRI,BOG,238,2134,8992223
CRI,BOG,13935,23426,97015358
CRI,BOG,4,44,178677
CRI,BOG,42,1258,5108402
CRI,BOG,39,1465,5949035
CRI,BOG,60,2856,11768491
CRI,BOG,2,174,718636
CRI,BOG,27,1498,6083651
CRI,BOG,27,1009,4098596
CRI,BOG,78,2844,11714064
CRI,BOG,4049,68035,298372762
CRI,BOG,271,6993,29408831
CRI,BOG,49,1415,5745587
CRI,BOG,3141,32182,137005301
CRI,BOG,1764,17972,77641298
CRI,BOG,28,1038,4213720
CRI,BOG,2,125,514253
CRI,BOG,28,1129,4650532
CRI,BOG,15,290,1179265
CRI,BOG,55,1544,6269759
CRI,BOG,10,213,864713
CRI,BOG,15,671,2765760
CRI,BOG,30,1273,5170574
CRI,BOG,158,4853,19998605
CRI,BOG,62,2632,10687536
CRI,BOG,77,1312,5327240
CRI,BOG,11,595,2452593
CRI,BOG,2,16,64973
CRI,BOG,7,111,457389
CRI,BOG,13,398,1616698
CRI,BOG,9,241,978741
CRI,BOG,6,154,625896
CRI,BOG,23,389,1578445
CRI,BOG,93,2563,11243010
CRI,BOG,4000,4151,16827158
CRI,BOG,1,0,203
CRI,BOG,13543,44450,188867710
CRI,BOG,1517,3440,14478416
CRI,BOG,7346,18450,75857749
CRI,BOG,16,36,147408
CRI,BOG,593,1827,7458880
CRI,BOG,45,137,578849
CRI,BOG,2112,5128,21122432
CRI,BOG,6,15,61305
CRI,BOG,28,79,321374
CRI,BOG,64,172,711243
CRI,BOG,663,1929,8032425
CRI,BOG,169,480,1959342
CRI,BOG,353,963,4002009
CRI,BOG,57,193,815834
CRI,BOG,302,1449,5997303
CRI,BOG,297,5715,23861544
CRI,BOG,62,574,2361251
CRI,BOG,668,6214,25834177
CRI,BOG,353,4807,19921285
CRI,BOG,1191,14836,61403874
CRI,BOG,8437,14655,60637188
CRI,BOG,7469,13949,57659851
CRI,BOG,256,1096,4550290
CRI,BOG,588,1876,7793338
CRI,BOG,3635,7498,31136477
CRI,BOG,36,60,250600
CRI,BOG,339,319,1323602
CRI,BOG,3008,19876,82515488
CRI,BOG,1484,10711,44628429
CRI,BOG,1201,9346,38543333
CRI,BOG,599,7495,30436043
CRI,BOG,151,171,705291
CRI,BOG,180,1068,4477213
CRI,BOG,187,804,3263608
CRI,BOG,902,2534,10509009
CRI,BOG,4505,1667,6757010
CRI,BOG,50,83,349613
CRI,BOG,5708,13346,55253293
CRI,BOG,1568,4496,18572030
CRI,BOG,1382,4531,18860428
CRI,BOG,783,2658,11009674
CRI,BOG,464,22504,94224473
CRI,BOG,9000,24780,104623390
CRI,BOG,70120,17468,73252750
CRI,BOG,37,3036,13317900
CRI,BOG,260,517,2269658
CRI,BOG,10,0,1246
CRI,BOG,10,18,74789
CRI,BOG,145,2636,10706135
CRI,BOG,272,320,1374619
CRI,BOG,10,4,14958
CRI,BOG,10,75,311620
CRI,BOG,446,6693,29359915
CRI,BOG,100000,2650,11624649
CRI,BOG,240,180,751648
CRI,BOG,785,2313,10044608
CRI,BOG,5,5,21194
CRI,BOG,37,28,119288
CRI,BOG,1159,18385,77721622
CRI,BOG,7,3,11869
CRI,BOG,83,95,402743
CRI,BOG,1615,21263,89885979
CRI,BOG,326,936,4018342
CRI,BOG,90,200,871879
CRI,BOG,3700,21275,86243744
CRI,BOG,129,381,1668804
CRI,BOG,66,4350,18389146
CRI,BOG,84,264,1115777
CRI,BOG,457,1211,5113035
CRI,BOG,537,1113,4697424
CRI,BOG,375,964,4068124
CRI,BOG,54,108,455859
CRI,BOG,1387,2843,11577583
CRI,BOG,4,26,111698
CRI,BOG,159,5,20775
CRI,BOG,162,303,1268571
CRI,BOG,8,19,79409
CRI,BOG,37,86,350247
CRI,BOG,660,1752,7395237
CRI,BOG,6,22,91013
CRI,BOG,23,256,1080686
CRI,BOG,115,816,3408233
CRI,BOG,594,4295,17835202
CRI,BOG,281,2523,10496566
CRI,BOG,20,29,126614
CRI,BOG,254,632,2711796
CRI,BOG,27,30,128513
CRI,BOG,56,303,1330737
CRI,BOG,300,216,910760
CRI,BOG,180,293,1257376
CRI,BOG,4,4,18615
CRI,BOG,219,498,2140725
CRI,BOG,267,557,2402025
CRI,BOG,77,123,540744
CRI,BOG,535,1914,8111257
CRI,BOG,45,180,762410
CRI,BOG,2154,4716,19568442
CRI,BOG,1,1,2543
CRI,BOG,245,795,3448439
CRI,BOG,10,8,31721
CRI,BOG,650,309,1306835
CRI,BOG,1,1,3384
CRI,BOG,48,92,403222
CRI,BOG,78,28,119804
CRI,BOG,53,71,299257
CRI,BOG,21,48,211218
CRI,BOG,478,381,1612709
CRI,BOG,118,95,397215
CRI,BOG,71,59,247968
CRI,BOG,67,75,316873
CRI,BOG,79,57,238451
CRI,BOG,448,290,1208901
CRI,BOG,29,14,61344
CRI,BOG,200,40,169224
CRI,BOG,827,6181,25480116
CRI,BOG,1713,8668,35715886
CRI,BOG,433,664,2832891
CRI,BOG,3,1,3739
CRI,BOG,42,56,244576
CRI,BOG,3,5,22845
CRI,BOG,70,150,652989
CRI,BOG,500,530,2293914
CRI,BOG,557,750,3163071
CRI,BOG,355,1279,5498683
CRI,BOG,6,26,108898
CRI,BOG,500,25,103874
CRI,BOG,306,315,1359832
CRI,BOG,94,47,195282
CRI,BOG,22,65,284036
CRI,BOG,3633,76066,322296163
CRI,BOG,100,20,83099
CRI,BOG,11,78,319760
CRI,BOG,6,25,104417
CRI,BOG,1,80,338558
CRI,BOG,1,5,20775
CRI,BOG,1,1,4231
CRI,BOG,1,1,5500
CRI,BOG,2,2,10153
CRI,BOG,1605,4542,18811162
CRI,BOG,5,21,91418
CRI,BOG,24,165,695997
CRI,BOG,19,1,4654
CRI,BOG,5,4,19038
CRI,BOG,784,2002,8783409
CRI,BOG,8,37,159836
CRI,BOG,4,6,25384
CRI,BOG,114,442,1867154
CRI,BOG,340,272,1130144
CRI,BOG,22,53,232405
CRI,BOG,1,1,4570
CRI,BOG,106,621,2629510
CRI,BOG,72,287,1214445
CRI,BOG,42,57,250040
CRI,BOG,1,1,3815
CRI,BOG,50,10,42388
CRI,BOG,1179,3017,12736989
CRI,BOG,1616,4339,18316949
CRI,BOG,7,16,68978
CRI,BOG,22,70,294442
CRI,BOG,877,2083,8793577
CRI,BOG,83,210,885816
CRI,BOG,947,3580,15112576
CRI,BOG,8,21,90633
CRI,BOG,43,118,499517
CRI,BOG,62,283,1193514
CRI,BOG,121,2101,8869056
CRI,BOG,68,732,3090902
CRI,BOG,112,1048,4425874
CRI,BOG,99,1784,7532733
CRI,BOG,967,11240,47446819
CRI,BOG,505,24492,103392395
CRI,BOG,346,226,990946
CRI,BOG,50,154,676511
CRI,BOG,151,254,1113554
CRI,BOG,18,33,145681
CRI,BOG,6,12,52903
CRI,BOG,151,424,1862093
CRI,BOG,68,132,577723
CRI,BOG,98,113,497667
CRI,BOG,96,423,1853671
CRI,BOG,121,201,880885
CRI,BOG,61,82,360145
CRI,BOG,102,203,892422
CRI,BOG,1051,4296,17767624
CRI,BOG,8,98,405139
CRI,BOG,38,40,174501
CRI,BOG,534,5609,23111404
CRI,BOG,111,1397,5755929
CRI,BOG,21,339,1398374
CRI,BOG,70,180,776981
CRI,BOG,300,480,2031346
CRI,BOG,166,3877,17006730
CRI,BOG,23,26,112035
CRI,BOG,12,23,100016
CRI,BOG,163,5056,20940478
CRI,BOG,34,67,295442
CRI,BOG,5,1915,7890987
CRI,BOG,30,248,1006274
CRI,BOG,28,297,1207528
CRI,BOG,80,850,3450081
CRI,BOG,100,826,3354246
CRI,BOG,20,47,191671
CRI,BOG,150,5516,22397508
CRI,BOG,9,21,86252
CRI,BOG,1,222,903129
CRI,BOG,25,366,1486995
CRI,BOG,2,43,175428
CRI,BOG,12,73,297740
CRI,BOG,86,550,2329276
CRI,BOG,78,799,3380159
CRI,BOG,32,74,311473
CRI,BOG,221,1980,8379978
CRI,BOG,117,1198,5070239
CRI,BOG,12,46,195009
CRI,BOG,2790,20083,84988961
CRI,BOG,65000,2022,8495494
CRI,BOG,27,1458,6356005
CRI,BOG,105,246,1039304
CRI,BOG,119,182,771372
CRI,BOG,98,181,766764
CRI,BOG,28,49,207607
CRI,BOG,1,1,4312
CRI,BOG,4,120,521384
CRI,BOG,165,387,1637437
CRI,BOG,116,404,1709345
CRI,BOG,28,92,387990
CRI,BOG,22,564,2384248
CRI,BOG,121,183,775388
CRI,BOG,111,2034,8868763
CRI,BOG,202,332,1403028
CRI,BOG,11,26,110462
CRI,BOG,207,722,3053232
CRI,BOG,58,60,254024
CRI,BOG,144,766,3236490
CRI,BOG,44,2646,11534972
CRI,BOG,111,247,1044926
CRI,BOG,11,32,135319
CRI,BOG,40,1050,4577370
CRI,BOG,204,496,2095729
CRI,BOG,13,25,104417
CRI,BOG,26,351,1530149
CRI,BOG,27,115,488052
CRI,BOG,76,2026,8564734
CRI,BOG,19,93,392006
CRI,BOG,5,5,21560
CRI,BOG,3240,1296,5484633
CRI,BOG,2760,1104,4672095
CRI,BOG,250,25,106243
CRI,BOG,10200,2356,9898805
CRI,BOG,275,811,3287721
CRI,BOG,6883,18290,74143635
CRI,BOG,2951,6500,26349562
CRI,BOG,640,2168,8790416
CRI,BOG,111,310,1256706
CRI,BOG,123,341,1383994
CRI,BOG,77,379,1538240
CRI,BOG,48,928,3763511
CRI,BOG,72,688,2790811
CRI,BOG,187,1793,7269081
CRI,BOG,603,7703,31225262
CRI,BOG,111000,3183,13373470
CRI,BOG,27,608,2564920
CRI,BOG,423,5501,23224873
CRI,BOG,153,1394,5884876
CRI,BOG,69,1477,6234338
CRI,BOG,480,4090,17266659
CRI,BOG,351,2245,9478803
CRI,BOG,453,4405,18624854
CRI,BOG,623,20168,85318373
CRI,BOG,73,10574,44715787
CRI,BOG,361,36401,153907785
CRI,BOG,156,9870,41769544
CRI,BOG,757,30485,128938768
CRI,BOG,181,3907,16541805
CRI,BOG,43,4066,17204750
CRI,BOG,325,497,2014759
CRI,BOG,36,252,1063967
CRI,BOG,100,1512,6383800
CRI,BOG,211,1263,5540045
CRI,BOG,672,3412,14418785
CRI,BOG,1554,8108,34420646
CRI,BOG,1105,3178,13473785
CRI,BOG,3078,6606,27776069
CRI,BOG,1459,2976,12537997
CRI,BOG,30912,85213,359823255
CRI,BOG,1101,2967,12544025
CRI,BOG,3997,24726,104692946
CRI,BOG,953,3838,16080210
CRI,BOG,214,2609,11443304
CRI,BOG,462,6847,29338011
CRI,BOG,863,10375,44947361
CRI,BOG,445,7227,31106107
CRI,BOG,22896,252159,1050687413
CRI,BOG,425,2529,10695999
CRI,BOG,111,1769,7470313
CRI,BOG,632,5453,22525232
CRI,BOG,226,1503,6474277
CRI,BOG,15496,159025,660221692
CRI,BOG,133,783,3307459
CRI,BOG,110,738,3237794
CRI,BOG,59,424,1858277
CRI,BOG,440,4083,17069141
CRI,BOG,868,6779,28533879
CRI,BOG,1116,3949,16916899
CRI,BOG,11,3302,13909675
CRI,BOG,138397,6789,28600010
CRI,BOG,10200,2969,12508260
CRI,BOG,396,2444,10383366
CRI,BOG,14440,9139,38830719
CRI,BOG,18078,10548,44819004
CRI,BOG,405,273,1158447
CRI,BOG,3471,10320,43882037
CRI,BOG,2256,10573,44924295
CRI,BOG,5407,2645,11210910
CRI,BOG,510,7454,30215714
CRI,BOG,1520,5103,20685567
CRI,BOG,208,1055,4460066
CRI,BOG,57,848,3599257
CRI,BOG,198,2670,11301715
CRI,BOG,10,160,648312
CRI,BOG,850,62340,263821906
CRI,BOG,214,3068,12979935
CRI,BOG,77,1319,5581968
CRI,BOG,8,833,3527287
CRI,BOG,45,4165,17619743
CRI,BOG,301,5490,23227064
CRI,BOG,1208,6640,28100281
CRI,BOG,2190,397196,1652464041
CRI,BOG,382,10432,44134570
CRI,BOG,12,585,2475702
CRI,BOG,13,1658,7029031
CRI,BOG,7,223,947129
CRI,BOG,125,962,3995390
CRI,BOG,25,572,2510135
CRI,BOG,300,3356,14719569
CRI,BOG,546,8620,36238469
CRI,BOG,16,171,692399
CRI,BOG,535,6183,25062979
CRI,BOG,38,1229,4980612
CRI,BOG,251,5285,21431367
CRI,BOG,11,62,251568
CRI,BOG,123,872,3542465
CRI,BOG,6,448,1897309
CRI,BOG,331,7485,31725885
CRI,BOG,67,2035,8550114
CRI,BOG,342,7312,30130756
CRI,BOG,5639,14132,57289479
CRI,BOG,2000,940,3994060
CRI,BOG,45,1506,6336780
CRI,BOG,621,68149,287681565
CRI,BOG,1416,2682,11007026
CRI,BOG,1683,12784,54185503
CRI,BOG,50,304,1289572
CRI,BOG,174,6206,27223612
CRI,BOG,490,3974,16551788
CRI,BOG,700,1232,5002943
CRI,BOG,2781,3884,16523272
CRI,BOG,2201,649,2735245
CRI,BOG,200,230,977270
CRI,BOG,7,28,122519
CRI,BOG,23,1910,8116015
CRI,BOG,359,4746,20165287
CRI,BOG,4,0,244
CRI,BOG,1008,38,159658
CRI,BOG,125,1,5076
CRI,BOG,5,5,22372
CRI,BOG,60,309,1356531
CRI,BOG,85,213,869768
CRI,BOG,55,146,591403
CRI,BOG,300,681,2759597
CRI,BOG,69,442,1793343
CRI,BOG,30284,4100,17270450
CRI,BOG,129,241,977402
CRI,BOG,754,3133,12698687
CRI,BOG,1,145,588292
CRI,BOG,52,644,2612243
CRI,BOG,26,2691,11753080
CRI,BOG,1,22,97472
CRI,BOG,139,2654,11287173
CRI,BOG,2,4,16162
CRI,BOG,70,1686,7019040
CRI,BOG,57,429,1879730
CRI,BOG,182,3080,13132583
CRI,BOG,166,3321,14223654
CRI,BOG,2,2,9421
CRI,BOG,42,899,3725506
CRI,BOG,7,8,35421
CRI,BOG,77,901,3888778
CRI,BOG,149,364,1562658
CRI,BOG,624,9977,42788039
CRI,BOG,9,72,291649
CRI,BOG,2577,26104,113277924
CRI,BOG,126,1937,8228783
CRI,BOG,844,9325,40907622
CRI,BOG,1,1,4142
CRI,BOG,444,7334,30677628
CRI,BOG,27,142,620382
CRI,BOG,624,1913,8136289
CRI,BOG,42,633,2690254
CRI,BOG,437,3827,16719979
CRI,BOG,117,836,3669353
CRI,BOG,976,4794,20636550
CRI,BOG,113,1241,5274794
CRI,BOG,12,84,367953
CRI,BOG,15,242,1030298
CRI,BOG,36,588,2577382
CRI,BOG,240,768,3118717
CRI,BOG,66,238,1010880
CRI,BOG,36,113,481879
CRI,BOG,48,173,735162
CRI,BOG,180,687,2952294
CRI,BOG,106,222,899636
CRI,BOG,20,768,3368955
CRI,BOG,113,15426,65545032
CRI,BOG,149,9892,42031958
CRI,BOG,42,2809,11936503
CRI,BOG,518,12568,54410973
CRI,BOG,283,5865,25471502
CRI,BOG,14,641,2722079
CRI,BOG,444,10597,45027673
CRI,BOG,354,7957,33811120
CRI,BOG,163,3673,15605940
CRI,BOG,70,994,4036059
CRI,BOG,2923,23453,102879898
CRI,BOG,63,805,3270389
CRI,BOG,1609,32532,138228298
CRI,BOG,2169,18801,82317185
CRI,BOG,28,763,3242242
CRI,BOG,28,161,682304
CRI,BOG,28,161,682304
CRI,BOG,48,592,2514431
CRI,BOG,4500,9929,43556288
CRI,BOG,18,665,2824863
CRI,BOG,579,4791,21015786
CRI,BOG,73,807,3328183
CRI,BOG,1,12,51850
CRI,BOG,13,73,319788
CRI,BOG,108,209,889613
CRI,BOG,8,80,340472
CRI,BOG,83,595,2527050
CRI,BOG,4,37,157383
CRI,BOG,1320,11676,48112359
CRI,BOG,102,1190,5221617
CRI,BOG,300,400,1743759
CRI,BOG,4,40,162271
CRI,BOG,11,440,1869560
CRI,BOG,32,1058,4497566
CRI,BOG,179,7177,30494606
CRI,BOG,3124,30254,126379978
CRI,BOG,81,1296,5685111
CRI,BOG,55,340,1450053
CRI,BOG,300,657,2791593
CRI,BOG,2,1024,4491764
CRI,BOG,2,2280,9672626
CRI,BOG,1805,5433,22387534
CRI,BOG,3,689,2796003
CRI,BOG,61,268,1137840
CRI,BOG,678,2414,10052732
CRI,BOG,227,1580,6929168
CRI,BOG,11,6382,27008433
CRI,BOG,1,328,1388086
CRI,BOG,100,4233,17189493
CRI,BOG,615,1153,4682096
CRI,BOG,2,1300,5356806
CRI,BOG,1,90,365434
CRI,BOG,2,1910,8062855
CRI,BOG,36,4693,20586595
CRI,BOG,97,19297,84651045
CRI,BOG,1,640,2712864
CRI,BOG,22,1345,5899005
CRI,BOG,1,667,2925902
CRI,BOG,23,2618,11484100
CRI,BOG,18,341,1443583
CRI,BOG,10,50,201011
CRI,BOG,51,420,1842441
CRI,BOG,22862,26500,108240847
CRI,BOG,374,9470,39185640
CRI,BOG,126,392,1708256
CRI,BOG,100,1005,4081134
CRI,BOG,13,130,552219
CRI,BOG,5,1637,7180962
CRI,BOG,2,1524,6685270
CRI,BOG,1,13,52750
CRI,BOG,5,384,1684434
CRI,BOG,13,1869,8197308
CRI,BOG,40,63,257051
CRI,BOG,12,2982,13082073
CRI,BOG,2000,1344,5646856
CRI,BOG,27,0,1096
CRI,BOG,71,597,2528686
CRI,BOG,23,1941,8513367
CRI,BOG,49,161,707568
CRI,BOG,1,115,505299
CRI,BOG,2805,642,2721408
CRI,BOG,155,56,229931
CRI,BOG,128,47,194478
CRI,BOG,37,840,3552656
CRI,BOG,15,1671,7062489
CRI,BOG,33,3781,15984818
CRI,BOG,9,421,1780619
CRI,BOG,1750,13798,60153181
CRI,BOG,200,1000,4154939
CRI,BOG,35821,8144,34138742
CRI,BOG,5,5,19817
CRI,BOG,10,118,515871
CRI,BOG,15,51,208442
CRI,BOG,762,5264,22329336
CRI,BOG,114,1666,6876641
CRI,BOG,309,5206,21745819
CRI,BOG,64,560,2272034
CRI,BOG,2275,2352,9552412
CRI,BOG,250,1772,7775355
CRI,BOG,72,253,1108070
CRI,BOG,65,285,1157905
CRI,BOG,8,16,65664
CRI,BOG,8,246,1078022
CRI,BOG,3,38,167658
CRI,BOG,97,1637,6956830
CRI,BOG,113,3369,13874274
CRI,BOG,39,574,2417503
CRI,BOG,11,249,1069667
CRI,BOG,878,13785,58060861
CRI,BOG,222,2843,12151651
CRI,BOG,410,916,3837604
CRI,BOG,56,509,2169135
CRI,BOG,142,1530,6213841
CRI,BOG,2,26,105054
CRI,BOG,500,385,1563420
CRI,BOG,84,824,3614388
CRI,BOG,3,37,162394
CRI,BOG,14,99,422071
CRI,BOG,5453,64638,275135867
CRI,BOG,370,159,697918
CRI,BOG,1081,522,2251802
CRI,BOG,4,3794,16640839
CRI,BOG,2,1260,5115103
CRI,BOG,42,168,737266
CRI,BOG,10,24,99084
CRI,BOG,9,19,83303
CRI,BOG,5,111,450346
CRI,BOG,1811,11820,51848128
CRI,BOG,40,44,191258
CRI,BOG,80,405,1719433
CRI,BOG,20,1129,4584677
CRI,BOG,48,58,252672
CRI,BOG,100,360,1579198
CRI,BOG,72,77,324664
CRI,BOG,12,14,60874
CRI,BOG,384,61,261059
CRI,BOG,140,169,719827
CRI,BOG,48,110,466704
CRI,BOG,12,16,65947
CRI,BOG,122,137,589505
CRI,BOG,252,260,1102828
CRI,BOG,87,130,555258
CRI,BOG,149,2489,10109152
CRI,BOG,62,1143,4639823
CRI,BOG,15,28,115734
CRI,BOG,162,1792,7596019
CRI,BOG,92,651,2759491
CRI,BOG,22,284,1201714
CRI,BOG,35,291,1181092
CRI,BOG,208,2221,9020890
CRI,BOG,73,780,3165986
CRI,BOG,62,515,2092221
CRI,BOG,100,237,962417
CRI,BOG,91,288,1168829
CRI,BOG,1,214,867312
CRI,BOG,677,7625,32237546
CRI,BOG,274,480,1949198
CRI,BOG,62,570,2316135
CRI,BOG,270,1910,7755008
CRI,BOG,447,3212,13328637
CRI,BOG,336,870,3669782
CRI,BOG,1,71,287872
CRI,BOG,18,107,436377
CRI,BOG,35,215,909450
CRI,BOG,101,24,98435
CRI,BOG,8,47,191996
CRI,BOG,42,261,1080403
CRI,BOG,5,6,23959
CRI,BOG,104,93,375870
CRI,BOG,1518,16564,68167627
CRI,BOG,231,2802,11376618
CRI,BOG,217,1617,6572259
CRI,BOG,1994,5039,20479125
CRI,BOG,4,5,22853
CRI,BOG,23,481,2034308
CRI,BOG,104,1374,5578687
CRI,BOG,11,9,40034
CRI,BOG,2,376,1567879
CRI,BOG,4,76,306999
CRI,BOG,55,260,1056425
CRI,BOG,1747,4406,18647837
CRI,BOG,8241,22631,95775575
CRI,BOG,66,156,659045
CRI,BOG,249,742,3141815
CRI,BOG,1672,3881,16422921
CRI,BOG,54,145,613212
CRI,BOG,348,1112,4705612
CRI,BOG,237,665,2813583
CRI,BOG,185,500,2115646
CRI,BOG,157,423,1790208
CRI,BOG,138,725,3069279
CRI,BOG,64,1029,4355501
CRI,BOG,2,50,210752
CRI,BOG,214,2000,8462416
CRI,BOG,115,1980,8379766
CRI,BOG,1193,15978,67619263
CRI,BOG,152,269,1140135
CRI,BOG,68,480,2092511
CRI,BOG,3,210,893364
CRI,BOG,13,53,232800
CRI,BOG,13,1123,4927053
CRI,BOG,13,262,1151103
CRI,BOG,250,938,3967472
CRI,BOG,38,80,337500
CRI,BOG,418,1109,4695201
CRI,BOG,64,164,694043
CRI,BOG,12,23,95473
CRI,BOG,486,1292,5467155
CRI,BOG,6,24,99536
CRI,BOG,24,271,1147287
CRI,BOG,13,529,2322517
CRI,BOG,13,829,3638647
CRI,BOG,20,787,3451863
CRI,BOG,13,472,2069407
CRI,BOG,25,478,2096385
CRI,BOG,78,1065,4670916
CRI,BOG,52,963,4225012
CRI,BOG,13,204,896721
CRI,BOG,28,751,3292364
CRI,BOG,7,43,186609
CRI,BOG,374,1608,6787995
CRI,BOG,0,12,48159
CRI,BOG,50,9262,39384984
CRI,BOG,1080,6748,28641893
CRI,BOG,10,7230,29308239
CRI,BOG,172,1032,4527033
CRI,BOG,1000,611,2589937
CRI,BOG,15,466,1974456
CRI,BOG,50,2,8266
CRI,BOG,4000,520,2211087
CRI,BOG,1,855,3617172
CRI,BOG,2,20,84442
CRI,BOG,0,36,151995
CRI,BOG,226,384,1558384
CRI,BOG,79,186,755314
CRI,BOG,110,661,2807739
CRI,BOG,38,366,1560957
CRI,BOG,262,1704,7020300
CRI,BOG,1,2136,8803705
CRI,BOG,20,566,2405784
CRI,BOG,158,20963,89072212
CRI,BOG,15,1017,4321233
CRI,BOG,10,1210,5307859
CRI,BOG,289,5033,22077182
CRI,BOG,211,2578,11308634
CRI,BOG,45,13728,60220068
CRI,BOG,136,981,4139495
CRI,BOG,16,4786,20287984
CRI,BOG,10,4704,19822515
CRI,BOG,4550,788,3332676
CRI,BOG,31000,5548,23481086
CRI,BOG,120,24,101567
CRI,BOG,4764,45267,191698425
CRI,BOG,394,14778,62582426
CRI,BOG,159,4675,19857401
CRI,BOG,17,456,1926292
CRI,BOG,1542,21881,92609600
CRI,BOG,50,156,665069
CRI,BOG,106,393,1702422
CRI,BOG,19,89,378989
CRI,BOG,1094,10739,45816401
CRI,BOG,174,7806,33217520
CRI,BOG,10,244,1027408
CRI,BOG,1223,15841,67405676
CRI,BOG,156,531,2242141
CRI,BOG,52,995,4209414
CRI,BOG,116,495,2145403
CRI,BOG,149,10358,42680558
CRI,BOG,75,688,2901290
CRI,BOG,9,249,1054679
CRI,BOG,187,2407,10166249
CRI,BOG,1451,3097,13583468
CRI,BOG,12550,1994,8099325
CRI,BOG,60,1261,5196926
CRI,BOG,7,189,797288
CRI,BOG,252,19106,80954816
CRI,BOG,65,1648,7043295
CRI,BOG,207,8749,37000042
CRI,BOG,17,291,1268537
CRI,BOG,518,6081,25843846
CRI,BOG,530,1750,7675778
CRI,BOG,50,136,595665
CRI,BOG,130,795,3391131
CRI,BOG,4584,34401,146277466
CRI,BOG,380,8737,36933945
CRI,BOG,27,3304,13686439
CRI,BOG,44,45,189783
CRI,BOG,592,9120,38757398
CRI,BOG,1,4456,18360164
CRI,BOG,1,435,1791398
CRI,BOG,1,181,743854
CRI,BOG,354,250,1055655
CRI,BOG,48,2715,11187483
CRI,BOG,62,22131,91193029
CRI,BOG,115,1544,6363886
CRI,BOG,32,2166,9501681
CRI,BOG,14,1064,4668415
CRI,BOG,743,19824,86959832
CRI,BOG,22,10740,47114922
CRI,BOG,55,24,106157
CRI,BOG,28,12,53737
CRI,BOG,9,6,25530
CRI,BOG,327,2164,9196323
CRI,BOG,120,446,1895012
CRI,BOG,24,89,379011
CRI,BOG,30,1443,6130882
CRI,BOG,679,8353,36641771
CRI,BOG,110,1100,4655167
CRI,BOG,110,9,37241
CRI,BOG,30,300,1269591
CRI,BOG,41,5950,25073079
CRI,BOG,40,200,841193
CRI,BOG,1,153,643768
CRI,BOG,20,200,828286
CRI,BOG,410,1761,7294301
CRI,BOG,965,829915,3576769620
CRI,BOG,19,608,2583392
CRI,BOG,62,2316,9840684
CRI,BOG,45,270,1147230
CRI,BOG,1,20,84980
CRI,BOG,121,1335,5421208
CRI,BOG,480,13920,57359030
CRI,BOG,480,12960,53403235
CRI,BOG,752,7109,30294508
CRI,BOG,4,168288,686814947
CRI,BOG,112,4404,18589651
CRI,BOG,690,2645,10723411
CRI,BOG,2515,1055,4455255
CRI,BOG,76,1886,7810737
CRI,BOG,3272,58210,239098545
CRI,BOG,25,326,1382925
CRI,BOG,60,945,4015305
CRI,BOG,18,162,710639
CRI,BOG,2,42,173940
CRI,BOG,17,799,3309003
CRI,BOG,169,2350,9836229
CRI,BOG,34,488,2050306
CRI,BOG,4,74,304478
CRI,BOG,1086,16871,71657119
CRI,BOG,436,4149,17536790
CRI,BOG,27,54,223637
CRI,BOG,32,128,530103
CRI,BOG,253,5128,21303000
CRI,BOG,47,762,3230851
CRI,BOG,1,15,63583
CRI,BOG,15,102,432363
CRI,BOG,2,30,123783
CRI,BOG,30,494,2036781
CRI,BOG,16,224,922689
CRI,BOG,29,78,327466
HRV,BOG,2000,320,1403731
HRV,BOG,1500,240,1019760
HRV,BOG,6500,1060,4503940
HRV,BOG,26475,8325,35144127
HRV,BOG,3650,506,2136023
CUB,BOG,600,877,3614608
CUB,BOG,506,1614,6813914
CUB,BOG,164,3280,13880862
CUB,BOG,356,24909,108588295
CUB,BOG,4,425,1853137
CUB,BOG,36,238,1039237
CUB,BOG,12,226,984047
CUB,BOG,2,32,137931
CUB,BOG,1025,6969,30381182
CUB,BOG,100,66,289682
CUB,BOG,600,733,3195833
CUB,BOG,12,401,1747378
CUB,BOG,12,623,2717606
CUB,BOG,2,78,340295
CUB,BOG,40,256,1114655
CUB,BOG,100,38,165526
CUB,BOG,100,189,823098
CUB,BOG,500,1431,6239914
CUB,BOG,600,149,648374
CUB,BOG,830,6137,26753507
CUB,BOG,200,764,3329143
CUB,BOG,201,180082,779903918
CUW,BOG,10,39,166306
CUW,BOG,16,172,732698
CUW,BOG,7,83,354069
CUW,BOG,73,1220,5184885
CUW,BOG,6,48,203697
CUW,BOG,2,22,93393
CUW,BOG,3,33,140090
CUW,BOG,10,161,684684
CUW,BOG,185,3052,12968968
CUW,BOG,2,69,294583
CUW,BOG,14,205,869345
CUW,BOG,3,27,114596
CUW,BOG,485,132,577620
CUW,BOG,373,209,912902
CUW,BOG,510,232,1011381
CUW,BOG,110,813,3544192
CUW,BOG,178,908,3833447
CUW,BOG,274,935,3947823
CUW,BOG,34,146,616890
CUW,BOG,33,147,619212
CUW,BOG,70,329,1389574
CUW,BOG,66,255,1074986
CUW,BOG,10,39,163648
CUW,BOG,36,115,483598
CUW,BOG,13,249,1051089
CUW,BOG,16,165,695800
CUW,BOG,30,277,1158922
CUW,BOG,90,942,3942279
CUW,BOG,54,150,618587
CUW,BOG,363,416,1714178
CUW,BOG,182,523,2155908
CUW,BOG,8,72,303391
CUW,BOG,52,776,3248994
CUW,BOG,8,40,165847
CUW,BOG,9,41,173510
CUW,BOG,27,172,725307
CUW,BOG,10,113,472881
CUW,BOG,1000,1090,4633290
CUW,BOG,26,247,1048143
CUW,BOG,39,412,1746675
CUW,BOG,12,336,1419129
CUW,BOG,4000,1650,7017437
CUW,BOG,1,4,15520
CUW,BOG,350,168,701324
CUW,BOG,4995,1754,7342927
CUW,BOG,8042,2094,8768101
CUW,BOG,3689,1011,4233821
CUW,BOG,519,152,635128
CUW,BOG,353,1790,7495041
CUW,BOG,4,16,67822
CUW,BOG,37,144,610394
CUW,BOG,634,2032,8596811
CUW,BOG,21740,7221,30706046
CUW,BOG,312,102,433210
CUW,BOG,5151,2323,9880880
CUW,BOG,5328,1796,7630693
CUW,BOG,2630,941,4005459
CUW,BOG,936,307,1299631
CUW,BOG,884,229,971375
CUW,BOG,30449,9805,41592690
CUW,BOG,40,409,1732842
CUW,BOG,1570,5708,23521818
CUW,BOG,208,2316,9544015
CUW,BOG,125,318,1310357
CUW,BOG,173,3997,16982403
CUW,BOG,2,10,40693
CUW,BOG,57,193,817081
CUW,BOG,1,4,16955
CUW,BOG,189,587,2487993
CUW,BOG,7,14,58996
CUW,BOG,4125,3057,12882738
CUW,BOG,534,5644,23829476
CUW,BOG,2000,260,1088623
CUW,BOG,1350,432,1808788
CUW,BOG,900,275,1151428
CUW,BOG,600,108,452197
CUW,BOG,1000,190,795532
CUW,BOG,5580,2017,8447083
CUW,BOG,164,2249,9416585
CUW,BOG,26,819,3471618
CUW,BOG,87,2828,11985348
CUW,BOG,81,2511,10643752
CUW,BOG,9600,4694,19860387
CUW,BOG,1000,150,634796
CUW,BOG,5250,998,4221390
CUW,BOG,350,98,414733
CUW,BOG,480,350,1482882
CUW,BOG,2260,655,2773633
CUW,BOG,3000,530,2242944
CUW,BOG,200,82,347022
CUW,BOG,84,294,1244199
CUW,BOG,632,1069,4532405
CUW,BOG,180,346,1475094
CUW,BOG,1734,2983,12667163
CUW,BOG,30,12,49328
CUW,BOG,14,36,153169
CUW,BOG,2,1,3300
CUW,BOG,374,710,3038459
CUW,BOG,50,96,405618
CUW,BOG,893,1610,6877638
CUW,BOG,22,10,41601
CUW,BOG,12,36,154685
CUW,BOG,481,391611,1681224796
CUW,BOG,35,509,2233907
CUW,BOG,70,937,4111616
CUW,BOG,50,630,2765789
CUW,BOG,110,528,2316156
CHL,BOG,2100,854,3595369
CHL,BOG,30240,5489,22619731
CHL,BOG,2200,660,2793100
CHL,BOG,4715,1886,7981495
CHL,BOG,1000,120,486451
CHL,BOG,33,394,1597181
CHL,BOG,12,666,2817586
CHL,BOG,36,2052,8681212
CHL,BOG,16,1152,4873663
CHL,BOG,24,1656,7005890
CHL,BOG,53,1834,7761054
CHL,BOG,348,10410,44040650
CHL,BOG,35,3042,12869516
CHL,BOG,128,2432,10021348
CHL,BOG,48,1674,7082041
CHL,BOG,36,924,3909084
CHL,BOG,17,1428,6041311
CHL,BOG,26,648,2741435
CHL,BOG,1040,220,905547
CHL,BOG,1000,288,1186739
CHL,BOG,850,19172,77716660
CHL,BOG,19,655,2855930
CHL,BOG,12,502,2126801
CHL,BOG,40000,689,2921415
CHL,BOG,3,1330,5588035
CHL,BOG,161,6146,25979425
CHL,BOG,50,2642,11166651
CHL,BOG,2,1182,4870573
CHL,BOG,23,760,3193163
CHL,BOG,26450,10708,46974549
CHL,BOG,9360,1620,7106389
CHL,BOG,3819,20235,84324935
CHL,BOG,4406,84600,342948096
CHL,BOG,4,1135,4826122
CHL,BOG,169,16187,68731934
CHL,BOG,3720,496,2110525
CHL,BOG,679,124146,525382613
CHL,BOG,597,5787,24607525
CHL,BOG,610,3463,15192758
CHL,BOG,1,30,124648
CHL,BOG,63573,5876,25774347
CHL,BOG,4,2558,10628337
CHL,BOG,660,1122,4736400
CHL,BOG,120,288,1215760
CHL,BOG,10824,21103,89084837
CHL,BOG,1331,10220,43321089
CHL,BOG,10,100,423060
CHL,BOG,16719,4811,19850889
CHL,BOG,1405,18944,79983448
CHL,BOG,24120,4950,20927271
CHL,BOG,54,59,251107
CHL,BOG,109,75,317688
CHL,BOG,370,7372,32339335
CHL,BOG,1086,10393,45588671
CHL,BOG,93,46900,194233067
CHL,BOG,1289,33182,144652564
CHL,BOG,549,6340,26936960
CHL,BOG,32,1684,7124521
CHL,BOG,3831,52477,228125560
CHL,BOG,1512,14723,62558962
CHL,BOG,135,1116,4741884
CHL,BOG,195,1846,7845778
CHL,BOG,3392,67741,286331138
CHL,BOG,49,541,2249692
CHL,BOG,327,4023,17095002
CHL,BOG,197,1271,5280970
CHL,BOG,168,1008,4282992
CHL,BOG,7,36233,150894020
CHL,BOG,20,16575,70438943
CHL,BOG,4,25139,105577062
CHL,BOG,444,7467,30322218
CHL,BOG,664,8978,37994246
CHL,BOG,1,23,95473
CHL,BOG,100,7300,30232439
CHL,BOG,45,3111,13220210
CHL,BOG,1760,10963,46617491
CHL,BOG,7880,1378,5708754
CHL,BOG,4720,52928,223408936
CHL,BOG,4,8476,35611160
CHL,BOG,65,1876,7883247
CHL,BOG,9,21615,90814768
CHL,BOG,40,143548,603119506
CHL,BOG,65,1001,4204387
CHL,BOG,1,100,421397
CHL,BOG,9,53,230176
CHL,BOG,25,587,2560276
CHL,BOG,4,6350,25741376
CHL,BOG,140,195,810588
CHL,BOG,559,846,3486273
CHL,BOG,1561,1586,6759014
CHL,BOG,1786,1860,7539669
CHL,BOG,140,1643,6891341
CHL,BOG,1,16,66252
CHL,BOG,328,2343,9879409
CHL,BOG,119,978,4067491
CHL,BOG,2842,18610,81636181
CHL,BOG,178,319,1294811
CHL,BOG,21,32,136870
CHL,BOG,126,316,1330898
CHL,BOG,2,6000,24848580
CHL,BOG,50,50,211070
CHL,BOG,263,1360,5741090
CHL,BOG,5,8,33375
CHL,BOG,38,86,360294
CHL,BOG,1,6,27811
CHL,BOG,1,14,60671
CHL,BOG,18,288,1215760
CHL,BOG,89,1513,6386963
CHL,BOG,74,1168,4930584
CHL,BOG,16,368,1553472
CHL,BOG,34,510,2152909
CHL,BOG,114,2184,9219516
CHL,BOG,10,190,828285
CHL,BOG,19,380,1604128
CHL,BOG,2573,44958,190044434
CHL,BOG,53,954,4027206
CHL,BOG,234,4013,16940438
CHL,BOG,115,1940,8203160
CHL,BOG,282,4712,19891190
CHL,BOG,115,2300,10026620
CHL,BOG,26,31362,132938814
CHL,BOG,1900,4621,19040149
CHL,BOG,197,60453,255836933
CHL,BOG,248,1611,7066909
CHL,BOG,1,1254,5293150
CHL,BOG,7068,1994,8216516
CHL,BOG,1,32875,135465382
CHL,BOG,1834,23432,99206277
CHL,BOG,1346,13437,56864558
CHL,BOG,175,8463,35816601
CHL,BOG,267,7367,31178954
CHL,BOG,225,4625,19572142
CHL,BOG,30,297,1258375
CHL,BOG,91,4339,18358965
CHL,BOG,1541,11006,46472875
CHL,BOG,2,41,174188
CHL,BOG,143,610,2580909
CHL,BOG,502,8295,35245455
CHL,BOG,410,11944,50750056
CHL,BOG,169,35666,151542710
CHL,BOG,2658,108466,460873734
CHL,BOG,53,569,2409430
CHL,BOG,40,4660,19715984
CHL,BOG,7,168,708669
CHL,BOG,804,6017,25454396
CHL,BOG,28,1380,5838707
CHL,BOG,106,2519,10657287
CHL,BOG,37,1341,5673840
CHL,BOG,4526,45595,193645745
CHL,BOG,445,20609,87094379
CHL,BOG,1672,44637,190226001
CHL,BOG,58,1097,4737095
CHL,BOG,2487,29870,127001359
CHL,BOG,391,1694,7103892
CHL,BOG,37,173,758541
CHL,BOG,779,13198,55423760
CHL,BOG,199,9577,40690079
CHL,BOG,491,9177,39247665
CHL,BOG,363,8684,36689864
CHL,BOG,190,877,3690261
CHL,BOG,6000,714,2966627
CHL,BOG,2200,636,2641711
CHL,BOG,850,144,600389
CHL,BOG,1860,2530,10510336
CHL,BOG,9350,2338,9867499
CHL,BOG,400,560,2373756
CHL,BOG,6550,1659,7021550
CHL,BOG,720,216,914106
CHL,BOG,106650,15394,64991488
CHL,BOG,720,158,668668
CHL,BOG,2400,918,3884948
CHL,BOG,254,2610,11045442
CHL,BOG,981,17866,78369874
CHL,BOG,195,6155,26999454
CHL,BOG,582,11421,50100044
CHL,BOG,2815,143979,631586043
CHL,BOG,19,214,900338
CHL,BOG,3,73,310457
CHL,BOG,2,54,228315
CHL,BOG,11100,1998,8434337
CHL,BOG,308,262,1063125
CHL,BOG,5540,1800,7465344
CHL,BOG,20,1297,5508871
CHL,BOG,2400,33420,138248147
CHL,BOG,5,957,4196937
CHL,BOG,50,3489,14723560
CHL,BOG,779,81875,348749910
CHL,BOG,91,2195,9341656
CHL,BOG,118,2697,11353653
CHL,BOG,0,41,166285
CHL,BOG,1,254,1044783
CHL,BOG,1,82,338056
CHL,BOG,1,10640,44979430
CHL,BOG,1,9660,42375136
CHL,BOG,4,27972,122002200
CHL,BOG,1,20,80929
CHL,BOG,1,852,3509903
CHL,BOG,3,860,3591083
CHL,BOG,1,21,85413
CHL,BOG,1,108,439265
CHL,BOG,1,167,686495
CHL,BOG,16,3707,15682575
CHL,BOG,2,11565,48944426
CHL,BOG,497,144283,604113024
CHL,BOG,554,3344,14093328
CHL,BOG,1500,528,2299584
CHL,BOG,230,1189,5010368
CHL,BOG,400,2001,8432238
CHL,BOG,1,8014,34056368
CHL,BOG,80,259,1090786
CHL,BOG,98,3884,16262766
CHL,BOG,51,482,2031099
CHL,BOG,360,3420,14406750
CHL,BOG,3335,933,3783901
CHL,BOG,59,2369,10021257
CHL,BOG,20,141,572391
CHL,BOG,390,2165,8775580
CHL,BOG,3672,3231047,13955600584
CHL,BOG,737,47251,200770051
CHL,BOG,10,20,83070
CHL,BOG,12,172,754856
CHL,BOG,8,72,313877
CHL,BOG,5,70,305158
CHL,BOG,55,888,3871147
CHL,BOG,14,104,453378
CHL,BOG,10,120,523127
CHL,BOG,59,868,3783959
CHL,BOG,1961,7303,29606109
CHL,BOG,84,1063,4662888
CHL,BOG,450,10493,46029092
CHL,BOG,25,168,736608
CHL,BOG,12,136,598516
CHL,BUN,11,921650,3918938749
CHN,BOG,31640,25958,109852504
CHN,BOG,40,390,1650468
CHN,BOG,8950,7153,30238521
CHN,BOG,36,429,1813550
CHN,BOG,120903,89335,377604728
CHN,BOG,50324,41225,173916830
CHN,BOG,189,1700,6891392
CHN,BOG,18,2070,8391283
CHN,BOG,6,27,114723
CHN,BOG,191,1204,5114096
CHN,BOG,31445,24735,104798417
CHN,BOG,23730,18555,77923681
CHN,BOG,4,20924,88519718
CHN,BOG,20,9509,41452663
CHN,BOG,13520,16475,69414457
CHN,BOG,40,1830,7539086
CHN,BOG,813,8092,33342079
CHN,BOG,17317,35438,148524372
CHN,BOG,8,1177,4848651
CHN,BOG,3164,18965,79917435
CHN,BOG,2400,424,1790504
CHN,BOG,14360,2663,11315087
CHN,BOG,6560,1512,6345748
CHN,BOG,1440,1248,5302752
CHN,BOG,23,23,99139
CHN,BOG,101,81,355670
CHN,BOG,11,36014,151710955
CHN,BOG,7940,1672,7090973
CHN,BOG,4200,2320,9864849
CHN,BOG,2425,1343,5692776
CHN,BOG,9978,17486,76705049
CHN,BOG,4950,3564,15107261
CHN,BOG,5420,1127,4888041
CHN,BOG,6,1070,4409063
CHN,BOG,1,250,1030155
CHN,BOG,4500,1080,4564667
CHN,BOG,2560,358,1519131
CHN,BOG,6556,5444,22619568
CHN,BOG,1200,204,861164
CHN,BOG,320,890,3755971
CHN,BOG,2320,422,1804382
CHN,BOG,600,252,1070927
CHN,BOG,641,5588,23751906
CHN,BOG,100,0,422
CHN,BOG,210,88,372327
CHN,BOG,62,594,2502225
CHN,BOG,103,1898,7998115
TWN,BOG,19695,37995,160793700
TWN,BOG,9701,3551,15480229
TWN,BOG,5020,1799,7413820
TWN,BOG,84300,16032,67792733
TWN,BOG,435,4384,18632853
TWN,BOG,263,2846,12040316
TWN,BOG,6100,1179,4966538
TWN,BOG,4,29,124516
TWN,BOG,2,0,1275
TWN,BOG,1,0,850
TWN,BOG,0,1,3825
TWN,BOG,2,0,850
TWN,BOG,14,64553,272521514
TWN,BOG,38100,7239,30758511
TWN,BOG,58500,10614,44991154
TWN,BOG,750,180,762993
TWN,BOG,20240,3902,16541688
TWN,BOG,2100,2988,12312413
TWN,BOG,572,469,1992951
TWN,BOG,69900,12039,51153711
TWN,BOG,200,6,25384
TWN,BOG,780,6567,26667146
TWN,BOG,21820,4819,19538592
TWN,BOG,79,9407,39970470
CYP,BOG,4860,10368,43828311
DNK,BOG,112112,14924,65466514
DNK,BOG,1,1954,8051691
ECU,BOG,225,1785,7566347
ECU,BOG,855,16046,69952981
ECU,BOG,138,3244,14141719
ECU,BOG,70,510,2223730
ECU,BOG,30,0,1260
ECU,BOG,4800,3002,12332546
ECU,BOG,5920,3253,13703262
ECU,BOG,30,0,1236
ECU,BOG,1,8877,37718373
ECU,BOG,200,334,1406975
ECU,BOG,39530,27185,114430748
ECU,BOG,110,2382,10126352
ECU,BOG,367,7050,29050371
ECU,BOG,1,1800,7629930
ECU,BOG,5000,8500,35713005
ECU,BOG,1,8499,35020614
ECU,BOG,176,37558,158620165
ECU,BOG,741,25534,103509438
ECU,BOG,190,12069,51282031
ECU,BOG,32,14024,61517555
ECU,BOG,12000,72000,305197200
ECU,BOG,420000,13464,56566208
ECU,BOG,30,253,1069405
ECU,BOG,20000,685,2986188
ECU,BOG,140000,5685,24783188
ECU,BOG,205,1742,7403882
ECU,BOG,329700,19304,83905444
ECU,BOG,85,3685,15595656
ECU,BOG,2459,21856,92261307
ECU,BOG,8,562,2466356
ECU,BOG,52,5525,24236209
ECU,BOG,29,20243,88797667
ECU,BOG,12,1980,8090874
ECU,BOG,88,38270,158386189
ECU,BOG,68,1762,7455165
ECU,BOG,46,1998,8456492
ECU,BOG,50,212,895231
ECU,BOG,80,1692,7161847
ECU,BOG,200,1400,5899558
ECU,BOG,304,4644,19134346
ECU,BOG,198,2280,9607852
ECU,BOG,21,96,404541
ECU,BOG,100,665,2802290
ECU,BOG,408,1740,7333993
ECU,BOG,17,369,1554534
ECU,BOG,276,26126,110151718
ECU,BOG,1504,44149,193664722
ECU,BOG,1176,41580,182397323
ECU,BOG,29,5766,25136300
ECU,BOG,66,3252,13785673
ECU,BOG,24,1181,5005955
ECU,BOG,28,1352,5730883
ECU,BOG,47,2291,9710824
ECU,BOG,31,1503,6369423
ECU,BOG,735,73857,299921412
ECU,BOG,1310,99213,418816850
ECU,BOG,865,46650,189108877
ECU,BOG,4400,1584,6730416
ECU,BOG,305500,31466,133021167
ECU,BOG,170,170,720604
ECU,BOG,1392,27371,111150196
ECU,BOG,4609,73294,305117038
ECU,BOG,12,415,1753439
ECU,BOG,70,2927,12357824
ECU,BOG,634,42983,180835152
ECU,BOG,296,5105,21297661
ECU,BOG,3312,67321,275816250
ECU,BOG,54,5850,24693950
ECU,BOG,591,9883,41285918
ECU,BOG,21892,783414,3296383444
ECU,BOG,212,7184,29679051
ECU,BOG,1326,18057,75184463
ECU,BOG,947,98053,415630603
ECU,BOG,1124,43050,188845713
ECU,BOG,11176,426560,1779240520
ECU,BOG,554,3962,16726836
ECU,BOG,21,624,2571267
ECU,BOG,109,2604,10730094
ECU,BOG,94,15120,62303774
ECU,BOG,344,6707,28383061
ECU,BOG,441330,9862,43262425
ECU,BOG,49426,13419,56771232
ECU,BOG,100,44,186806
ECU,BOG,1,73,310623
ECU,BOG,6,8151,34407030
ECU,BOG,8,66,278394
ECU,BOG,10283,47044,196782780
ECU,BOG,93,1604,6813526
ECU,BOG,393,1874,7968969
ECU,BOG,4470,22820,96963115
ECU,BOG,414,5615,23859452
ECU,BOG,54,607,2566429
ECU,BOG,14393,124951,522090346
ECU,BOG,1511,7273,30759001
ECU,BOG,200,848,3719888
ECU,BOG,90,1238,5259922
ECU,BOG,34,653,2866595
ECU,BOG,500,1150,5044659
ECU,BOG,56,254,1078396
ECU,BOG,80,741,3249813
ECU,BOG,2,84,368260
ECU,BOG,36,1201,5270440
ECU,BOG,29,3867,16963784
ECU,BOG,168,8037,35255104
ECU,BOG,203,6743,29580301
ECU,BOG,1,1245,5461392
ECU,BOG,26,2561,11234456
ECU,BOG,1,27165,118424801
ECU,BOG,20,1304,5719240
ECU,BOG,60,379,1663421
ECU,BOG,80000,26115,108506257
ECU,BOG,25000,18532,78553097
ECU,BOG,2994,3929,16653848
ECU,BOG,12,264,1159614
ECU,BOG,80,333,1461767
ECU,BOG,42,1431,6277618
ECU,BOG,1,73,321016
ECU,BOG,1265,56402,238093994
ECU,BOG,20,4026,16728370
ECU,BOG,170,1887,7662096
ECU,BOG,28,2270,9645230
ECU,BOG,998,34696,140893827
ECU,BOG,985,11401,47900593
ECU,BOG,4749,21086,89204781
ECU,BOG,1,5346,22660892
ECU,BOG,5,36800,155347152
ECU,BOG,1,13720,57917471
ECU,BOG,1,2491,10350329
ECU,BOG,164,82,346154
ECU,BOG,12,3,12747
ECU,BOG,17,2124,9315950
ECU,BOG,8,6790,28851305
ECU,BOG,1,533,2263102
ECU,BOG,1,4444,19494098
ECU,BOG,1,5116,21685872
ECU,BOG,3,3242,13776660
ECU,BOG,3,6046,25688222
ECU,BOG,1,21975,93148983
ECU,BOG,1,387,1643598
ECU,BOG,1,20253,86055804
ECU,BOG,3,6192,26311423
ECU,BOG,14000,140,594860
ECU,BOG,7100,1140,4736632
ECU,BOG,6850,2000,8504180
ECU,BOG,30900,7944,34841915
ECU,BOG,13000,2130,9283342
ECU,BOG,38900,6204,27047897
ECU,BOG,25440,3536,14957745
ECU,BOG,73490,23191,98301178
ECU,BOG,1260,325,1317472
ECU,BOG,3720,2978,12621176
ECU,BOG,4968,96168,407639819
ECU,BOG,1,16954,69860991
ECU,BOG,348,23686,103258666
ECU,BOG,96,50337,215896950
ECU,BOG,50,1148,4881399
ECU,BOG,360,61157,260044218
ECU,BOG,75,998,4043626
ECU,BOG,475,18022,75456201
ECU,BOG,2782,53542,217044796
ECU,BOG,3610,267860,1126534114
ECU,BOG,2136,42615,181203241
ECU,BOG,3,480,2007671
ECU,BOG,20,3714,15551141
ECU,BOG,60,300,1256103
ECU,BOG,210,460,1904644
ECU,BOG,90,469,1941917
ECU,BOG,18,126,520329
ECU,BOG,17,81,336201
ECU,BOG,149,962,3982565
ECU,BOG,108,777,3219879
ECU,BOG,382,1616,6691764
ECU,BOG,1107,3321,13752985
ECU,BOG,251,1093,4527287
ECU,BOG,2487,5388,22313238
ECU,BOG,522,1995,8260579
ECU,BOG,676,2033,8421474
ECU,BOG,556,1395,5776094
ECU,BOG,180,666,2760222
ECU,BOG,3884,8661,35869174
ECU,BOG,949,3943,16330818
ECU,BOG,532,1769,7327846
ECU,BOG,92,108,445784
ECU,BOG,23,255,1058053
ECU,BOG,11,116,481524
ECU,BOG,411,3031,12553378
ECU,BOG,53,315,1303805
ECU,BOG,118,462,1913009
ECU,BOG,219,756,3130176
ECU,BOG,584,1189,4922255
ECU,BOG,11,2136,8801644
ECU,BOG,7,1310,5486449
ECU,BOG,2,234,978169
ECU,BOG,5,199,831289
ECU,BOG,114,37895,166232481
ECU,BOG,4,574,2401669
ECU,BOG,135,12255,51313775
ECU,BOG,1,7420,31527580
ECU,BOG,6,2982,12485538
ECU,BOG,6,731,3058736
ECU,BOG,200,10000,42015300
ECU,BOG,3,253,1057262
ECU,BOG,2,9990,41828230
ECU,BOG,8,2031,8503357
ECU,BOG,1,114,478994
ECU,BOG,1,124,521199
ECU,BOG,14,750,3045622
ECU,BOG,803,30233,124580023
ECU,BOG,221,4924,20616837
ECU,BOG,217,5100,21353751
ECU,BOG,300,675,2825269
ECU,BOG,16200,990,4206510
ECU,BOG,660,451,1914599
ECU,BOG,78,120347,495903431
ECU,BOG,19000,2686,11780375
ECU,BOG,70,145,636066
ECU,BOG,951,7693,31523209
ECU,BOG,241,528,2315235
ECU,BOG,106,505,2213202
ECU,BOG,134,890,3891014
ECU,BOG,228,870,3816394
ECU,BOG,459,1532,6644534
ECU,BOG,70,302,1326526
ECU,BOG,954,2297,10024985
ECU,BOG,132,662,2905022
ECU,BOG,256,1050,4596445
ECU,BOG,157,399,1706490
ECU,BOG,1775,3972,17225545
ECU,BOG,709,2771,12132536
ECU,BOG,69,118,519293
ECU,BOG,32,155,655157
ECU,BOG,101,827,3620434
ECU,BOG,6,16,69687
ECU,BOG,17,88,385894
ECU,BOG,125,576,2527155
ECU,BOG,136,294,1288625
ECU,BOG,8,701,2980291
ECU,BOG,575,12326,51903660
ECU,BOG,56000,11029,46556866
ECU,BOG,5000,358,1570424
ECU,BOG,27,163,694190
ECU,BOG,5,28,117717
ECU,BOG,28,135,572861
ECU,BOG,39,252,1070672
ECU,BOG,225,1276,5422970
ECU,BOG,62,165,701627
ECU,BOG,215,899,3819257
ECU,BOG,1456,3835,16299083
ECU,BOG,33,122,518422
ECU,BOG,625,2215,9413193
ECU,BOG,713,1675,7116394
ECU,BOG,191,943,4008794
ECU,BOG,833,2040,8671151
ECU,BOG,582,2081,8844836
ECU,BOG,418,1232,5237640
ECU,BOG,19,172,732735
ECU,BOG,104,540,2293823
ECU,BOG,132,1209,5139939
ECU,BOG,90,247,1047978
ECU,BOG,63,193,820407
ECU,BOG,31,145,616548
ECU,BOG,4,2,9495
ECU,BOG,1,148,629212
ECU,BOG,1,10,44825
ECU,BOG,3,163,691652
ECU,BOG,0,125,529680
ECU,BOG,1,1388,5896635
ECU,BOG,1,844,3584456
ECU,BOG,11,601,2552417
ECU,BOG,2,12313,52317597
ECU,BOG,4,6848,29097662
ECU,BOG,1,7977,33893976
ECU,BOG,1,1200,5098842
ECU,BOG,4,10365,45466854
ECU,BOG,1,280,1187895
ECU,BOG,1,8,31390
ECU,BOG,26,14600,61342338
ECU,BOG,9520,1414,6164192
ECU,BOG,4127,216580,884505973
ECU,BOG,122,15914,67456084
ECU,BOG,3504,219829,926667068
ECU,BOG,9125,4323,18964628
ECU,BOG,22800,3928,16448418
ECU,BOG,320,115,505343
ECU,BOG,50,3158,13342548
ECU,BOG,7700,2849,11549162
ECU,BOG,363500,44124,186131975
ECU,BOG,960,1817,7688203
ECU,BOG,160,864,3502449
ECU,BOG,200,940,3892944
ECU,BOG,109,52618,220977623
ECU,BOG,474,27771,117489540
ECU,BOG,747,37036,155071442
ECU,BOG,688,18465,76751864
ECU,BOG,131,10995,44648014
ECU,BOG,7528,301215,1252514854
ECU,BOG,1394,34185,146128854
ECU,BOG,269,7800,32140836
ECU,BOG,50,3198,13080488
ECU,BOG,1405,52114,227187079
ECU,BOG,714,1677,6797020
ECU,BOG,761,5861,24745078
ECU,BOG,27000,1791,7545535
ECU,BOG,71,204,837867
ECU,BOG,3502,1231,5368340
ECU,BOG,3314,2710,11813800
ECU,BOG,650400,20587,87267070
ECU,BOG,20000,1000,4252090
ECU,BOG,32,581,2395316
ECU,BOG,0,77,311384
ECU,BOG,1037,31251,131925107
ECU,BOG,2068,39442,165716746
ECU,BOG,15,78,342817
ECU,BOG,29,202,856635
ECU,BOG,5,24,103744
ECU,BOG,33,209,898401
ECU,BOG,31,226,992701
ECU,BOG,439,1605,7028087
ECU,BOG,163,836,3659352
ECU,BOG,16,54,228865
ECU,BOG,153,707,3086161
ECU,BOG,180,754,3307059
ECU,BOG,1127,2778,12105946
ECU,BOG,258,715,3137909
ECU,BOG,297,1602,6997002
ECU,BOG,107,518,2271018
ECU,BOG,265,574,2520005
ECU,BOG,747,3092,13424514
ECU,BOG,74,340,1476772
ECU,BOG,8,445,1835613
ECU,BOG,3,172,709983
ECU,BOG,8,76,331631
ECU,BOG,2,71,291905
ECU,BOG,319,2377,10330617
ECU,BOG,42,337,1476931
ECU,BOG,70,1204,4962504
ECU,BOG,73,434,1869983
ECU,BOG,381,4575,18872680
ECU,BOG,18,311,1282213
ECU,BOG,35,82,359267
ECU,BOG,13,28,123177
ECU,BOG,170,4102,16901217
ECU,BOG,41380,4539,19300237
ECU,BOG,13,970,3996260
ECU,BOG,192,1526,6481083
ECU,BOG,21,1800,7652912
ECU,BOG,25,1090,4634353
ECU,BOG,0,11,43857
ECU,BOG,200,1450,6165530
ECU,BOG,0,38,153499
ECU,BOG,356,8500,36030225
ECU,BOG,30,32,131571
ECU,BOG,50,598,2542750
ECU,BOG,1,12911,53470541
ECU,BOG,1,4638,19269241
ECU,BOG,2,280,1159600
ECU,BOG,1,751,3110214
ECU,BOG,2,41647,181557327
ECU,BOG,285,593,2585124
ECU,BOG,4,679,2757547
ECU,BOG,35000,27550,111682061
ECU,BOG,340,20526,83207721
ECU,BOG,2720,972,3941633
ECU,BOG,12,12322,52146504
ECU,BOG,1,1392,5764871
ECU,BOG,3,725,3002537
ECU,BOG,1,358,1482632
ECU,BOG,71,5979,25239480
ECU,BOG,30,999,4151616
ECU,BOG,145,2320,9793222
ECU,BOG,500,8100,35531946
ECU,BOG,165,998,4053724
ECU,BOG,94,475,1928854
ECU,BOG,167,1044,4239466
ECU,BOG,247,1919,7793504
ECU,BOG,117,474,1926173
ECU,BOG,539,2040,8285718
ECU,BOG,52,223,906499
ECU,BOG,312,920,3736004
ECU,BOG,31,161,652088
ECU,BOG,34,75,302938
ECU,BOG,132,308,1249680
ECU,BOG,34,157,636088
ECU,BOG,297,831,3372641
ECU,BOG,188,666,2705893
ECU,BOG,107,486,1974294
ECU,BOG,9,43,176524
ECU,BOG,31,236,956528
ECU,BOG,207,1306,5304134
ECU,BOG,31,138,558933
ECU,BOG,31,288,1169560
ECU,BOG,72,212,862520
ECU,BOG,18,92,372784
ECU,BOG,9,57,230493
ECU,BOG,22,100,405596
ECU,BOG,61,15432,65142380
ECU,BOG,140,12250,50732518
ECU,BOG,3,690,2926516
ECU,BOG,3,258,1096425
ECU,BOG,0,180,764948
ECU,BOG,36,821,3327326
ECU,BOG,3500,332,1413820
ECU,BOG,0,2,6486
ECU,BOG,1,3783,16075624
ECU,BOG,2,3043,12929665
ECU,BOG,2,50,206773
ECU,BOG,2,2,8771
ECU,BOG,11,12,48243
ECU,BOG,1,646,2621753
ECU,BOG,3,32,131571
ECU,BOG,47,51,206128
ECU,BOG,5,13029,55280953
ECU,BOG,24,417,1829193
ECU,BOG,50,482,2114370
ECU,BOG,290,3702,16239415
ECU,BOG,314,4401,18427031
ECU,BOG,320,4677,19885324
ECU,BOG,6,21,89294
ECU,BOG,217,2536,10750190
ECU,BOG,303,15935,68462230
ECU,BOG,205,6073,25948348
ECU,BOG,144,4285,18750746
ECU,BOG,1744,34789,148112477
ECU,BOG,296,1010,4276940
ECU,BOG,243,863,3671340
ECU,BOG,327,1578,6707325
ECU,BOG,84,4415,18685273
ECU,BOG,1495,10472,43776301
ECU,BOG,110,5656,24102254
ECU,BOG,28,903,3822612
ECU,BOG,344,3173,13562926
ECU,BOG,694,13514,57191774
ECU,BOG,525,2213,9419746
ECU,BOG,1,14,60404
ECU,BOG,3499,580,2545096
ECU,BOG,1276,23839,100854358
ECU,BOG,4981,264527,1105776850
ECU,BOG,405,13414,56007369
ECU,BOG,3255,114400,482364311
ECU,BOG,40,11342,48078732
ECU,BOG,30000,900,3824739
ECU,BOG,10750,4686,19914991
ECU,BOG,200,3000,12749130
ECU,BOG,1,31,131022
ECU,BOG,0,38,161966
ECU,BOG,1,165,699206
ECU,BOG,400,10108,44340359
ECU,BOG,56,3929,16628595
ECU,BOG,4,137,579911
ECU,BOG,311,7475,31754935
ECU,BOG,9,299,1264259
ECU,BOG,423,15121,64165657
ECU,BOG,271,1629,6713809
ECU,BOG,50,3784,16105882
ECU,BOG,180,2974,12255177
ECU,BOG,1,8,35576
ECU,BOG,50000,3300,13817133
ECU,BOG,600,9,37901
ECU,BOG,40,152,644872
ECU,BOG,210,1132,4814301
ECU,BOG,290,14216,60009465
ECU,BOG,2,19,81548
ECU,BOG,3,234,994904
ECU,BOG,1,92,379921
ECU,BOG,1,97,427085
ECU,BOG,1,16,69572
ECU,BOG,2,1697,6992280
ECU,BOG,3,1621,6972434
ECU,BOG,5,474,2015425
ECU,BOG,2,167,708002
ECU,BOG,10,1753,7324731
ECU,BOG,12,1343,5596704
ECU,BOG,2,203,891633
ECU,BOG,1,35,149972
ECU,BOG,3000,615,2532245
ECU,BOG,10,392,1659355
ECU,BOG,37,1056,4468452
ECU,BOG,18,533,2255682
ECU,BOG,263,4171,17649896
ECU,BOG,308,23732,100835144
ECU,BOG,2,6930,30398940
ECU,BOG,131300,21644,91970237
ECU,BOG,240,79,335172
ECU,BOG,140,288,1220500
ECU,BOG,1386,5128,21702389
ECU,BOG,420,63,266614
ECU,BOG,100,37,156583
ECU,BOG,17750,3411,14385160
ECU,BOG,4825,1034,4376566
ECU,BOG,1824,11536,49631681
ECU,BOG,423,20726,88402021
ECU,BOG,335,8873,38058159
ECU,BOG,224,6932,29672078
ECU,BOG,2407,33864,144244252
ECU,BOG,123,441,1865167
ECU,BOG,241,1492,6342102
ECU,BOG,24,1151,4851586
ECU,BOG,12,327,1379415
ECU,BOG,314,4706,20178874
ECU,BOG,72,306,1340300
ECU,BOG,7,91,383851
ECU,BOG,5150,1304,5510736
ECU,BOG,248,1401,5957561
ECU,BOG,20,738,3144333
ECU,BOG,160,7858,33934948
ECU,BOG,42,1111,4807018
ECU,BOG,89,7339,31516085
ECU,BOG,280,2867,12577432
ECU,BOG,21,13,55717
ECU,BOG,784,2642,11589556
ECU,BOG,123,11370,47240588
ECU,BOG,3,4080,17267496
ECU,BOG,2058,4322,18363328
ECU,BOG,4250,892,3772159
ECU,BOG,1700,343,1445392
ECU,BOG,1250,212,895469
ECU,BOG,600,384,1618164
ECU,BOG,1175,6120,24852280
ECU,BOG,257,27833,115268835
ECU,BOG,234,17040,70569760
ECU,BOG,1760,18701,77447143
ECU,BOG,635,6289,26547097
ECU,BOG,25,827,3515913
ECU,BOG,34,318358,1352704672
ECU,BOG,2,2044,8685685
ECU,BOG,1200,964,3909527
ECU,BOG,9,2039,8665414
ECU,BOG,70,4518,18313631
ECU,BOG,64,2070,8719875
ECU,BOG,148,10058,42369325
ECU,BOG,308,3629,15287162
ECU,BOG,9,613,2548017
ECU,BOG,19,242,1004457
ECU,BOG,142,554,2302709
ECU,BOG,1,460,1912311
ECU,BOG,1,32,132029
ECU,BOG,14,132,546172
ECU,BOG,309,19800,82902798
ECU,BOG,346,4803,19470047
ECU,BOG,40,692,2804472
ECU,BOG,2638,2317216,10006190977
ECU,BOG,35282,223058,954742489
ECU,BOG,63560,417164,1757594583
ECU,BOG,9568,66140,281233998
ECU,BOG,776,51676,212935593
ECU,BOG,2,5130,21745300
ECU,BOG,14,39,163754
ECU,BOG,5,3120,13143000
ECU,BOG,6,1400,5897500
ECU,BOG,10,2600,10956322
ECU,BOG,7,20844,86322642
ECU,IPI,1675,11391,48001627
ECU,IPI,459,5272118,21918674480
ECU,IPI,268,16166,68101171
ECU,IPI,46401,343609,1489536545
ECU,IPI,3113,139653,600897012
ECU,IPI,2163,65042,280133538
ECU,IPI,507,14094,60379366
ECU,IPI,26557,189932,824157980
ECU,IPI,365,1131,4902748
ECU,IPI,3200,17332,74846687
ECU,IPI,1021,5481,23506435
ECU,IPI,277,1495,6485644
ECU,IPI,29,171,743975
ECU,IPI,423,32487,141247373
ECU,IPI,2730,39841,172858765
ECU,IPI,815,30600,132120561
ECU,IPI,69,2586,11185340
ECU,IPI,123,4003,17118083
ECU,IPI,6506,80258,348174105
ECU,IPI,12144,25184,108692572
ECU,IPI,8035,107448,460245803
ECU,IPI,13144,54832,237071855
ECU,IPI,299,13321,56547743
ECU,IPI,70700,6931,29730852
ECU,IPI,115340,9983,43025908
ECU,IPI,20000,146,611911
ECU,IPI,186479,20260,87726504
ECU,IPI,637,3493,14983986
ECU,IPI,6208,14463,61188878
ECU,IPI,621,7528,32708834
ECU,IPI,248,5825,25161660
ECU,IPI,273,4711,20639962
ECU,IPI,3,93,404945
ECU,IPI,27036,30531,128952423
ECU,IPI,0,527,2212652
ECU,IPI,6,48,207507
ECU,IPI,11,97,420987
ECU,IPI,3,126,548936
ECU,IPI,3,41,180043
ECU,IPI,33,1029,4487174
ECU,IPI,8,150,652471
ECU,IPI,1570,99460,432992139
ECU,IPI,30,1977,8378555
ECU,IPI,445,45585,194764502
ECU,IPI,7449,34286,148613160
ECU,IPI,1104,23507,102524294
ECU,IPI,1662,12172,52474656
ECU,IPI,36,254,1106023
ECU,IPI,1,17,70754
ECU,IPI,67,1549,6751708
ECU,IPI,29,1925,8348616
ECU,IPI,11,360,1570038
ECU,IPI,3,146,637519
ECU,IPI,193,2974,12965335
ECU,IPI,1,25,106971
ECU,IPI,9100,1553,6747315
ECU,IPI,125300,29444,127137658
ECU,IPI,53078,7835,33621154
ECU,IPI,103,535,2259013
ECU,IPI,548,5335,23119692
ECU,IPI,171764,109285,472298587
ECU,IPI,303,310,1325445
ECU,IPI,73,4786,20437137
ECU,IPI,1306,1515,6464052
ECU,IPI,151996,27361,116073555
ECU,IPI,164,202,851792
ECU,IPI,7848,54786,238835658
ECU,IPI,125000,16040,69924776
ECU,IPI,10683,438992,1843821847
EGY,BOG,6,1866,7930036
EGY,BOG,2,4253,17921509
EGY,BOG,1,273,1158107
EGY,BOG,24,5679,24129179
EGY,BOG,25,4746,20166221
EGY,BOG,20,34055,138050797
SLV,BOG,15,1648,7000608
SLV,BOG,64800,9751,40970043
SLV,BOG,64800,1553,6526909
SLV,BOG,64800,821,3447649
SLV,BOG,10,2100,8653302
SLV,BOG,1342,35718,150372850
SLV,BOG,125,2836,11985872
SLV,BOG,100,19378,85005136
SLV,BOG,88,6739,28797390
SLV,BOG,1322,193647,823181452
SLV,BOG,7125,17268,75748099
SLV,BOG,3901,51061,216706000
SLV,BOG,267,3792,16101095
SLV,BOG,50000,5910,24952552
SLV,BOG,950,3208,13985435
SLV,BOG,786,12540,53011471
SLV,BOG,81,6958,29559040
SLV,BOG,182,22620,97400442
SLV,BOG,40,5235,22822331
SLV,BOG,417,7796,34200112
SLV,BOG,263,8629,36507964
SLV,BOG,4704,222039,949442554
SLV,BOG,1125,9591,40590094
SLV,BOG,818,18119,76655692
SLV,BOG,126,7238,30620986
SLV,BOG,274200,29325,125931081
SLV,BOG,200,1120,4739806
SLV,BOG,4,5012,21311475
SLV,BOG,425,1403,5937454
SLV,BOG,374,1191,4828839
SLV,BOG,474,116,469790
SLV,BOG,2,3008,13113075
SLV,BOG,418,10029,42622041
SLV,BOG,154,4729,20098578
SLV,BOG,56000,6619,27946858
SLV,BOG,25,350,1480714
SLV,BOG,19000,6350,26679716
SLV,BOG,10000,1375,5776095
SLV,BOG,705,17440,76029680
SLV,BOG,32,2250,9808650
SLV,BOG,117,22690,95918634
SLV,BOG,42,9000,38046510
SLV,BOG,71,11858,50126277
SLV,BOG,302,18645,79706792
SLV,BOG,682,99182,424688374
SLV,BOG,1837,33390,141726796
SLV,BOG,115,3334,13958654
SLV,BOG,181,11478,48649675
SLV,BOG,33,850,3587172
SLV,BOG,75,8215,34728009
SLV,BOG,2,199,845692
SLV,BOG,99,15106,64196119
SLV,BOG,294,17933,77564611
SLV,BOG,60,651,2746107
SLV,BOG,8434,371782,1589411180
SLV,BOG,369,18331,77854137
SLV,BOG,18,1448,6115360
SLV,BOG,1047,59065,250965273
SLV,BOG,115,1194,5074154
SLV,BOG,441,14962,63169391
SLV,BOG,577,10140,43089935
SLV,BOG,127,2388,10058186
SLV,BOG,7,5836,24582465
SLV,BOG,1,0,842
SLV,BOG,1,0,842
SLV,BOG,2,0,927
SLV,BOG,36,807,3429516
SLV,BOG,3,20,84569
SLV,BOG,37,829,3521310
SLV,BOG,1,15,62301
SLV,BOG,19,3421,14538428
SLV,BOG,5,119,507415
SLV,BOG,45,1014,4308993
SLV,BOG,97,3528,14954663
SLV,BOG,1295,32804,139407487
SLV,BOG,494,46350,196974058
SLV,BOG,110,50069,212777668
SLV,BOG,216,22632,96179437
SLV,BOG,256,41555,176598399
SLV,BOG,1325,177509,754363770
SLV,BOG,969,23720,100803376
SLV,BOG,62,8250,35060108
SLV,BOG,1075,23920,101653063
SLV,BOG,24,3375,14342771
SLV,BOG,143,25007,106273390
SLV,BOG,1607,186384,792077014
SLV,BOG,40900,7541,33081119
SLV,BOG,2,1556,6611444
SLV,BOG,1116,12441,54574437
SLV,BOG,2,986,4187644
SLV,BOG,1,242,1061177
SLV,BOG,2,315,1381886
SLV,BOG,2,451,1979787
SLV,BOG,5,745,3267184
SLV,BOG,0,3,11620
SLV,BOG,1,192,789264
SLV,BOG,1,355,1462326
SLV,BOG,100,98,413851
SLV,BOG,0,126,531241
SLV,BOG,0,62,259655
SLV,BOG,1,900,3708558
SLV,BOG,1,3,12094
SLV,BOG,14,42,178588
SLV,BOG,3,7,27433
SLV,BOG,10,27,114939
SLV,BOG,4,6,26422
SLV,BOG,156,377,1588719
SLV,BOG,242,840,3540704
SLV,BOG,67,1162,4908468
SLV,BOG,1,9,39061
SLV,BOG,56,689,2902920
SLV,BOG,8,66,279513
SLV,BOG,146,1100,4648887
SLV,BOG,0,6,24969
SLV,BOG,428,782,3297263
SLV,BOG,0,8249,33439628
SLV,BOG,46,1881,7973135
SLV,BOG,4,43,182144
SLV,BOG,43,3663,15802107
SLV,BOG,24,478,2060351
SLV,BOG,55,694,2937918
SLV,BOG,66,704,2988341
SLV,BOG,1500,2385,10462184
SLV,BOG,0,13,54829
SLV,BOG,6320,22260,90394685
SLV,BOG,0,4,18276
SLV,BOG,1,4,15465
SLV,BOG,1,4,15465
SLV,BOG,859,1215,5139978
SLV,BOG,230,2456,10394142
SLV,BOG,4,11,47239
SLV,BOG,190,2339,9896589
SLV,BOG,20,275,1163580
SLV,BOG,33,298,1260873
SLV,BOG,44,435,1840738
SLV,BOG,24,357,1509332
SLV,BOG,78,296,1252748
SLV,BOG,30,84,355655
SLV,BOG,48,190,802085
SLV,BOG,57,3146,13522002
SLV,BOG,10,619,2716088
SLV,BOG,14,1769,7486651
SLV,BOG,27,1896,8025931
SLV,BOG,14,843,3569370
SLV,BOG,14,793,3356037
SLV,BOG,36,1680,7256672
SLV,BOG,209,4389,18574582
SLV,BOG,43,905,3829002
SLV,BOG,120,2547,10924488
SLV,BOG,59,2214,9508066
SLV,BOG,24,860,3703938
SLV,BOG,14,260,1099889
SLV,BOG,83,1549,6635539
SLV,BOG,14,310,1312249
SLV,BOG,357,6346,26856293
SLV,BOG,149,1985,8536480
SLV,BOG,10,246,1042419
SLV,BOG,6,50,210776
SLV,BOG,154,2066,8887332
SLV,BOG,174,3127,13472636
SLV,BOG,2,17,72197
SLV,BOG,46,357,1538693
SLV,BOG,2,12,49514
SLV,BOG,4,1538,6519761
SLV,BOG,43,667,2875556
SLV,BOG,30,899,3806445
SLV,BOG,86,2273,9803978
SLV,BOG,6,45,189762
SLV,BOG,14,139,597545
SLV,BOG,0,6,27414
SLV,BOG,0,25,102306
SLV,BOG,0,11,45691
SLV,BOG,4,4,18276
SLV,BOG,2,2,9138
SLV,BOG,5,1935,7857706
SLV,BOG,87,1024,4158290
SLV,BOG,3,36,146190
SLV,BOG,6,4686,19781434
SLV,BOG,12,13,54829
SLV,BOG,33,3,13598
SLV,BOG,5,370,1570515
SLV,BOG,1,508,2128407
SLV,BOG,9,426,1806121
SLV,BOG,1,132,544293
SLV,BOG,0,330,1340074
SLV,BOG,4,986,4030423
SLV,BOG,43,287,1211526
SLV,BOG,191,1315,5585362
SLV,BOG,1,889,3770273
SLV,BOG,2,1,4222
SLV,BOG,1575,775,3272120
SLV,BOG,72,148,626220
SLV,BOG,12,911,3837044
SLV,BOG,16,1267,5353831
SLV,BOG,1,98,414663
SLV,BOG,173,160,675534
SLV,BOG,1500,30,126663
SLV,BOG,2,395,1677898
SLV,BOG,5250,560,2456530
SLV,BOG,2400,48,202660
SLV,BOG,60,506,2135533
SLV,BOG,15360,877,3703617
SLV,BOG,2,175,741544
SLV,BOG,0,17,70902
SLV,BOG,1,1146,4838262
SLV,BOG,1,266,1080181
SLV,BOG,0,170,722330
SLV,BOG,0,39,159428
SLV,BOG,1,1309,5314002
SLV,BOG,0,1312,5547762
SLV,BOG,1,2064,8697623
SLV,BOG,1,2995,12725755
SLV,BOG,12,25,109857
SLV,BOG,36,332,1367910
SLV,BOG,1,11310,47751838
SLV,BOG,1,4089,17936307
SLV,BOG,1,5,21533
SLV,BOG,1,2968,12610140
SLV,BOG,2,21,93173
SLV,BOG,1,2019,8184541
SLV,BOG,1,2760,11727750
SLV,BOG,280,2430,10302101
SLV,BOG,2,4890,20859527
SLV,BOG,1,2995,13138047
SLV,BOG,1,556,2289911
SLV,BOG,2,1200,5263992
SLV,BOG,2,1000,4386660
SLV,BOG,100,508,2125829
SLV,BOG,58,10,42828
SLV,BOG,41,43,182948
SLV,BOG,20,460,1924559
SLV,BOG,32,1529,6400682
SLV,BOG,14,75,304359
SLV,BOG,80,100,424900
SLV,BOG,1,500,2030415
SLV,BOG,0,54,230975
SLV,BOG,3,4167,18279212
SLV,BOG,18,34636,146571048
SLV,BOG,0,3,13680
SLV,BOG,0,1,4378
SLV,BOG,101,1037,4405363
SLV,BOG,0,4,18239
SLV,BOG,35,5432,22936293
SLV,BOG,0,513,2164412
SLV,BOG,321,594,2453121
SLV,BOG,4,4,18239
SLV,BOG,8,8038,33935386
SLV,BOG,0,9,36479
SLV,BOG,0,6,27359
SLV,BOG,0,6,27359
SLV,BOG,0,53,215070
SLV,BOG,0,4,18239
SLV,BOG,2,1912,8073143
SLV,BOG,2,2,9120
SLV,BOG,8,684,2887910
SLV,BOG,2,334,1412289
SLV,BOG,7,23514,99278731
SLV,BOG,3,3,13680
SLV,BOG,2,6713,28341708
SLV,BOG,4,4,18239
SLV,BOG,2,2,9120
SLV,BOG,2,2434,10275892
SLV,BOG,2,356,1504331
SLV,BOG,2,7383,31172957
SLV,BOG,2,218,920162
SLV,BOG,1,219,916202
SLV,BOG,11,3482,14761155
SLV,BOG,1,473,1979535
SLV,BOG,1,6451,27412169
SLV,BOG,1,2507,10607644
SLV,BOG,6,1917,8255237
SLV,BOG,2,285,1202684
SLV,BOG,3,1047,4420710
SLV,BOG,5,1133,4800697
SLV,BOG,1,169,705804
SLV,BOG,17,4695,19905161
SLV,BOG,2,1707,7216126
SLV,BOG,3,1322,5583514
SLV,BOG,3,911,3859309
SLV,BOG,1,205,862720
SLV,BOG,6,4601,19754716
SLV,BOG,1,272,1145379
SLV,BOG,13970,138439,584500020
SLV,BOG,605,21619,91570003
SLV,BOG,415,12975,55451964
SLV,BOG,93,2690,11403844
SLV,BOG,1707,24549,103903081
SLV,BOG,47,169,716327
SLV,BOG,13,71,301457
SLV,BOG,121,621,2619930
SLV,BOG,934,13318,56299815
SLV,BOG,157,6990,29612166
SLV,BOG,1,63,267501
SLV,BOG,49,1571,6643736
SLV,BOG,1076,12403,53125198
SLV,BOG,97,289,1224466
SLV,BOG,150,2790,12014593
SLV,BOG,341,1386,5908521
SLV,BOG,19,6300,26768700
SLV,BOG,3,657,2791593
SLV,BOG,265,2195,9289343
SLV,BOG,154,1453,6115027
SLV,BOG,27,739,3115472
SLV,BOG,11,349,1473009
SLV,BOG,518,34080,144056506
SLV,BOG,44,1017,4331862
SLV,BOG,305,13978,59644402
SLV,BOG,4,29,123108
SLV,BOG,200,3838,16310387
SLV,BOG,540,2659,11305627
SLV,BOG,40,205,872954
SLV,BOG,374,3599,14904924
SLV,BOG,120,355,1470663
SLV,BOG,115,378,1565088
SLV,BOG,484,2414,9996418
SLV,BOG,63,638,2641528
SLV,BOG,110,1035,4401806
SLV,BOG,66,444,1838878
SLV,BOG,491,404,1696590
SLV,BOG,51,1394,5886053
SLV,BOG,8,5325,22124640
SLV,BOG,2,115,476779
SLV,BOG,200,2896,11933316
SLV,BOG,10000,1576,6913376
SLV,BOG,489,437531,1892979197
SLV,BOG,1,2363,9738426
SLV,BOG,257,21844,90009422
SLV,BOG,600,32172,132568587
SLV,BOG,8,4706,19948028
SLV,BOG,98000,3185,13533065
SLV,BOG,14,39,170496
ARE,BOG,2282,2913,11829604
ARE,BOG,3810,2026,8554799
ARE,BOG,410,0,892
ARE,BOG,11,1,3740
ARE,BOG,21070,13112,55386600
ARE,BOG,30,15,63188
ARE,BOG,22895,15625,65841390
ARE,BOG,196,12061,51340665
ARE,BOG,8,2912,12694573
ARE,BOG,10,1022,4323683
ARE,BOG,6,1800,7846919
ARE,BOG,8,1984,8649050
ARE,BOG,4,364,1539942
ARE,BOG,27,6127,26688021
ARE,BOG,9,1764,7689982
ARE,BOG,15,2080,8987187
ARE,BOG,99,4771,20184240
ARE,BOG,19,2819,12264035
ARE,BOG,7,672,2842970
ARE,BOG,45,476,2085857
ARE,BOG,270,6682,29313855
ARE,BOG,45,1389,6093071
ARE,BOG,8,456,1929158
ARE,BOG,2,44,186147
ARE,BOG,52,1,2143
ARE,BOG,960,317,1389694
ARE,BOG,13445,9056,39626000
ARE,BOG,50,576,2431924
ARE,BOG,22510,14686,62470986
ARE,BOG,90,391,1649148
ARE,BOG,112,710,2995657
ARE,BOG,12,80,338696
ARE,BOG,308,2020,8529720
ARE,BOG,105,2,10395
ARE,BOG,22,3636,14930424
ARE,BOG,8,636,2620714
ARE,BOG,68,12086,49683471
ARE,BOG,21,2898,11858517
ARE,BOG,14,1960,8076415
ARE,BOG,12,892,3615954
ARE,BOG,20,2610,10754818
ARE,BOG,15,2040,8360600
ARE,BOG,24,2288,9391473
ARE,BOG,11,858,3535492
ARE,BOG,21,2028,8274380
ARE,BOG,1,7275,30128862
ARE,BOG,10875,4910,21539597
ARE,BOG,2700,594,2605676
ARE,BOG,200,120,508662
ARE,BOG,250,212,900756
ARE,BOG,6,8061,34033508
ARE,BOG,72,1,3059
ARE,BOG,300,124,542849
ARE,BOG,2600,769,3372464
ARE,BOG,5000,925,3756268
ARE,BOG,60750,10326,42317956
ARE,BOG,3650,1724,7308837
ARE,BOG,42550,7084,29911397
ARE,BOG,483185,84116,355145618
ARE,BOG,20,52,229422
ARE,BOG,135184,74947,323474964
ARE,BOG,19340,25524,109828482
ARE,BOG,22,1101952,4745052818
ARE,BOG,20,11800,48623316
ARE,BOG,34240,23642,99590240
ARE,BOG,160,48,200976
ARE,BOG,400,240,1019760
ARE,BOG,237,1039,4400162
ARE,BOG,353,1229,5205253
ARE,BOG,4550,33280,137134234
ARE,BOG,100,282,1197475
ARE,BOG,300,1300,5496833
ARE,BOG,1814,7731,32845352
ARE,BOG,264,1136,4823207
ARE,BOG,924,4347,18422926
ARE,BOG,10,58,246621
ARE,BOG,360,1438,6107651
ARE,BOG,1202,5604,23808548
ARE,BOG,2781,10981,46624155
ARE,BOG,50,204,862541
ARE,BOG,25,97,411391
ARE,BOG,400,67,292080
ARE,BOG,36300,5605,24434436
ARE,BOG,16250,2584,11264690
ARE,BOG,2400,571,2427943
ARE,BOG,2400,444,1803009
ARE,BOG,14600,2689,10919572
ARE,BOG,13600,2448,10312200
ARE,BOG,124800,21948,92554079
ARE,BOG,537,1290,5622057
ARE,BOG,130,42640,179621000
ARE,BOG,250,1562,6567797
ARE,BOG,6,16,67984
ARE,BOG,1160,8671,36360628
ARE,BOG,648,3888,16316159
ARE,BOG,685,4891,20543339
ARE,BOG,496,4244,17577678
ARE,BOG,360,1980,8306526
ARE,BOG,18400,2811,11884039
ARE,BOG,12,3700,15721300
ARE,BOG,6,1026,4359474
ARE,BOG,8,936,3977064
ARE,BOG,6,1356,5761644
ARE,BOG,12,2334,9917166
ARE,BOG,3,4167,17661932
ARE,BOG,300,0,253
ARE,BOG,0,0,41
ARE,BOG,4978,2347,9532067
ARE,BOG,100,18,75125
ARE,BOG,200,35,142129
ARE,BOG,6490,3124,12686033
ARE,BOG,700,7,29614
ARE,BOG,21750,3436,14291507
ARE,BOG,2436,240,1016286
ARE,BOG,235,3,13957
ARE,BOG,760,3952,16804260
ARE,BOG,1000,4640,19729698
ARE,BOG,360,1350,5740322
ARE,BOG,65,8365,34756073
ARE,BOG,10,2040,8476078
ARE,BOG,3,114,482290
ARE,BOG,13,671,2837682
ARE,BOG,9,397,1679129
ARE,BOG,9,356,1507789
ARE,BOG,210,5997,25370968
ARE,BOG,4,221,935388
ARE,BOG,5,258,1091497
ARE,BOG,12,331,1398640
ARE,BOG,24,775,3279569
ARE,BOG,25,1033,4371066
ARE,BOG,7,205,865583
ARE,BOG,13,482,2037673
ARE,BOG,7,155,655745
ARE,BOG,4,198,835969
ARE,BOG,19,23582,99690987
ARE,BOG,34,3863,16049287
ARE,BOG,672,1412,5968824
ARE,BOG,1682,4666,19807487
ARE,BOG,1948,6281,26604878
ARE,BOG,556,2236,9622203
ARE,BOG,500,1175,5012630
ARE,BOG,50,117,490048
ARE,BOG,252,924,3870598
ARE,BOG,2241,9508,40225438
ARE,BOG,69450,9539,40268050
ARE,BOG,2800,428,1808443
ARE,BOG,62,398,1692332
ARE,BOG,30,179,759423
ARE,BOG,40,407,1730601
ARE,BOG,104,893,3798647
ARE,BOG,88,710,3021110
ARE,BOG,25,225,956082
ARE,BOG,60,348,1479727
ARE,BOG,2400,326,1377862
ARE,BOG,48750,7020,29634158
ARE,BOG,350,71,301407
ARE,BOG,13300,2268,9598108
ARE,BOG,12250,2082,8813078
ARE,BOG,99100,30169,125350385
ARE,BOG,4400,1100,4643529
ARE,BOG,9,44,182817
ARE,BOG,379,2072,8925133
ARE,BOG,380,1830,7857310
ARE,BOG,148,438,1923550
ARE,BOG,300,2426,10313444
ARE,BOG,8,24,105280
ARE,BOG,1760,8324,36247606
ARE,BOG,35,159,698356
ARE,BOG,60,282,1219275
ARE,BOG,15,49,214069
ARE,BOG,125,381,1653724
ARE,BOG,209,1279,5512607
ARE,BOG,964,4508,19741886
ARE,BOG,8,30,133705
ARE,BOG,5,16,70187
ARE,BOG,37550,6046,26354971
ARE,BOG,41425,9942,42142647
ARE,BOG,78910,16988,72130051
ARE,BOG,280899,59536,252690807
ARE,BOG,120,224,948204
ARE,BOG,645,1733,7330989
ARE,BOG,5400,1242,5277258
ARE,BOG,672,1250,5298223
ARE,BOG,160160,44304,193558150
ARE,BOG,51660,10481,44529104
ARE,BOG,17642,8138,34208428
ARE,BOG,8250,1052,4438792
ARE,BOG,6250,920,3883679
ARE,BOG,53120,8259,36003413
ARE,BOG,220,48,204315
ARE,BOG,586,5630,23716375
ARE,BOG,315,984,4317789
ARE,BOG,60,676,2847650
ARE,BOG,576,3529,15044152
ARE,BOG,154,1340,5643908
ARE,BOG,63,432,1819800
ARE,BOG,419,1931,8276512
ARE,BOG,450,3875,16290217
ARE,BOG,1141,7966,34435361
ARE,BOG,80,660,2780250
ARE,BOG,180,4169,17179689
ARE,BOG,3630,1198,5069477
ARE,BOG,69,142,601532
ARE,BOG,633,2342,9911697
ARE,BOG,125,388,1639888
ARE,BOG,12920,1938,8201558
ARE,BOG,827,334,1413055
ARE,BOG,13800,1528,6451569
ARE,BOG,1800,353,1489306
ARE,BOG,430,102,430708
ARE,BOG,28940,4133,17482641
ARE,BOG,220,33,139329
ARE,BOG,34,15,61727
ARE,BOG,53104,21274,89731784
ARE,BOG,35,72,305125
ARE,BOG,10597,2948,12498380
ARE,BOG,19160,3034,13228163
ARE,BOG,205,6050,25565795
ARE,BOG,30,165,683336
ARE,BOG,405,1431,6176527
ARE,BOG,370,1553,6718842
ARE,BOG,560,2688,11132164
ARE,BOG,1990,9437,39082675
ARE,BOG,35,178,752444
ARE,BOG,1465,8562,36322202
ARE,BOG,226,1638,6785733
ARE,BOG,4526,27180,115541134
ARE,BOG,18,118,488482
ARE,BOG,95,626,2647505
ARE,BOG,116,426,1854274
ARE,BOG,25,145,610957
ARE,BOG,132,745,3149692
ARE,BOG,300,2070,8572760
ARE,BOG,2845,17815,75432342
ARE,BOG,878,6950,29318840
ARE,BOG,78,476,2010822
ARE,BOG,48,277,1169523
ARE,BOG,75,435,1832438
ARE,BOG,210,2226,9420365
ARE,BOG,312,22434,95094403
ARE,BOG,96,10316,43454044
ESP,BOG,450,248,1042594
ESP,BOG,83400,33833,139111131
ESP,BOG,4475,2646,11376426
ESP,BOG,6800,1924,8121954
ESP,BOG,6750,1088,4590762
ESP,BOG,8750,1325,5593342
ESP,BOG,5520,1581,6674018
ESP,BOG,14820,3908,16522425
ESP,BOG,1600,240,1013134
ESP,BOG,2000,264,1119485
ESP,BOG,4860,2984,12378852
ESP,BOG,1590,412,1740479
ESP,BOG,161,1032,4356474
ESP,BOG,20,9415,38795637
ESP,BOG,360,394,1661990
ESP,BOG,19230,3227,13873673
ESP,BOG,1800,390,1642614
ESP,BOG,20180,11391,49281072
ESP,BOG,23606,4480,19003246
ESP,BOG,14400,26488,109145334
ESP,BOG,82,298,1308058
ESP,BOG,55,199,872024
ESP,BOG,142,517,2267333
ESP,BOG,21,75,327026
ESP,BOG,360,58,252672
ESP,BOG,6,2,8773
ESP,BOG,9,3,13160
ESP,BOG,4,2,8773
ESP,BOG,6,3,13160
ESP,BOG,6,3,13160
ESP,BOG,9,3,13160
ESP,BOG,5,2,8773
ESP,BOG,13,9,39480
ESP,BOG,8,4,17547
ESP,BOG,10,5590,23693306
ESP,BOG,73100,24833,108830592
ESP,BOG,10800,1545,6735272
ESP,BOG,76825,14357,61047256
ESP,BOG,125,1,5278
ESP,BOG,244500,33581,141778778
ESP,BOG,75000,11140,47034083
ESP,BOG,35850,16994,71748086
ESP,BOG,24530,2005,8795692
ESP,BOG,1062,465,2040236
ESP,BOG,5031,35468,150343532
ESP,BOG,975,2430,10300406
ESP,BOG,15032,17788,75547443
ESP,BOG,39000,2820,11431603
ESP,BOG,20,0,848
ESP,BOG,140,238,1008846
ESP,BOG,5688,13363,56644600
ESP,BOG,12,1470,6175623
ESP,BOG,479292,123404,516864051
ESP,BOG,23400,3251,13829097
ESP,BOG,551510,72245,304785172
ESP,BOG,61000,10497,43019844
ESP,BOG,51530,14542,61772137
ESP,BOG,58630,7248,30567463
ESP,BOG,42700,10055,42527918
ESP,BOG,19920,6197,26317295
ESP,BOG,180,90,382410
ESP,BOG,42,439,1857238
ESP,BOG,1185,1740,7585355
ESP,BOG,106523,29527,125590904
ESP,BOG,87400,20067,81346802
ESP,BOG,13400,1743,7344258
ESP,BOG,128718,15648,67082651
ESP,BOG,2000,260,1053978
ESP,BOG,5700,1380,5863620
ESP,BOG,36980,6892,29494890
ESP,BOG,18530,3229,13902381
ESP,BOG,327,909,3845776
ESP,BOG,2,2,8478
ESP,BOG,4,2,8478
ESP,BOG,556,3441,14560853
ESP,BOG,995,5998,25387066
ESP,BOG,4,4,16955
ESP,BOG,350,1193,5047780
ESP,BOG,48,232,981883
ESP,BOG,4,6,25433
ESP,BOG,2,2,8478
ESP,BOG,2630,66974,277973036
ESP,BOG,173,2897,12129098
ESP,BOG,41,221,923571
ESP,BOG,36,323,1350562
ESP,BOG,150,2903,12156816
ESP,BOG,120,1525,6386028
ESP,BOG,58,3,13340
ESP,BOG,30,2,8443
ESP,BOG,1,0,464
ESP,BOG,136,1052,4345339
ESP,BOG,2,3,14381
ESP,BOG,550,182,791231
ESP,BOG,6600,971,4232977
ESP,BOG,1,2500,10966650
ESP,BOG,52,4500,18743025
ESP,BOG,312775,85428,365580931
ESP,BOG,31000,4662,20325267
ESP,BOG,374960,53089,229146674
ESP,BOG,400,234,992732
ESP,BOG,118,99366,409450928
ESP,BOG,114375,24388,104542004
ESP,BOG,20500,2132,8896995
ESP,BOG,249920,30533,128771460
ESP,BOG,77350,18970,80566822
ESP,BOG,525,2263,9623330
ESP,BOG,450,1725,7334855
ESP,BOG,148,866,3681460
ESP,BOG,47,182,772605
ESP,BOG,177,714,3035567
ESP,BOG,455,1856,7893580
ESP,BOG,634,3456,14695223
ESP,BOG,312,1400,5952926
ESP,BOG,512,1024,4464026
ESP,BOG,62,110,464590
ESP,BOG,352386,88179,372144296
ESP,BOG,2575,535,2169775
ESP,BOG,10000,1220,5150950
ESP,BOG,285820,34537,146741755
ESP,BOG,23800,1655,6708973
ESP,BOG,107550,49461,214384251
ESP,BOG,2460,1524,6517552
ESP,BOG,180,2726,11958035
ESP,BOG,1992,4204,17634429
ESP,BOG,2580,5397,22645141
ESP,BOG,851,6513,27485351
ESP,BOG,332,1594,6698079
ESP,BOG,372,2821,11872307
ESP,BOG,402,2820,11730261
ESP,BOG,1117,3985,16524148
ESP,BOG,1080,4436,18636937
ESP,BOG,7,24,100837
ESP,BOG,1468,6068,25436867
ESP,BOG,260,1352,5666020
ESP,BOG,1899,7715,32415644
ESP,BOG,20,205,861818
ESP,BOG,10,97,394958
ESP,BOG,416,1901,7985428
ESP,BOG,196,29400,124419918
ESP,BOG,88,4883,20570733
ESP,BOG,10,999,4247030
ESP,BOG,225,9609,40857015
ESP,BOG,742,34632,147259699
ESP,BOG,296,22460,95501941
ESP,BOG,224,3249,13816231
ESP,BOG,60,176,726877
ESP,BOG,85,4881,20756110
ESP,BOG,600,2136,9311678
ESP,BOG,886,4452,18342940
ESP,BOG,18,9668,40601731
ESP,BOG,5095,749,3036266
ESP,BOG,1651,17702,71885787
ESP,BOG,1459,35179,142854152
ESP,BOG,212,2866,11639313
ESP,BOG,1,100,412062
ESP,BOG,1,50,219333
ESP,BOG,25,1365,5734163
ESP,BOG,4200,1092,4643282
ESP,BOG,120,507,2157596
ESP,BOG,15700,942,4005469
ESP,BOG,8,60,255280
ESP,BOG,6,4,17081
ESP,BOG,0,54,231570
ESP,BOG,18,611,2596921
ESP,BOG,0,59,250691
ESP,BOG,756,700,2978079
ESP,BOG,0,34,144466
ESP,BOG,0,0,850
ESP,BOG,12,4,18356
ESP,BOG,4,400,1699600
ESP,BOG,1,800,3399200
ESP,BOG,2,100,421250
ESP,BOG,1,50,202688
ESP,BOG,70,237,1003162
ESP,BOG,694,56,229075
ESP,BOG,6,270,1107717
ESP,BOG,1,50,211530
ESP,BOG,140,714,2940062
ESP,BOG,2,1,4239
ESP,BOG,6,3,12717
ESP,BOG,9,2,8478
ESP,BOG,4,2,8478
ESP,BOG,2,1,4239
ESP,BOG,2,1,4239
ESP,BOG,7,5,21194
ESP,BOG,2,1,4239
ESP,BOG,2,1,4239
ESP,BOG,1,1550,6386961
ESP,BOG,90,1840,8071235
ESP,BOG,15,75,317296
ESP,BOG,2720,435,1841753
ESP,BOG,1073770,121492,515140642
ESP,BOG,1600,240,1008367
ESP,BOG,68900,16222,68554373
ESP,BOG,18000,1440,6079810
ESP,BOG,9450,2708,11477746
ESP,BOG,200,65,272222
ESP,BOG,1200,408,1656819
ESP,BOG,52050,12906,56263855
ESP,BOG,56650,13900,58811567
ESP,BOG,4160,6053,25571389
ESP,BOG,524100,52236,227717182
ESP,BOG,2096,5162,21789042
ESP,BOG,954,1494,6315467
ESP,BOG,13160,1900,8023489
ESP,BOG,3110,1337,5643677
ESP,BOG,2640,1190,5023854
ESP,BOG,4000,760,3215264
ESP,BOG,15100,1132,4789051
ESP,BOG,1235,341,1448210
ESP,BOG,9,72,307317
ESP,BOG,33580,7268,30679289
ESP,BOG,80420,12826,54319787
ESP,BOG,655080,96093,406802145
ESP,BOG,1680,302,1279748
ESP,BOG,2800,828,3504071
ESP,BOG,1500,420,1779543
ESP,BOG,3920,893,3779996
ESP,BOG,80480,14287,60411010
ESP,BOG,420,336,1421942
ESP,BOG,5120,1555,6581560
ESP,BOG,263,2196,9293406
ESP,BOG,271081,70666,297419602
ESP,BOG,2690,354,1494794
ESP,BOG,320060,32128,135203995
ESP,BOG,160,38,161816
ESP,BOG,1200,364,1541732
ESP,BOG,3920,745,3148560
ESP,BOG,40,22,92707
ESP,BOG,2000,623,2603846
ESP,BOG,344,5115,21870485
ESP,BOG,18,93,391118
ESP,BOG,20,0,2060
ESP,BOG,338,1480,6164308
ESP,BOG,56,328,1388444
ESP,BOG,620,3938,16408075
ESP,BOG,1510,8720,36323024
ESP,BOG,3878,5817,23969647
ESP,BOG,15,234,990224
ESP,BOG,467,2548,10643336
ESP,BOG,60,558,2358884
ESP,BOG,1080,5400,22251348
ESP,BOG,18,60,247237
ESP,BOG,41,316,1321460
ESP,BOG,200,0,844
ESP,BOG,200,40,169554
ESP,BOG,11,750,3045622
ESP,BOG,131200,8772,36752277
ESP,BOG,574710,60532,250834365
ESP,BOG,80050,15037,62610960
ESP,BOG,1200,245,1008728
ESP,BOG,2550,4585,19160939
ESP,BOG,10500,2730,11901161
ESP,BOG,344450,86038,363707638
ESP,BOG,46920,5825,25395248
ESP,BOG,5705,8729,36899408
ESP,BOG,467500,47382,206556305
ESP,BOG,5688,15813,66846196
ESP,BOG,2475,4551,19240120
ESP,BOG,2160,324,1369674
ESP,BOG,1270,546,2308578
ESP,BOG,10608,11335,47918311
ESP,BOG,119300,4176,17292541
ESP,BOG,53104,2921,12095957
ESP,BOG,1400,348,1472252
ESP,BOG,91200,22400,95175476
ESP,BOG,162195,13516,57181348
ESP,BOG,300,42,177686
ESP,BOG,51040,5673,23998558
ESP,BOG,480,101,425516
ESP,BOG,141775,28642,121440392
ESP,BOG,159970,22595,95743482
ESP,BOG,1365775,197750,837360503
ESP,BOG,392,74,315197
ESP,BOG,200,58,245454
ESP,BOG,350,102,429545
ESP,BOG,366000,54935,230899362
ESP,BOG,2192,501,2118693
ESP,BOG,439883,118391,501458034
ESP,BOG,36750,2580,11317583
ESP,BOG,126170,11186,47764458
ESP,BOG,140,35,147959
ESP,BOG,234388,39158,167083647
ESP,BOG,20700,4858,21310394
ESP,BOG,1440,1046,4379612
ESP,BOG,5410,1476,6012800
ESP,BOG,1800,11700,48454731
ESP,BOG,22,23,97230
ESP,BOG,480,1767,7447035
ESP,BOG,1356,9540,40472066
ESP,BOG,550,3300,13965501
ESP,BOG,800,2854,12028612
ESP,BOG,238,1332,5699429
ESP,BOG,825,4316,18185213
ESP,BOG,42,190,805767
ESP,BOG,270,3726,15430968
ESP,BOG,4,67,281926
ESP,BOG,158,2558,10844038
ESP,BOG,258,4165,17655700
ESP,BOG,450,7277,30847129
ESP,BOG,54,878,3720057
ESP,BOG,133,2153,9125523
ESP,BOG,30,484,2050417
ESP,BOG,18,292,1238168
ESP,BOG,451,6148,26058966
ESP,BOG,12,723,3062654
ESP,BOG,21,941,3988927
ESP,BOG,7,206,873585
ESP,BOG,105,13339,56541596
ESP,BOG,360,4,15792
ESP,BOG,1,1,4155
ESP,BOG,1460,9283,38515414
ESP,BOG,10,55,230864
ESP,BOG,2165,11462,47811709
ESP,BOG,1544,9820,42139894
ESP,BOG,1448,6186,26565747
ESP,BOG,2,90426,384500383
ESP,BOG,15755,13369632,57635885351
ESP,BOG,370,6290,26049595
SVK,BOG,66,77100,327597900
SVK,BOG,500,5248,21312048
SVK,BOG,40,420,1704980
SVK,BOG,318,3828,15542827
SVK,BOG,10731,14860,62867499
SVK,BOG,15,68,284344
SVN,BOG,2400,336,1427664
SVN,BOG,7200,2232,9483768
SVN,BOG,900,117,494981
SVN,BOG,1620,211,890966
SVN,BOG,15225,4110,17466946
SVN,BOG,3550,419,1782328
SVN,BOG,400,64,273681
USA,BOG,432,6973,29629169
USA,BOG,271,6302,26775243
USA,BOG,4330,2084,8840266
USA,BOG,1920,230,972770
USA,BOG,300,36,151995
USA,BOG,150,18,75998
USA,BOG,8474,3765,16287670
USA,BOG,84,11,46975
USA,BOG,40,96,403347
USA,BOG,55962,27965,118236198
USA,BOG,5064,1023,4216301
USA,BOG,1346,8197,34322931
USA,BOG,166680,77331,330666475
USA,BOG,815,130,539421
USA,BOG,74,1342,5576710
USA,BOG,960,115,487523
USA,BOG,53065,24265,100973297
USA,BOG,10136,1723,7304047
USA,BOG,6845,1780,7543881
USA,BOG,68292,29746,124613254
USA,BOG,4,28,116932
USA,BOG,225,851,3599200
USA,BOG,5845,17866,75524859
USA,BOG,3480,422,1779360
USA,BOG,12744,6074,25988602
USA,BOG,190,76,322937
USA,BOG,30,198,834075
USA,BOG,1200,404,1705442
USA,BOG,8960,1072,4532100
USA,BOG,720,173,730493
USA,BOG,95453,41809,171843834
USA,BOG,2220,956,4037337
USA,BOG,259,3025,12769705
USA,BOG,394,2652,11102611
USA,BOG,130,559,2375191
USA,BOG,455,4644,19732356
USA,BOG,114,1425,6054825
USA,BOG,118,1292,5490133
USA,BOG,652,5721,24718160
USA,BOG,299,2661,11307014
USA,BOG,293,2357,10013193
USA,BOG,748,15714,66769041
USA,BOG,3440,1028,4356690
USA,BOG,2640,3010,12787790
USA,BOG,5355,3437,14510648
USA,BOG,996,148,617925
USA,BOG,16560,4184,17496265
USA,BOG,336,806,3388114
USA,BOG,22200,4014,16980336
USA,BOG,6480,3517,14876746
USA,BOG,47824,16896,70791177
USA,BOG,29,312,1318946
USA,BOG,70,0,307
USA,BOG,144,42,173066
USA,BOG,2,1570,6476048
USA,BOG,553,4491,18483444
USA,BOG,5,64,268719
USA,BOG,7693,98252,412311983
USA,BOG,301,5357,22679416
USA,BOG,234,3381,14278421
USA,BOG,208,1882,7965456
USA,BOG,252,2220,9391337
USA,BOG,420,5554,22986528
USA,BOG,234,3531,14951594
USA,BOG,1760,17615,73452756
USA,BOG,385,3990,16797993
USA,BOG,12,153,630455
USA,BOG,16,204,840606
USA,BOG,103,1303,5448490
USA,BOG,900,558,2365278
USA,BOG,72,1058,4457032
USA,BOG,188,1165,4810232
USA,BOG,5,111,468625
USA,BOG,81,571,2382677
USA,BOG,57,1310,5611263
USA,BOG,42,905,3843348
USA,BOG,49,1127,4680418
USA,BOG,43,1021,4138200
USA,BOG,30,700,2837632
USA,BOG,103,1020,4263474
USA,BOG,448,13907,58932651
USA,BOG,463,11733,49417899
USA,BOG,1,27,113111
USA,BOG,41,779,3384728
USA,BOG,27,1134,4672783
USA,BOG,2508,91546,390094329
USA,BOG,176,862,3550738
USA,BOG,2,12,49447
USA,BOG,81,1252,5316775
USA,BOG,3,66,270024
USA,BOG,3747,71513,297429415
USA,BOG,38,1019,4428705
USA,BOG,4869,97558,415816233
USA,BOG,590,11570,50753218
USA,BOG,23,854,3628221
USA,BOG,3272,69988,296627297
USA,BOG,44,652,2747155
USA,BOG,10,448,1898062
USA,BOG,4,71,294212
USA,BOG,174,5916,25077037
USA,BOG,185,16006,68362017
USA,BOG,1,78,321408
USA,BOG,231,27891,120257893
USA,BOG,68,18208,79716999
USA,BOG,56,9545,41703860
USA,BOG,3,86,363221
USA,BOG,5089,162275,681489386
USA,BOG,2,60,247237
USA,BOG,7,191,809620
USA,BOG,80,22653,99341962
USA,BOG,1,34,140101
USA,BOG,145,2779,11457135
USA,BOG,29,6202,27194892
USA,BOG,33,6681,29304428
USA,BOG,197,3790,16155874
USA,BOG,196,11097,47723970
USA,BOG,28,1386,5823536
USA,BOG,2,73,309266
USA,BOG,56,815,3489100
USA,BOG,8003,248712,1064736055
USA,BOG,572,5741,23279045
USA,BOG,187,10619,45669119
USA,BOG,487,7276,30840940
USA,BOG,93,1609,6624808
USA,BOG,59,920,3873753
USA,BOG,1,34,140101
USA,BOG,155,576,2434104
USA,BOG,3499,18662,78145413
USA,BOG,4180,10759,43690511
USA,BOG,4,2280,9579488
USA,BOG,35,13327,56489458
USA,BOG,21888,9850,43206846
USA,BOG,400,47,198057
USA,BOG,93249,44421,187824718
USA,BOG,400,180,761510
USA,BOG,53,501,2120779
USA,BOG,531,1989,8725067
USA,BOG,1954,5534,23831928
USA,BOG,290,992,4351567
USA,BOG,11955,5762,24139904
USA,BOG,40687,6293,26731384
USA,BOG,21589,5939,25251377
USA,BOG,780,638,2710792
USA,BOG,300,91,387791
USA,BOG,500,228,969477
USA,BOG,21748,80085,340527394
USA,BOG,27882,13774,58120831
USA,BOG,6627,5757,24338663
USA,BOG,91640,58284,246267373
USA,BOG,17292,4228,17821255
USA,BOG,15000,4472,18921269
USA,BOG,88674,41011,173641464
USA,BOG,60655,38130,160322368
USA,BOG,7920,9029,38120406
USA,BOG,564,5772,24494361
USA,BOG,13140,98550,432305343
USA,BOG,1362,6812,29884121
USA,BOG,5592,43589,191208236
USA,BOG,189,1212,5128007
USA,BOG,374,1931,8288900
USA,BOG,9874,48772,213356943
USA,BOG,3250,15797,68912304
USA,BOG,88276,450477,1971120229
USA,BOG,864,2060,8490538
USA,BOG,720,1944,8010485
USA,BOG,44,354,1505240
USA,BOG,50,536,2281246
USA,BOG,250,50,210698
USA,BOG,311,62,264480
USA,BOG,49,42,176987
USA,BOG,709,6032,25630393
USA,BOG,3850,52076,220233849
USA,BOG,694,9814,41154507
USA,BOG,270,7167,30453858
USA,BOG,5000,3950,16276449
USA,BOG,3,176457,727111378
USA,BOG,1,44165,181986358
USA,BOG,80,24,101135
USA,BOG,278,860,3625068
USA,BOG,184,589,2481186
USA,BOG,68,338,1434038
USA,BOG,138,613,2582110
USA,BOG,1165,4133,17428743
USA,BOG,8964,31818,134347368
USA,BOG,0,60,254331
USA,BOG,16,11,46384
USA,BOG,12,12,49697
USA,BOG,12,10,40586
USA,BOG,44,3650,15116220
USA,BOG,200,3500,14835975
USA,BOG,11125,2506,10896155
USA,BOG,252,22994,94748506
USA,BOG,11,2420,10615717
USA,BOG,28,3640,15563921
USA,BOG,24,3683,16096023
USA,BOG,118,21562,91395964
USA,BOG,2,832,3505053
USA,BOG,12,5908,24686648
USA,BOG,6,508,2203406
USA,BOG,1,329,1396404
USA,BOG,1,331,1392442
USA,BOG,27,2817,12028129
USA,BOG,12,1762,7266364
USA,BOG,13,1943,8019507
USA,BOG,5,390,1710797
USA,BOG,10,1400,6141324
USA,BOG,4,1058,4484576
USA,BOG,49,743,3076710
USA,BOG,300,3000,12747000
USA,BOG,12,2245,9297013
USA,BOG,3,3899,16527276
USA,BOG,3,1702,7214523
USA,BOG,4,1725,7312016
USA,BOG,1,171,724843
USA,BOG,1,201,852009
USA,BOG,1,165,699410
USA,BOG,1,130,551050
USA,BOG,2117,10436,44234519
USA,BOG,122250,33168,140930832
USA,BOG,1,6297,26692038
USA,BOG,1416,5260,21323386
USA,BOG,2524,88278,362446547
USA,BOG,2868,82431,339215024
USA,BOG,216,2890,12141245
USA,BOG,565,26051,110245612
USA,BOG,75,150,637721
USA,BOG,30320,11040,46928400
USA,BOG,102,5016,20669030
USA,BOG,1140,34214,145374776
USA,BOG,148,2847,11559356
USA,BOG,1395,248,1011292
USA,BOG,13200,350,1465537
USA,BOG,520,17860,75888415
USA,BOG,50,1212,5149788
USA,BOG,500,6540,28510475
USA,BOG,440,5592,23762532
USA,BOG,51,2769,11765481
USA,BOG,820,6472,27499528
USA,BOG,2576,59412,246852506
USA,BOG,1024,26006,108888848
USA,BOG,746,5167,21468575
USA,BOG,2130,2409,10235841
USA,BOG,75,56,237791
USA,BOG,21,96,387809
USA,BOG,6462,7076,29679592
USA,BOG,16,55,232506
USA,BOG,100,6077,24678476
USA,BOG,85,3538,14367217
USA,BOG,60,1532,6222816
USA,BOG,34,414,1750808
USA,BOG,1128,10529,44509344
USA,BOG,615,18175,73806397
USA,BOG,5650,11187,48768608
USA,BOG,13,627,2653251
USA,BOG,819,7780,32891208
USA,BOG,14,243,1026127
USA,BOG,17,2625,10928582
USA,BOG,32,7473,31051196
USA,BOG,98,22140,92019268
USA,BOG,133,11585,47379901
USA,BOG,18,267,1130517
USA,BOG,37,750,3174973
USA,BOG,45,556,2351537
USA,BOG,18,4299,17862087
USA,BOG,64,6697,27853356
USA,BOG,1860,11666,49004042
USA,BOG,5189,85910,356708163
USA,BOG,1860,35987,152464971
USA,BOG,5050,65619,277354262
USA,BOG,36,261,1104358
USA,BOG,16,78,331746
USA,BOG,250,1140,4815362
USA,BOG,48,154,651723
USA,BOG,100,220,934780
USA,BOG,38955,101056,427203124
USA,BOG,20,1657,7269573
USA,BOG,3,45,191398
USA,BOG,3,45,191398
USA,BOG,21,317,1339996
USA,BOG,1440,4147,16811753
USA,BOG,59,4071,17222813
USA,BOG,49,2434,10297305
USA,BOG,22,1540,6515139
USA,BOG,122,8424,35638659
USA,BOG,53,2014,8520449
USA,BOG,22,1111,4700208
USA,BOG,24,1488,6295148
USA,BOG,27,1485,6282456
USA,BOG,55,1645,6959353
USA,BOG,87,3299,13956782
USA,BOG,2,80,329650
USA,BOG,39,2950,12536250
USA,BOG,260,39,164994
USA,BOG,1,30,126918
USA,BOG,3,455,1933295
USA,BOG,0,30,124243
USA,BOG,1,71,287385
USA,BOG,1,118,479016
USA,BOG,79,500,2031511
USA,BOG,6,644,2615337
USA,BOG,12,340,1379545
USA,BOG,11200,1680,7323791
USA,BOG,41400,5756,25092706
USA,BOG,78584,19146,80458963
USA,BOG,64830,11343,46547172
USA,BOG,58835,8535,36128557
USA,BOG,8320,2371,9928238
USA,BOG,14400,3532,14767406
USA,BOG,29850,3814,16131488
USA,BOG,96250,10524,45273172
USA,BOG,9600,2153,9148097
USA,BOG,80388,19247,79461411
USA,BOG,35285,5012,21203267
USA,BOG,1302,10328,43773345
USA,BOG,6739,63649,269274307
USA,BOG,8,52,219512
USA,BOG,734896,168567,710643068
USA,BOG,85398,12172,53061353
USA,BOG,85174,12473,54170617
USA,BOG,31513,203046,855665666
USA,BOG,21720,5447,23145112
USA,BOG,1,30,124648
USA,BOG,5,1849,7682484
USA,BOG,1,270,1121834
USA,BOG,6,4244,17633565
USA,BOG,8281140,2142806,9036575233
USA,BOG,30590,7832,31748238
USA,BOG,787696,150354,640195730
USA,BOG,349457,72924,310163923
USA,BOG,359793,213147,902136217
USA,BOG,37349,9168,38951405
USA,BOG,25447,16027,67961982
USA,BOG,54787,12915,54413966
USA,BOG,178,522,2219593
USA,BOG,1138795,271880,1148965718
USA,BOG,207445,71255,300221464
USA,BOG,72093,16431,69216472
USA,BOG,5632,25806,104609304
USA,BOG,2186814,7457739,31549294957
USA,BOG,200,416,1752400
USA,BOG,118,8775,36963382
USA,BOG,292802,71065,299534531
USA,BOG,8034,1808,7329847
USA,BOG,430744,85153,359549909
USA,BOG,482694,84047,355327344
USA,BOG,1250,112,456048
USA,BOG,59916,136710,579971275
USA,BOG,3550,746,3270255
USA,BOG,6682,5411,22938325
USA,BOG,183660,29385,124036709
USA,BOG,13747,12179,51594263
USA,BOG,395397,275631,1165080569
USA,BOG,2015,8738,36911076
USA,BOG,2380,16405,68006880
USA,BOG,700,105,443246
USA,BOG,93,8733,36596880
USA,BOG,154,3160,13021489
USA,BOG,9,714,2988048
USA,BOG,1495,30845,129613400
USA,BOG,1,3000,12747000
USA,BOG,1,48,202627
USA,BOG,496,6344,26631963
USA,BOG,35,521,2146843
USA,BOG,560,8192,33756119
USA,BOG,599,38659,160271872
USA,BOG,1721,105958,440008465
USA,BOG,2406,80370,334720795
USA,BOG,51520,4729,19967699
USA,BOG,42,73419,307406087
USA,BOG,1525,18750,79726688
USA,BOG,1,10360,43795211
USA,BOG,8,23228,98193477
USA,BOG,58,43253,182846962
USA,BOG,1,1307,5524861
USA,BOG,25,5941,25036249
USA,BOG,2,1359,5749061
USA,BOG,1,4470,18897406
USA,BOG,10,1259,5315996
USA,BOG,6,4816,20331185
USA,BOG,2,956,4035902
USA,BOG,2,1131,4773632
USA,BOG,2415,12924,54383825
USA,BOG,518,35835,151603909
USA,BOG,2784,175392,742015149
USA,BOG,6,6,24724
USA,BOG,7,2104,8884713
USA,BOG,480,11811,50185916
USA,BOG,2,6840,29063160
USA,BOG,1,22964,96957764
USA,BOG,1,5711,24896010
USA,BOG,7,95320,405310409
USA,BOG,3,4500,19120500
USA,BOG,1610,196,819601
USA,BOG,240,2,9144
USA,BOG,4,1,4063
USA,BOG,16,109,454242
USA,BOG,227,213826,914069929
USA,BOG,25,20323,89149521
USA,BOG,2900,819648,3482181239
USA,BOG,480,4006,16880321
USA,BOG,3013,16740,70820410
USA,BOG,146,139,585604
USA,BOG,20,1121,4732118
USA,BOG,180,10374,43801228
USA,BOG,3897,57008,240693118
USA,BOG,705,15941,67304548
USA,BOG,2,65,275914
USA,BOG,32,4000,16614419
USA,BOG,1,495,2072570
USA,BOG,10,280,1172363
USA,BOG,1,185,774597
USA,BOG,1,800,3349608
USA,BOG,1,5000,20935050
USA,BOG,2,800,3349608
USA,BOG,1,2097,8780160
USA,BOG,1,111,464758
USA,BOG,200,52,225599
USA,BOG,4200,644,2807454
USA,BOG,5500,907,3953976
USA,BOG,1085,1953,8229883
USA,BOG,9591,23834,100435340
USA,BOG,55,1680,7079470
USA,BOG,868,13510,54861813
USA,BOG,24677,9963,42229755
USA,BOG,2480,2141,9075378
USA,BOG,644,15000,63022949
USA,BOG,70,4950,20895880
USA,BOG,30,9450,39892136
USA,BOG,34,141770,592403045
USA,BOG,1026,12384,50288588
USA,BOG,4,400,1743759
USA,BOG,42840,8453,35393214
USA,BOG,233400,34084,142200005
USA,BOG,23542,3957,16389417
USA,BOG,12420,1987,8320426
USA,BOG,27250,7645,32343013
USA,BOG,2750,295,1215583
USA,BOG,300,240,1052798
USA,BOG,68,567,2335155
USA,BOG,21,172,713154
USA,BOG,2205,923,4047571
USA,BOG,32,304,1281047
USA,BOG,256,793,3341257
USA,BOG,289,1012,4264538
USA,BOG,574,1797,7570818
USA,BOG,974731,353854,1500142474
USA,BOG,419550,99317,424087550
USA,BOG,312453,75297,319654040
USA,BOG,86756,180148,763619502
USA,BOG,88009,83022,351915855
USA,BOG,170,388,1642978
USA,BOG,415539,121898,516707252
USA,BOG,3490,1669,7076675
USA,BOG,1535145,6552996,27777168026
USA,BOG,4875,13163,55930522
USA,BOG,2,6700,28489003
USA,BOG,1,3800,16157942
USA,BOG,41575,11910,50484704
USA,BOG,123880,29798,126287358
USA,BOG,185638,38021,161161190
USA,BOG,23979,36015,152660275
USA,BOG,233524,36569,154289627
USA,BOG,1200,324,1373387
USA,BOG,43430,32611,138493256
USA,BOG,2990,771,3269934
USA,BOG,2244,11234,47619241
USA,BOG,3832,12939,54504358
USA,BOG,11133,23177,97631259
USA,BOG,197,8128,35652842
USA,BOG,86,549,2406697
USA,BOG,5,8508,35348983
USA,BOG,2,1463,6028632
USA,BOG,189,14439,59993179
USA,BOG,8,20355,83876291
USA,BOG,1,99,406994
USA,BOG,1,1307,5386433
USA,BOG,1,3542,14596101
USA,BOG,1,325,1339325
USA,BOG,14,86216,355265434
USA,BOG,1,2195,9046327
USA,BOG,1,3484,14358053
USA,BOG,1,1780,7333591
USA,BOG,6,53500,222289289
USA,BOG,9,8356,34432148
USA,BOG,104,9423,38827861
USA,BOG,1,1496,6165066
USA,BOG,6,29566,121832146
USA,BOG,6,13035,53710592
USA,BOG,13,18500,74994560
USA,BOG,1236,6178,25583684
USA,BOG,390,2979,12339184
USA,BOG,334,1201,4972201
USA,BOG,5526,17637,73042401
USA,BOG,78710,19502,85549170
USA,BOG,158,790,3454353
USA,BOG,9,700,2974338
USA,BOG,2,100,438666
USA,BOG,8,4,15724
USA,BOG,2,2780,11455406
USA,BOG,2600,730,3008053
USA,BOG,2355,522,2213739
USA,BOG,1,27839,118306402
USA,BOG,23,6160,25894150
USA,BOG,2,11280,47393258
USA,BOG,1,281464,1188367522
USA,BOG,31740,7336,30823264
USA,BOG,5350,594,2457939
USA,BOG,13,100,414143
USA,BOG,540,145,630892
USA,BOG,24056,113019,478015903
USA,BOG,43016,7098,31134933
USA,BOG,42125,7147,31352117
USA,BOG,600,194,851012
USA,BOG,29497,21918,93699205
USA,BOG,4286,596,2543223
USA,BOG,3180,694,2999521
USA,BOG,3860,560,2379440
USA,BOG,240,52,219248
USA,BOG,6390,67482,285490024
USA,BOG,36,612,2562450
USA,BOG,3803,72049,310450231
USA,BOG,2469,14466,61467436
USA,BOG,23,7193,30562420
USA,BOG,5,3048,12950910
USA,BOG,2,85,361165
USA,BOG,2,186,790314
USA,BOG,3,11887,50507863
USA,BOG,20,2287,9717251
USA,BOG,8,4398,18686762
USA,BOG,22,44603,188757500
USA,BOG,45,38672,163659209
USA,BOG,17395,19832,85846363
USA,BOG,6,530,2258611
USA,BOG,2900,174,739864
USA,BOG,81,896,3798010
USA,BOG,1,157,665877
USA,BOG,26,186,788426
USA,BOG,108,84,358196
USA,BOG,50,0,41
USA,BOG,0,0,41
USA,BOG,1,1627,6886981
USA,BOG,2520,818,3447510
USA,BOG,2050,846,3583948
USA,BOG,11300,1918,7967097
USA,BOG,1800,1502,6365481
USA,BOG,50,84,353934
USA,BOG,6000,1020,4315222
USA,BOG,4,39,164994
USA,BOG,285120,74803,317892120
USA,BOG,115200,21964,93340885
USA,BOG,200,28,122063
USA,BOG,1391,25178,103748641
USA,BOG,72175,20030,84375954
USA,BOG,2700,500,2028385
USA,BOG,75020,11206,46958407
USA,BOG,406380,134351,567241549
USA,BOG,97776,15592,65832938
USA,BOG,99200,15057,63573276
USA,BOG,68622,231195,976127829
USA,BOG,505,2877,12224373
USA,BOG,14290,3742,15894444
USA,BOG,1800,3000,12695952
USA,BOG,33600,3343,14213036
USA,BOG,21100,1677,7130755
USA,BOG,360,145,617403
USA,BOG,18725,4240,17189969
USA,BOG,30688,28631,120608762
USA,BOG,6620,7675,32331022
USA,BOG,540,4359,18362919
USA,BOG,618534,1579570,6653938751
USA,BOG,72975,20401,86360676
USA,BOG,2800,530,2232625
USA,BOG,70338,13445,57016065
USA,BOG,25950,6526,27551848
USA,BOG,432,425,1793544
USA,BOG,15916,5087,21652211
USA,BOG,5,2163,8768526
USA,BOG,9,1471,6251068
USA,BOG,13,502,2202103
USA,BOG,60,30,126375
USA,BOG,1,241,976551
USA,BOG,3,514,2186221
USA,BOG,10,96,421119
USA,BOG,4,468,1989374
USA,BOG,2,773,3284856
USA,BOG,8,61472,257640332
USA,BOG,8,643,2731161
USA,BOG,6,1277,5426965
USA,BOG,1,1104,4475270
USA,BOG,1,177,718569
USA,BOG,1,258,1094470
USA,BOG,1,660,2677387
USA,BOG,1,995,4226634
USA,BOG,3,3483,14118800
USA,BOG,1,1076,4360549
USA,BOG,7,8847,37359045
USA,BOG,9,13740,57552471
USA,BOG,1,133,565594
USA,BOG,1,383,1552590
USA,BOG,1,8558,34690578
USA,BOG,1,2432,9858461
USA,BOG,1,382,1549915
USA,BOG,1,491,1989464
USA,BOG,3,4691,19015458
USA,BOG,1,232,942418
USA,BOG,13,25152,103551532
USA,BOG,4,1323,5442345
USA,BOG,1,1047,4450381
USA,BOG,4,11012,46798316
USA,BOG,2,978,3963685
USA,BOG,1,4024,16313992
USA,BOG,8,6124,25881665
USA,BOG,10,15434,64196987
USA,BOG,3,2195,9267355
USA,BOG,1,1074,4352522
USA,BOG,1,113,458075
USA,BOG,1,299,1269048
USA,BOG,1,2181,8842791
USA,BOG,22,1710,7203375
USA,BOG,2,950,3852775
USA,BOG,5,460,1937750
USA,BOG,5,1530,6445125
USA,BOG,392,7860,33110250
USA,BOG,1000,10,42125
USA,BOG,240,2,9889
USA,BOG,60,1411,5816008
USA,BOG,7,25,103016
USA,BOG,1,2383,10127484
USA,BOG,265,445,1804126
USA,BOG,268,623,2580442
USA,BOG,868,1713,7093317
USA,BOG,64,122,505089
USA,BOG,189,402,1665849
USA,BOG,8,34,140726
USA,BOG,8,25,101796
USA,BOG,26,83,344981
USA,BOG,25,95,394098
USA,BOG,101,673,2785733
USA,BOG,209,1287,5329896
USA,BOG,32,147,609991
USA,BOG,6400,1264,5370736
USA,BOG,28000,5192,22060808
USA,BOG,360,216,917784
USA,BOG,1461,23834,104551742
USA,BOG,300,3285,13924622
USA,BOG,605,17629,73744651
USA,BOG,170,5984,24782514
USA,BOG,45,90,380877
USA,BOG,53316,16150,69020475
USA,BOG,15850,5704,24205911
USA,BOG,125136,30477,123546525
USA,BOG,4220,646,2736865
USA,BOG,63350,9994,42265152
USA,BOG,5475,1069,4333469
USA,BOG,210,53,216065
USA,BOG,20230,6120,24809011
USA,BOG,540,189,764701
USA,BOG,4480,1017,4328902
USA,BOG,4960,722,2928031
USA,BOG,280,110,447535
USA,BOG,600,334,1411103
USA,BOG,4260,2961,12575007
USA,BOG,53542,11803,47847056
USA,BOG,37600,7665,31071057
USA,BOG,7,89,377141
USA,BOG,137,2214,9409410
USA,BOG,30,433,1795417
USA,BOG,3,48,196924
USA,BOG,67,19078,80241945
USA,BOG,88,23616,97310914
USA,BOG,28,10693,44061790
USA,BOG,2,342,1409252
USA,BOG,3,591,2435286
USA,BOG,281,3434,14481714
USA,BOG,2734,65896,279334782
USA,BOG,660,18581,78953247
USA,BOG,90,618,2574585
USA,BOG,670,2910870,11945256756
USA,BOG,1,60858,256365884
USA,BOG,1,37899,159651433
USA,BOG,3,59800,254342482
USA,BOG,1,4080,17896520
USA,BOG,1,3215,13031825
USA,BOG,1,9646,39101596
USA,BOG,15,180,784691
USA,BOG,17,517,2205344
USA,BOG,4,123,507660
USA,BOG,33,66,280638
USA,BOG,25229,16191,67728105
USA,BOG,442,508551,2230841777
USA,BOG,3,164483,696087672
USA,BOG,0,12852,52956972
USA,BOG,0,76,318970
USA,BOG,0,9,37550
USA,BOG,0,9,40533
USA,BOG,0,15,65800
USA,BOG,0,2641,11126257
USA,BOG,1,1186,5015430
USA,BOG,41,6770,29697688
USA,BOG,2,11573,50768834
USA,BOG,1,118,501382
USA,BOG,2,5320,22604680
USA,BOG,60,1,2536
USA,BOG,800,33,136667
USA,BOG,1,2,8614
USA,BOG,1,3740,15891260
USA,BOG,1,1894,8017467
USA,BOG,9,5528,23339334
USA,BOG,1,40,164825
USA,BOG,19,1500,6180930
USA,BOG,41350,11599,49070845
USA,BOG,3207235,779456,3284706647
USA,BOG,682108,114412,481725595
USA,BOG,1371297,227990,956866306
USA,BOG,20700,3204,14054859
USA,BOG,90586,142261,608517802
USA,BOG,3019471,742083,3150780206
USA,BOG,3538,1286,5408151
USA,BOG,289444,65909,274703134
USA,BOG,514252,39684,166881942
USA,BOG,2400,486,2038899
USA,BOG,260,214,903377
USA,BOG,8000,4767,20096215
USA,BOG,200,64,270169
USA,BOG,620,101,416183
USA,BOG,1000,280,1181989
USA,BOG,1200,288,1215760
USA,BOG,228085,294416,1249974945
USA,BOG,44746,5956,25195607
USA,BOG,2473,16365,70117070
USA,BOG,1105,4174,17652382
USA,BOG,9631,57433,242685002
USA,BOG,338,1581,6890511
USA,BOG,6982,38340,162778153
USA,BOG,11567,52530,222064797
USA,BOG,1191,11543,48560252
USA,BOG,14395,103313,437759097
USA,BOG,3001,12065,51341580
USA,BOG,122868,600530,2538649697
USA,BOG,147,34692,147430939
USA,BOG,592,20913,88925446
USA,BOG,463,13594,57804315
USA,BOG,1,10500,43266510
USA,BOG,892696,185447,778472775
USA,BOG,303180,39675,167583504
USA,BOG,240685,39911,169071922
USA,BOG,212110,19226,79371725
USA,BOG,197435,870853,3585863114
USA,BOG,129,468,1982551
USA,BOG,605461,111874,473552435
USA,BOG,2200,286,1204775
USA,BOG,36560,4825,20264812
USA,BOG,570,200,843364
USA,BOG,14400,2304,9739907
USA,BOG,648,306,1293603
USA,BOG,114139,35131,148458886
USA,BOG,42690,5207,22030479
USA,BOG,196,1108,4687516
USA,BOG,2328,12562,52919110
USA,BOG,224,739,3113880
USA,BOG,936,5017,21134070
USA,BOG,2544,10481,44564454
USA,BOG,208,1900,8004532
USA,BOG,416,1373,5784938
USA,BOG,23489,66746,281167062
USA,BOG,55,628,2658100
USA,BOG,5171,8490,35930356
USA,BOG,925,731,3092512
USA,BOG,3902,40085,169948460
USA,BOG,4411271,1266465,5378878502
USA,BOG,364995,90112,365290394
USA,BOG,1640435,316264,1354784415
USA,BOG,1815849,345247,1484652947
USA,BOG,251498,344692,1461415392
USA,BOG,156782,48960,206880985
USA,BOG,229305,165936,702584878
USA,BOG,37611,14948,63361652
USA,BOG,10,32,136269
USA,BOG,1112049,642670,2733363262
USA,BOG,12270,5226,22152951
USA,BOG,15829,183,776209
USA,BOG,4939999,16711089,70799939606
USA,BOG,3452,9034,36621344
USA,BOG,15226,66401,279714507
USA,BOG,18,74,311717
USA,BOG,104900,9918,43234916
USA,BOG,4,320,1299628
USA,BOG,16,1086,4547428
USA,BOG,212,4137,17520049
USA,BOG,394,11092,46873811
USA,BOG,2116,31800,132127091
USA,BOG,4402,91356,377309760
USA,BOG,39,1334,5417838
USA,BOG,285,6475,26815759
USA,BOG,443,1339,5650932
USA,BOG,1509,4310,18279614
USA,BOG,72,220,928775
USA,BOG,888,3881,16513799
USA,BOG,2527,7412,31550131
USA,BOG,364,922,3893443
USA,BOG,1393,4973,21813018
USA,BOG,2819,7778,33795494
USA,BOG,22,439,1850860
USA,BOG,37,743,3076586
USA,BOG,1,14,59222
USA,BOG,3,69,285055
USA,BOG,4,81,334917
USA,BOG,955,8295,35096723
USA,BOG,708,28647,121100520
USA,BOG,624,26647,112648107
USA,BOG,3923,29414,124187542
USA,BOG,4610,36718,155025434
USA,BOG,470,330373,1383981118
USA,BOG,2475,40930,173959272
USA,BOG,30,162,710639
USA,BOG,104517,42289,181480363
USA,BOG,239,3115,13233935
USA,BOG,20369,179713,761974952
USA,BOG,108,929,3827232
USA,BOG,400,7600,32315884
USA,BOG,2727927,650424,2782514697
USA,BOG,818722,199706,809561816
USA,BOG,57905,11093,47672567
USA,BOG,12210,1594,6477474
USA,BOG,667554,104732,443887770
USA,BOG,209236,20354,82532467
USA,BOG,33434,5381,22968205
USA,BOG,1116,31,125667
USA,BOG,26655,5232,22678679
USA,BOG,17850,4462,18089904
USA,BOG,650,347,1458609
USA,BOG,1750,1292,5239485
USA,BOG,59476,30288,132834339
USA,BOG,320,90,363217
USA,BOG,51431,32385,141603462
USA,BOG,2807321,462864,1976944453
USA,BOG,296200,45165,183086854
USA,BOG,7251,4541,19180854
USA,BOG,3876,18434,74726728
USA,BOG,993607,611163,2631123413
USA,BOG,392565,1052835,4267941139
USA,BOG,5212,42867,180501616
USA,BOG,1365,5325,22380040
USA,BOG,142,406,1704477
USA,BOG,45,166,701381
USA,BOG,1088,7105,29965255
USA,BOG,33204,150792,636551841
USA,BOG,20350,166219,699000369
USA,BOG,630,5917,25039297
USA,BOG,525,4819,20283284
USA,BOG,408,6300,25538688
USA,BOG,306,5635,23943327
USA,BOG,331,3208,13540995
USA,BOG,41,405,1641773
USA,BOG,10139,33351,140289553
USA,BOG,267,965,3912892
USA,BOG,195,484,2058131
USA,BOG,3528,11698,49308689
USA,BOG,28262,85483,359401929
USA,BOG,1200,6958,30332487
USA,BOG,20,195,803521
USA,BOG,401,7638,31472059
USA,BOG,29,603,2563167
USA,BOG,137,3582,15220938
USA,BOG,17,699,2969541
USA,BOG,145,2670,11344660
USA,BOG,558,9476,40293358
USA,BOG,810,84816,344876464
USA,BOG,64,439,1808952
USA,BOG,198,2357,9710942
USA,BOG,26,210,865330
USA,BOG,18,311,1281513
USA,BOG,95,14025,59449363
USA,BOG,259,14492,61188639
USA,BOG,23,408,1789757
USA,BOG,16630,8336,34560922
USA,BOG,180,5547,23419933
USA,BOG,113,4458,18937682
USA,BOG,380,3800,15404288
USA,BOG,167,2648,11087202
USA,BOG,574,18487,78211329
USA,BOG,25,862,3646519
USA,BOG,127,5655,23932044
USA,BOG,362,7918,33643582
USA,BOG,106,558,2362497
USA,BOG,462,27746,117419436
USA,BOG,2875,18357,77661297
USA,BOG,1587,428,1818572
USA,BOG,1173,21075,89090985
USA,BOG,1,4234,17899307
USA,BOG,4,4350,17664610
USA,BOG,3,5566,23306112
USA,BOG,7,22000,93254700
USA,BOG,83,1094,4799006
USA,BOG,160,320,1359680
USA,BOG,238,3208,14072405
USA,BOG,24300,640,2719360
USA,BOG,2240,2528,10418576
USA,BOG,20,2370,10226225
USA,BOG,8756,21467,90050887
USA,BOG,126,34242,139050941
USA,BOG,1000,5500,22334565
USA,BOG,92,359,1519536
USA,BOG,1439,6661,28225891
USA,BOG,1274,135,574635
USA,BOG,364,3520,14269235
USA,BOG,2159,5734,24228502
USA,BOG,23,104580,442435586
USA,BOG,404,2526,10684448
USA,BOG,643,7028,30830675
USA,BOG,62,549,2274142
USA,BOG,248,53327,216176643
USA,BOG,97,259,1102403
USA,BOG,4,160,676898
USA,BOG,174,1295,5420336
USA,BOG,208,3501,14749226
USA,BOG,10,365,1544173
USA,BOG,260,4684,19909418
USA,BOG,11,301,1273414
USA,BOG,65,609,2567308
USA,BOG,1020,11677,49301345
USA,BOG,552,6112,25957221
USA,BOG,2119,14803,61979220
USA,BOG,186,1596,6721465
USA,BOG,44,1535,6493986
USA,BOG,50,1615,6801924
USA,BOG,271,6308,26572871
USA,BOG,942,8555,36262514
USA,BOG,22,387,1628552
USA,BOG,374,7399,31168288
USA,BOG,410,8543,35988230
USA,BOG,41,10072,42581274
USA,BOG,362,5012,21113892
USA,BOG,23,1520,6430527
USA,BOG,28,812,3435255
USA,BOG,8,1128,4767658
USA,BOG,17,306,1294567
USA,BOG,6186,93312,407974574
USA,BOG,711,5979,25342453
USA,BOG,691,8306,35862719
USA,BOG,10,330,1396101
USA,BOG,213,2946,12410868
USA,BOG,822,11114,48542733
USA,BOG,5,260,1099959
USA,BOG,77,607,2555724
USA,BOG,204,1490,6277257
USA,BOG,238,3567,15025356
USA,BOG,1100,18425,77642397
USA,BOG,1552,9406,39382681
USA,BOG,13866,189147,790413751
USA,BOG,2023,32336,136707068
USA,BOG,1592,16954,71475297
USA,BOG,40,360,1507324
USA,BOG,250,4458,19192858
USA,BOG,1250,17948,77146038
USA,BOG,13,2580,10458701
USA,BOG,1419,4655247,19447112921
USA,BOG,33,1767813,7593175578
USA,BOG,244,6300,26633453
USA,BOG,144,18850,80093650
USA,BOG,1,1512,6424700
USA,BOG,644,1714,7235040
USA,BOG,9,14934,60536865
USA,BOG,11,4309,18307029
USA,BOG,1,678,2749463
USA,BOG,6,6167,25256368
USA,BOG,12963,2050,8507348
USA,BOG,1,817,3367288
USA,BOG,1,2434,10030990
USA,BOG,5,11803,50150947
USA,BOG,1,1890,8239528
USA,BOG,6,198,817284
USA,BOG,600,13200,57544079
USA,BOG,6,20609,86844612
USA,BOG,1,4900,20516349
USA,BOG,41,84434,352072218
USA,BOG,1,600,2472372
USA,BOG,3745,13282,56220448
USA,BOG,1020,2080,8837920
USA,BOG,14,7000,30515799
USA,BOG,340,1718,7114438
USA,BOG,1537,5347,23310584
USA,BOG,3244,11644,50655356
USA,BOG,1891,5047,21916775
USA,BOG,38481,111259,470508098
USA,BOG,1455,45562,191428429
USA,BOG,32,89,376097
USA,BOG,248,616,2595806
USA,BOG,1048,2728,11495710
USA,BOG,25,1735,7340108
USA,BOG,500,15615,66060975
USA,BOG,498,8610,36425552
USA,BOG,125,13906,58832978
USA,BOG,230,6216,26297133
USA,BOG,613,1118,4730118
USA,BOG,1079,5499,23216766
USA,BOG,161,322,1323428
USA,BOG,100,471,1908064
USA,BOG,290502,83118,347450838
USA,BOG,10890,1000,4053760
USA,BOG,2548,22916,95102168
USA,BOG,602,2152,8910784
USA,BOG,102,495,2006611
USA,BOG,1510,6385,26855276
USA,BOG,15,36,153146
USA,BOG,1357,11737,49538439
USA,BOG,1236,5180,21806923
USA,BOG,205,720,2918707
USA,BOG,48155,122057,512846994
USA,BOG,718,2362,9577008
USA,BOG,4,132,556619
USA,BOG,100,1655,6951852
USA,BOG,42,1089,4573954
USA,BOG,42,1900,7982235
USA,BOG,630,6300,26768700
USA,BOG,1270,8120,34326407
USA,BOG,564,6166,25619485
USA,BOG,73,437,1854943
USA,BOG,3849,48690,200632370
USA,BOG,4022,59193,251098567
USA,BOG,52,658,2794284
USA,BOG,5,112845,475358467
USA,BOG,93,20247,83850167
USA,BOG,13,8596,36224803
USA,BOG,1,541,2227401
USA,BOG,10,5865,25727761
USA,BOG,3,3000,13078199
USA,BOG,2,500,2126045
USA,BOG,8,342,1500238
USA,BOG,30,186,764375
USA,BOG,13,168,692223
USA,BOG,275,0,244
USA,BOG,8006,230,943974
USA,BOG,73,300,1236998
USA,BOG,182,408,1733592
USA,BOG,16,80,337767
USA,BOG,1,100,415493
USA,BOG,880,4405,19170650
USA,BOG,8,400,1690956
USA,BOG,35,2200,9200317
USA,BOG,0,10,40523
USA,BOG,0,804,3416767
USA,BOG,1100,637,2700492
USA,BOG,8,120,509625
USA,BOG,1400,84,357176
USA,BOG,4,1150,5011915
USA,BOG,169,2678,11308424
USA,BOG,9,450,1884154
USA,BOG,4,200,837402
USA,BOG,258,5796,24352068
USA,BOG,3,19,79097
USA,BOG,143,1488,6131483
USA,BOG,1134,12544,53172134
USA,BOG,1,94,399526
USA,BOG,266,2089,8788777
USA,BOG,26,545,2316435
USA,BOG,1,1,4708
USA,BOG,2,358,1500469
USA,BOG,1,1304,5683088
USA,BOG,3,60,265305
USA,BOG,36,31,130879
USA,BOG,2,546,2304332
USA,BOG,0,3,14449
USA,BOG,1,2785,11351184
USA,BOG,1,28447,124786352
USA,BOG,1,50,212486
USA,BOG,18,93,406458
USA,BOG,4,12480,50679158
USA,BOG,2,4000,17546640
USA,BOG,5,1276,5593765
USA,BOG,442,33076,140644212
USA,BOG,23,8526,36253957
USA,BOG,4980,1269297,5397164103
USA,BOG,5,40457,175125362
USA,BOG,1,1500,6579990
USA,BOG,1,558,2431543
USA,BOG,44,8108,34676950
USA,BOG,2,3500,15353310
USA,BOG,2,265,1120858
USA,BOG,62,156269,660089516
USA,BOG,14,1682,7150612
USA,BOG,1,20,84994
USA,BOG,2,100,424971
USA,BOG,156,9789,41623581
USA,BOG,39,2086,8869307
USA,BOG,1222,62441,265502796
USA,BOG,1,104,441239
USA,BOG,1,12551,52553089
USA,BOG,347,46354,197103378
USA,BOG,189,10978,46678211
USA,BOG,5,4500,19630410
USA,BOG,45,17978,76443564
USA,BOG,1,59,250691
USA,BOG,1,13500,59219910
USA,BOG,1,50,209350
USA,BOG,5,105556,449131336
USA,BOG,136,538617,2223942857
USA,BOG,6,8800,38328708
USA,BOG,1,19,79195
USA,BOG,1,64150,264338803
USA,BOG,6,148192,617543695
USA,BOG,4,22,93215
USA,BOG,1,1500,6579990
USA,BOG,1,1000,4386660
USA,BOG,4,99960,424730040
USA,BOG,1,11439,50176898
USA,BOG,1,56151,238583857
USA,BOG,1,348288,1480124016
USA,BOG,1,21145,92178292
USA,BOG,1,1000,4386660
USA,BOG,2,1700,7361457
USA,BOG,41,24765,100389826
USA,BOG,2,1054,4467748
USA,BOG,56,617,2634244
USA,BOG,1,3900,17001660
USA,BOG,3,5200,22668879
USA,BOG,61,1341680,5848920359
USA,BOG,279,2878247,12547428795
USA,BOG,1,65202,275634283
USA,BOG,28,6389,27851335
USA,BOG,86,480200,2093383879
USA,BOG,55,45631,198923781
USA,BOG,470,1438244,6269879324
USA,BOG,3,10500,45773699
USA,BOG,2597,322,1351109
USA,BOG,894,9,39350
USA,BOG,2925,57,240073
USA,BOG,1144,39,164876
USA,BOG,122,523,2201810
USA,BOG,19,1,4243
USA,BOG,33,27047,113245724
USA,BOG,1,2000,8454780
USA,BOG,5,13000,54878070
USA,BOG,54,270,1148737
USA,BOG,1,50,211530
USA,BOG,2,31,130585
USA,BOG,14,65,284782
USA,BOG,60,97661,425744279
USA,BOG,101,1970,8184068
USA,BOG,5,6499,26391334
USA,BOG,2,53513,220507521
USA,BOG,960,394301,1666863259
USA,BOG,1,346,1430864
USA,BOG,1,1597,6758019
USA,BOG,1,1800,7649478
USA,BOG,14,117,512186
USA,BOG,422,3806,16261705
USA,BOG,43,489,1989863
USA,BOG,1925,192,812752
USA,BOG,212,2844,11528893
USA,BOG,2712,11297,47606610
USA,BOG,68,550,2284178
USA,BOG,1350,8340,34986643
USA,BOG,472,12635,53725157
USA,BOG,13,35983,149862868
USA,BOG,1808,6834,28612352
USA,BOG,975,6155,26046040
USA,BOG,1279,11770,50677329
USA,BOG,177,3173,13073903
USA,BOG,722,13046,53979696
USA,BOG,171,2938,12292475
USA,BOG,4800,16215,68331420
USA,BOG,2249,20347,84079135
USA,BOG,646,4736,19200553
USA,BOG,100,76,321992
USA,BOG,41,1065,4387059
USA,BOG,243,6310,26001483
USA,BOG,7,408260,1790897768
USA,BOG,0,26398,115800630
USA,BOG,4,231774,981885763
USA,BOG,2,86115,362885689
USA,BOG,1,78585,344726290
USA,BOG,791,15692,66388171
USA,BOG,0,13534,56668333
USA,BOG,700,4900,21494634
USA,BOG,204,4920,21582367
USA,BOG,58,1912,8387294
USA,BOG,451,6600,28062773
USA,BOG,36,170,723280
USA,BOG,1028,13939,58786629
USA,BOG,62,295,1244189
USA,BOG,463,6547,27707554
USA,BOG,43,204,863830
USA,BOG,137,1354,5577259
USA,BOG,273,3063,12437104
USA,BOG,30,1109,4863929
USA,BOG,2294220,557504,2430382720
USA,BOG,56950,7616,33200101
USA,BOG,35400,4684,19358692
USA,BOG,146713,20121,87714049
USA,BOG,63900,9340,38769702
USA,BOG,14000,42280,184315431
USA,BOG,100024,44384,188588806
USA,BOG,7000,1085,4590635
USA,BOG,6064,5457,22499476
USA,BOG,45640,13800,56497214
USA,BOG,6782,8267,34681327
USA,BOG,76250,9912,43212552
USA,BOG,112000,14560,63472863
USA,BOG,85,1588,6707473
USA,BOG,7271952,1695008,7307719553
USA,BOG,3361291,452184,1978961375
USA,BOG,3929656,594761,2558310773
USA,BOG,170497,41756,176302074
USA,BOG,85360,26860,116643847
USA,BOG,113032,95910,413523997
USA,BOG,266335,49790,212983755
USA,BOG,3150,2648,11233212
USA,BOG,3245916,468824,1998335721
USA,BOG,47272,10304,43602145
USA,BOG,768,358,1517129
USA,BOG,1903013,3777207,16010417186
USA,BOG,322,820,3454587
USA,BOG,27,279,1185797
USA,BOG,1013362,253198,1068677653
USA,BOG,20400,3574,15155146
USA,BOG,191144,22246,93478741
USA,BOG,19560,10581,44590479
USA,BOG,28488,6431,27113891
USA,BOG,25056,6826,29943078
USA,BOG,350,186,808669
USA,BOG,141027,106135,444710322
USA,BOG,2031,14879,63051776
USA,BOG,40166,3480,15266015
USA,BOG,4,74353,326160498
USA,BOG,800,199,845862
USA,BOG,4,46,194825
USA,BOG,2684,8336,35023954
USA,BOG,1249,4794,20142135
USA,BOG,909,2885,12121246
USA,BOG,1456,3798,15957411
USA,BOG,16561,34371,144412300
USA,BOG,8750,2908,12305231
USA,BOG,35,72,305125
USA,BOG,2158,891,3765755
USA,BOG,42370,8922,37689573
USA,BOG,510,3570,14471923
USA,BOG,1,9550,39351921
USA,BOG,4,8993,37056736
USA,BOG,15595,5666,24698529
USA,BOG,2800,364,1586822
USA,BOG,17350,2592,11299129
USA,BOG,1500,484,2035641
USA,BOG,870,9195,40085991
USA,BOG,1006,306,1293721
USA,BOG,294,53,223956
USA,BOG,160,54,228563
USA,BOG,160,72,304702
USA,BOG,456116,116889,502864289
USA,BOG,2345789,309904,1352535511
USA,BOG,2547485,410252,1767704418
USA,BOG,599,1016,4313235
USA,BOG,25717,7030,30804022
USA,BOG,11508,10061,44096617
USA,BOG,62044,12196,51568479
USA,BOG,237111,36048,151907893
USA,BOG,40,17,72711
USA,BOG,271615,160490,685413039
USA,BOG,39,300,1268217
USA,BOG,91,920,3884365
USA,BOG,119320,101256,430237594
USA,BOG,472824,131457,550614467
USA,BOG,21900,3384,14282121
USA,BOG,13800,1749,7363900
USA,BOG,60,30,124648
USA,BOG,19520,3651,15525250
USA,BOG,300,240,1011353
USA,BOG,122653,80407,339726823
USA,BOG,2556,21464,90658765
USA,BOG,3685,27071,118601876
USA,BOG,1967,10722,47034558
USA,BOG,18099,82194,349496286
USA,BOG,110,938,3961291
USA,BOG,2290,11555,50321716
USA,BOG,679,4047,17752111
USA,BOG,6180,21928,92925405
USA,BOG,6,120,505500
USA,BOG,5,350,1474375
USA,BOG,1,1800,7582500
USA,BOG,34,236,994471
USA,BOG,14,48,204560
USA,BOG,380,1184,5000854
USA,BOG,300,54,228898
USA,BOG,30,7,30520
USA,BOG,15,15,65800
USA,BOG,8125,1950,8265758
USA,BOG,500,700,2967195
USA,BOG,340,607,2573830
USA,BOG,648,1019,4317523
USA,BOG,360,892,3781054
USA,BOG,200,1080,4577958
USA,BOG,322,1143,4845429
USA,BOG,160,298,1261482
USA,BOG,2540,356,1507335
USA,BOG,752,363,1538533
USA,BOG,9500,2468,10454010
USA,BOG,700,119,501462
USA,BOG,2500,720,3034058
USA,BOG,102,718,3024575
USA,BOG,1806038,433680,1833337270
USA,BOG,4898,4377,18505597
USA,BOG,19832,8354,35328904
USA,BOG,65838,107434,454166516
USA,BOG,54432,95616,404209860
USA,BOG,11748,63439,268182240
USA,BOG,1224,306,1294983
USA,BOG,605472,84766,358339279
USA,BOG,1632,343,1448811
USA,BOG,50169,92156,389579929
USA,BOG,2,19,81174
USA,BOG,5,51,217453
USA,BOG,3200,639,2717086
USA,BOG,7670,1786,7552232
USA,BOG,10612,48858,207748613
USA,BOG,886,38059,154551941
USA,BOG,200,38,161579
USA,BOG,110835,16142,68588463
USA,BOG,26059,7313,31073957
USA,BOG,2811,8776,36872627
USA,BOG,1608,5847,24566346
USA,BOG,1546,1865,7837030
USA,BOG,1559,4068,17091824
USA,BOG,12940,22512,94586020
USA,BOG,400,96,407904
USA,BOG,730,190,827414
USA,BOG,13700,2191,9309415
USA,BOG,69660,18036,78625179
USA,BOG,15900,2226,9704024
USA,BOG,10750,1498,6528200
USA,BOG,11974,39521,172287586
USA,BOG,300,39,165047
USA,BOG,13348,2125,8992090
USA,BOG,300,96,406269
USA,BOG,27346,68784,291093348
USA,BOG,250,62,264928
USA,BOG,4860,750,3174392
USA,BOG,9052,1373,5808934
USA,BOG,20,110,466274
USA,BOG,100,15,63583
USA,BOG,700,147,620544
USA,BOG,2435,1120,4732457
USA,BOG,11582,89181,368540442
USA,BOG,323937,113079,475414032
USA,BOG,32115,9384,39616325
USA,BOG,2500,400,1685588
USA,BOG,344,26,109774
USA,BOG,140867,1755,7420895
USA,BOG,1655,1181,4984388
USA,BOG,240,70,297235
USA,BOG,385351,62923,265722314
USA,BOG,300,90,379257
USA,BOG,283340,1093361,4616101353
USA,BOG,874,3592,15193119
USA,BOG,5473,18100,74959469
USA,BOG,300,6,25384
USA,BOG,42000,2436,10305766
USA,BOG,6750,2140,9092860
USA,BOG,7600,1220,5184646
USA,BOG,3525,624,2646102
USA,BOG,29080,4177,17606000
USA,BOG,38596,7697,32471489
USA,BOG,20000,2255,9581495
USA,BOG,1,92,373838
USA,BOG,280,15723,66142414
USA,BOG,1,260,1053613
USA,BOG,1008518,236035,1028962682
USA,BOG,449066,68362,298016604
USA,BOG,211280,49564,208459631
USA,BOG,355333,57633,251246342
USA,BOG,1187235,221854,931431238
USA,BOG,32427,198609,865816336
USA,BOG,45878,18325,77872687
USA,BOG,294409,84324,354730614
USA,BOG,14000,2164,9052823
USA,BOG,10750,1716,7230756
USA,BOG,95962,99985,420503813
USA,BOG,260,150,636622
USA,BOG,394480,122568,515381926
USA,BOG,12400,6318,26614575
USA,BOG,300,88,370700
USA,BOG,400,127,536780
USA,BOG,160,51,215680
USA,BOG,17880,2198,9256969
USA,BOG,100,38,162625
USA,BOG,120,40,166815
USA,BOG,2980,1374,5786711
USA,BOG,67678,101765,427907972
USA,BOG,150,891,3751652
USA,BOG,10240,24891,105339235
USA,BOG,1,50,210076
USA,BOG,205,4522,19129126
USA,BOG,200,3600,15235092
USA,BOG,4392,1121,4888544
USA,BOG,60360,8450,36838674
USA,BOG,179561,26942,117451042
USA,BOG,80,72,313877
USA,BOG,13714,3617,15367305
USA,BOG,1600,304,1289598
USA,BOG,1500,295,1250832
USA,BOG,620,388,1646458
USA,BOG,350,72,303804
USA,BOG,620,136,577924
USA,BOG,200,80,338595
USA,BOG,450,94,399791
USA,BOG,325,3702,15680126
USA,BOG,19487896,4564722,19387705475
USA,BOG,5104853,973284,4165137669
USA,BOG,11032616,1970016,8405799883
USA,BOG,1186741,863545,3660889878
USA,BOG,329716,471753,1995240904
USA,BOG,344729,573532,2427348399
USA,BOG,581499,125546,535938003
USA,BOG,5849,12603,53240720
USA,BOG,8866574,1308525,5554320276
USA,BOG,1033499,218406,922364533
USA,BOG,260,110,467167
USA,BOG,7106765,11545931,48904075067
USA,BOG,5741,39619,172431513
USA,BOG,518,6573,27085041
USA,BOG,27,988,4070142
USA,BOG,30,881,3632079
USA,BOG,8,135,556819
USA,BOG,81,1015,4183171
USA,BOG,3060,1612,7071296
USA,BOG,1433,10982,46558775
USA,BOG,16415,157243,665957954
USA,BOG,6963,65253,274263542
USA,BOG,4397800,348366,1518666566
USA,BOG,2738646,1099650,4584383902
USA,BOG,72860,9782,40898405
USA,BOG,1214919,140657,587883124
USA,BOG,5,100,406083
USA,BOG,5975,572,2407248
USA,BOG,7858,2099,8980074
USA,BOG,99110,60900,256498460
USA,BOG,9333,11561,50256869
USA,BOG,630,129,537871
USA,BOG,706092,137664,587114662
USA,BOG,104260,28123,122186415
USA,BOG,9590,3161,13184633
USA,BOG,1333682,1012347,4256752899
USA,BOG,23825,120867,509841050
USA,BOG,29542,186287,804272680
USA,BOG,1813,9192,40324372
USA,BOG,18972,112241,477710074
USA,BOG,136,3040,12916748
USA,BOG,163,1538,6501388
USA,BOG,2040,24777,103976248
USA,BOG,26356,130178,559747393
USA,BOG,17101,75095,322520456
USA,BOG,346581,1291031,5513376515
USA,BOG,15,393,1619651
USA,BOG,6,170,698569
USA,BOG,4,382,1572676
USA,BOG,76,1665,6859349
USA,BOG,34,663,2732507
USA,BOG,79,1404,5952108
USA,BOG,500,1391,5895393
USA,BOG,92480,23085,100728865
USA,BOG,92448,16415,71627002
USA,BOG,79,1847,7609302
USA,BOG,123,3320,13680046
USA,BOG,674,1433,5903447
USA,BOG,254,6930,29259084
USA,BOG,76,875,3692640
USA,BOG,0,6186,26220636
USA,BOG,405,3000,12161280
USA,BOG,302,8909,37641510
USA,BOG,6000,720,3158395
USA,BOG,9576,5640,23906097
USA,BOG,4872,7646,32410925
USA,BOG,602,3046,12615293
USA,BOG,8,28,118031
USA,BOG,56,264,1093503
USA,BOG,3108,12195,50503579
USA,BOG,213,1516,6441017
USA,BOG,2032,19656,83486627
USA,BOG,301,1048,4403203
USA,BOG,1484,5561,23548975
USA,BOG,2063,6896,29190081
USA,BOG,22740,85601,364152965
USA,BOG,1158,19173,80765209
USA,BOG,4,1048,4436604
USA,BOG,4,674,2855459
USA,BOG,7,2695,11412668
USA,BOG,12,20035,85648994
USA,BOG,2,1258,5330778
USA,BOG,1,167,708312
USA,BOG,2132,170,721372
USA,BOG,246,43,181615
USA,BOG,2238,105,446663
USA,BOG,200,2,8773
USA,BOG,310,43,182779
USA,BOG,1892,298,1265054
USA,BOG,36,12,50358
USA,BOG,6391,1177,5097049
USA,BOG,23,1,5692
USA,BOG,26,14,62187
USA,BOG,0,0,415
USA,BOG,3,104823,441722663
USA,BOG,1,44477,187423564
USA,BOG,5393,44469,188284868
USA,BOG,3992,45672,193252457
USA,BOG,8,186803,789688923
USA,BOG,6,125037,515229592
USA,BOG,28055,189523,776910253
USA,BOG,131312,960112,4033399712
USA,BOG,1545,14714,62269799
USA,BOG,6500,35035,147588468
USA,BOG,70700,536963,2261734881
USA,BOG,213,11979,50477882
USA,BOG,10,344,1450512
USA,BOG,40227,13839,57104549
USA,BOG,36,1126,4754763
USA,BOG,41589,17267,72044016
USA,BOG,120,412,1751861
USA,BOG,90609,24260,102392681
USA,BOG,1,577,2440323
USA,BOG,2,891,3771447
USA,BOG,15,594,2408136
USA,BOG,147,2794,11325516
USA,BOG,80,979,3970253
USA,BOG,129,7591,30770349
USA,BOG,25,418,1693458
USA,BOG,656,11300,48013700
USA,BOG,656,52,222988
USA,BOG,72,2323,9572942
USA,BOG,26150,10056,42358794
USA,BOG,360,342,1440675
USA,BOG,1600,821,3457199
USA,BOG,1514,5873,24739254
USA,BOG,258,1629,6861741
USA,BOG,1172,19868,84233109
USA,BOG,502,2521,10710327
USA,BOG,150,2052,8718948
USA,BOG,250,3580,15211420
USA,BOG,5,1551,6444229
USA,BOG,1,53,221666
USA,BOG,63,2175,9037950
USA,BOG,15260,3357,14142205
USA,BOG,17450,3357,14104536
USA,BOG,544,1360,5778640
USA,BOG,1010,4212,17073221
USA,BOG,5194,40908,174554538
USA,BOG,143140,30469,128114252
USA,BOG,145,1160,4888205
USA,BOG,1260,10080,42476818
USA,BOG,631,10890,46271610
USA,BOG,114,684,2882355
USA,BOG,1090,9810,41339046
USA,BOG,1985,17634,74309147
USA,BOG,855,18455,80452727
USA,BOG,50,969,4224259
USA,BOG,45,312,1310877
USA,BOG,2449,19337,81243137
USA,BOG,5470,48000,202146355
USA,BOG,52,571,2405169
USA,BOG,72,1595,6719612
USA,BOG,52,535,2254024
USA,BOG,120,2356,9926546
USA,BOG,13,262,1103296
USA,BOG,15,309,1301368
USA,BOG,40,56,235900
USA,BOG,18,342,1440675
USA,BOG,54,369,1554412
USA,BOG,4,114,481068
USA,BOG,3,39,165551
USA,BOG,6,109,459584
USA,BOG,3,68,284344
USA,BOG,14,199,836392
USA,BOG,6,95,399345
USA,BOG,25,623,2566116
USA,BOG,15,393,1621258
USA,BOG,20,402,1657313
USA,BOG,12,241,992410
USA,BOG,5,104,429575
USA,BOG,3,63,261206
USA,BOG,20,26,105488
USA,BOG,20,23,93126
USA,BOG,138,3186,13503704
USA,BOG,1346,12581,53330583
USA,BOG,36,1106,4660204
USA,BOG,56,1465,6170765
USA,BOG,111,4495,18933797
USA,BOG,50,1521,6406581
USA,BOG,126,1592,6716164
USA,BOG,40,581,2448533
USA,BOG,79,1550,6531439
USA,BOG,1456,23917,100868845
USA,BOG,788,13044,55232427
USA,BOG,270,3101,13107289
USA,BOG,29,285,1212410
USA,BOG,196,3508,14803229
USA,BOG,93,1802,7626180
USA,BOG,82,1939,8165973
USA,BOG,81,1205,5121065
USA,BOG,400,4684,19759518
USA,BOG,182,2174,9235966
USA,BOG,71,547,2308550
USA,BOG,985,12919,54460505
USA,BOG,988,17414,73667946
USA,BOG,17,330,1389535
USA,BOG,310,4929,20893292
USA,BOG,48,88,373019
USA,BOG,20372,16171920,69091591190
USA,BOG,4,89,367759
USA,BOG,6,90,372729
USA,BOG,7,144,598022
USA,BOG,9,307,1269762
USA,BOG,198,2556,10852952
USA,BOG,4,86,357820
USA,BOG,16,461,1910028
USA,BOG,182,1640,6911735
USA,BOG,18,416,1722835
USA,BOG,6,113,469638
USA,BOG,16,338,1398147
USA,BOG,188,1899,8064898
USA,BOG,3,54,223637
USA,BOG,8,162,669255
USA,BOG,10,197,815033
USA,BOG,11,264,1094166
USA,BOG,31,868,3594347
USA,BOG,28,1125,4657452
USA,BOG,4,84,347052
USA,BOG,34,612,2600388
USA,BOG,40,720,3037128
USA,BOG,96,1292,5434733
USA,BOG,178,1790,7556191
USA,BOG,694,18524,78184248
USA,BOG,858,15250,64653183
USA,BOG,488,4782,20148639
USA,BOG,213,1664,7036967
USA,BOG,8,162,675297
USA,BOG,128,1271,5384520
USA,BOG,177,2411,10164814
USA,BOG,37,513,2157042
USA,BOG,717,7505,31679562
USA,BOG,41,454,1916491
USA,BOG,1,24,99394
USA,BOG,1131,19820,83801916
USA,BOG,733,11740,49778213
USA,BOG,14,898,3815007
USA,BOG,4,56,237944
USA,BOG,14,226,968631
USA,BOG,26,549,2320181
USA,BOG,13,258,1096375
USA,BOG,58,634,2693866
USA,BOG,12,196,833654
USA,BOG,55,145,606131
USA,BOG,8,151,623699
USA,BOG,53,154,650834
USA,BOG,66,139,586725
USA,BOG,282,3032,12491660
USA,BOG,4174,44870,184894280
USA,BOG,471,6529,26903528
USA,BOG,113,2876,12082970
USA,BOG,952,3134,13250373
USA,BOG,60,1465,6424439
USA,BOG,267,1149,4840587
USA,BOG,1446,4662,19646539
USA,BOG,12330,39395,166008547
USA,BOG,714,4753,20114553
USA,BOG,88,1352,5706915
USA,BOG,1649,9466,39965966
USA,BOG,7996,28368,120013728
USA,BOG,6412,19224,81009696
USA,BOG,34814,118374,484446704
USA,BOG,39,200,847770
USA,BOG,2179,21713,92037302
USA,BOG,7180,80442,340980724
USA,BOG,385,3696,15666790
USA,BOG,60,144,610394
USA,BOG,32,830,3640928
USA,BOG,1524,16329,71630999
USA,BOG,6408,101985,428032485
USA,BOG,30052,157907,661213687
USA,BOG,1086,12731,54712161
USA,BOG,71,17194,74235837
USA,BOG,35,8500,35202155
USA,BOG,21,2842,12046812
USA,BOG,5,1200,5040576
USA,BOG,40,790,3356710
USA,BOG,345,3845,16337405
USA,BOG,150,2110,8965390
USA,BOG,270,3578,15205046
USA,BOG,230,54368,233969283
USA,BOG,17,6519,27118793
USA,BOG,44,24470,103079875
USA,BOG,20,3446,14514083
USA,BOG,188,54755,227013932
USA,BOG,6,1834,7705438
USA,BOG,18,4266,17970525
USA,BOG,22,6336,26690400
USA,BOG,1,154,648632
USA,BOG,25,7022,29273799
USA,BOG,1085,17100,72380225
USA,BOG,350,4815,20458935
USA,BOG,47,7001,29676189
USA,BOG,40,4960,21757834
USA,BOG,12,2196,9330804
USA,BOG,106,24606,102242988
USA,BOG,31,5524,24015172
USA,BOG,8,1584,6421156
USA,BOG,4637,24052,101954261
USA,BOG,1710122,16341,68671935
USA,BOG,1474,48858,207673213
USA,BOG,40,1411,5971056
USA,BOG,657,3159,13354875
USA,BOG,200,964,4073471
USA,BOG,2243,8927,37738756
USA,BOG,24,9933,40930943
USA,BOG,1286,16718,70241179
USA,BOG,100,1600,6647903
USA,BOG,3582,68520,287857116
USA,BOG,192,5363,22388516
USA,BOG,1388,38091,159986080
USA,BOG,2642,69407,292477583
USA,BOG,204,4627,19498250
USA,CTG,83934,701860,3029060642
EST,BOG,11402,8702,36787593
EST,BOG,3510,2456,10775392
EST,BOG,4930,3769,15304050
EST,BOG,4001,660,2680148
EST,BOG,17200,2836,12053351
EST,BOG,73400,11277,48617758
EST,BOG,80,208,912425
EST,BOG,13222,17139,75100048
EST,BOG,90,81,353111
EST,BOG,1311,1247,5373528
EST,BOG,24100,2651,11190905
EST,BOG,1000,204,861164
EST,BOG,3200,512,2232013
EST,BOG,20800,3286,14326732
EST,BOG,650,256,1085146
PHL,BOG,1346,4725,19949375
PHL,BOG,5,5168,21906377
PHL,BOG,98,1469,6082932
PHL,BOG,11,4100,17379285
PHL,BOG,191,9071,37981205
PHL,BOG,388,9040,37852664
PHL,BOG,154,6248,26378166
PHL,BOG,400,96,405829
PHL,BOG,480,67,284081
PHL,BOG,1242,436,1818671
FIN,BOG,14400,2143,9046757
FIN,BOG,12800,1905,8041561
FIN,BOG,1328,4032,17687013
FIN,BOG,711600,111703,474626174
FIN,BOG,21947,4188,17771881
FIN,BOG,16221,6700,28345840
FIN,BOG,350,54,237976
FIN,BOG,6,6227,27315337
FIN,BOG,75,4442,18792793
FRA,BOG,35000,18858,79442086
FRA,BOG,400,184,758194
FRA,BOG,37518,19108,81299302
FRA,BOG,480,299,1265528
FRA,BOG,480,248,1043858
FRA,BOG,6415,3551,14858473
FRA,BOG,3710,2036,8650114
FRA,BOG,12,37,163184
FRA,BOG,227,551,2416172
FRA,BOG,34,112,492183
FRA,BOG,92,1039,4367238
FRA,BOG,1339,35331,153571721
FRA,BOG,80,44,186509
FRA,BOG,9,44,186509
FRA,BOG,450,214,903897
FRA,BOG,274,1611,6815555
FRA,BOG,768,4892,20695425
FRA,BOG,2340,12604,53322608
FRA,BOG,51,2661,11253172
FRA,BOG,144,15234,61754210
FRA,BOG,1960900,58907,250294951
FRA,BOG,2,7000,29549730
FRA,BOG,19282,5098,21417041
FRA,BOG,36,1911,8119712
FRA,BOG,31075,9557,38809352
FRA,BOG,23420,2534,10290143
FRA,BOG,15600,1989,8378662
FRA,BOG,3600,678,2856075
FRA,BOG,61125,126122,551463302
FRA,BOG,9377,47671,208535227
FRA,BOG,1010,5570,24325509
FRA,BOG,755,3182,13889068
FRA,BOG,1452,3847,16828612
FRA,BOG,156,852,3718521
FRA,BOG,4278,18184,79459079
FRA,BOG,45820,8121,34136522
FRA,BOG,550,160,670144
FRA,BOG,7300,1157,5077120
FRA,BOG,1776,3315,14542655
FRA,BOG,16,154,676116
FRA,BOG,472,9902,43438769
FRA,BOG,18400,8170,35618129
FRA,BOG,2,3993,16968922
FRA,BOG,1,1502,6385147
FRA,BOG,1,1429,6072198
FRA,BOG,265,159781,700680749
FRA,BOG,236,143208,608514897
FRA,BOG,77,933,3948555
FRA,BOG,11800,1888,7666847
FRA,BOG,33200,3984,16782600
FRA,BOG,1440,245,1031220
FRA,BOG,4960,1104,4648915
FRA,BOG,39980,7957,33517178
FRA,BOG,14,4277,17623892
FRA,BOG,2,342,1409252
FRA,BOG,4,778,3205842
FRA,BOG,14020,30866,134618020
FRA,BOG,840,3200,13951519
FRA,BOG,510,2323,10125012
FRA,BOG,390,1434,6252339
FRA,BOG,300,542,2363797
FRA,BOG,701,2944,12834640
FRA,BOG,39,8917,36661690
FRA,BOG,18000,99680,437262269
FRA,BOG,21160,3303,13976049
FRA,BOG,7950,1323,5598896
FRA,BOG,2400,360,1519700
FRA,BOG,35,23,95868
FRA,BOG,3600,19480,85452137
FRA,BOG,600,5910,24895875
FRA,BOG,640,5696,23471052
FRA,BOG,95,741,3053379
FRA,BOG,305,2220,9149425
FRA,BOG,5,5355,23488897
FRA,BOG,4400,506,2125974
FRA,BOG,2160,257,1079961
FRA,BOG,52880,7647,32430697
FRA,BOG,308,2587,10660868
FRA,BOG,2,1,4121
FRA,BOG,6,3,12362
FRA,BOG,6,3,12362
FRA,BOG,68640,10626,45149874
FRA,BOG,11040,1771,7494412
FRA,BOG,300,84,355485
FRA,BOG,8100,1335,5649680
FRA,BOG,870,1608,6837573
FRA,BOG,2232,15257,64567589
FRA,BOG,728,5180,21819908
FRA,BOG,1085,6170,25989440
FRA,BOG,3114,40107,169336588
FRA,BOG,2110,2992,12629723
FRA,BOG,1695,1515162,6572162296
FRA,BOG,1174,105916,429359868
GEO,BOG,18970,12025,50009854
GEO,BOG,90,1,3727
GEO,BOG,478,6845,28205644
GHA,BOG,31,1000,4238850
GRD,BOG,1225,630,2680943
GRD,BOG,100,25,106302
GRD,BOG,570,188,799818
GRD,BOG,400,160,680334
GRD,BOG,85,64,273835
GRD,BOG,5,54,229613
GRD,BOG,42,1727,7151256
GRD,BOG,181,7237,29973310
GRD,BOG,399,5241,21706891
GRD,BOG,30,2208,9143035
GRD,BOG,341,3140,13003428
GRD,BOG,400,296,1225863
GRD,BOG,164,7291,30195580
GRD,BOG,313,9475,39239635
GRD,BOG,1920,25785,106785861
GRD,BOG,70,5351,22161455
GRD,BOG,867,7932,32849409
GRD,BOG,400,380,1573743
GRD,BOG,37,1435,5944112
GRD,BOG,237,6155,25491951
GRC,BOG,12,55,237849
GRC,BOG,683,14852,64747683
GRC,BOG,21,204,890015
GRC,BOG,22,227,991676
GLP,BOG,9400,1410,5810074
GLP,BOG,2000,500,2060310
GLP,BOG,4600,4504,18651758
GLP,BOG,2600,1350,5590309
GLP,BOG,4800,677,2843596
GLP,BOG,4600,685,2879729
GLP,BOG,5368,1299,5458040
GLP,BOG,1200,1135,4769577
GLP,BOG,2120,606,2547472
GLP,BOG,1200,337,1367688
GLP,BOG,600,192,820455
GLP,BOG,1200,734,2982274
GLP,BOG,708,492,2052158
GLP,BOG,750,150,653910
GLP,BOG,320,155,630241
GLP,BOG,1440,1093,4642491
GLP,BOG,141,1414,6039320
GLP,BOG,3800,3495,14861607
GLP,BOG,310,108,461352
GLP,BOG,1000,300,1275627
GLP,BOG,3094,1485,6314864
GLP,BOG,750,368,1562643
GLP,BOG,440,220,935460
GLP,BOG,170,221,939712
GLP,BOG,12,263,1118300
GLP,BOG,31,210,902253
GUM,BOG,2400,326,1371379
GUM,BOG,425,430,1807078
GUM,BOG,1920,522,2194207
GUM,BOG,1500,548,2328452
GTM,BOG,153,7860,31862351
GTM,BOG,14,1547,6271167
GTM,BOG,4,296,1199102
GTM,BOG,4,309,1254233
GTM,BOG,2,97,392809
GTM,BOG,12,643,2604946
GTM,BOG,300,5966,24228536
GTM,BOG,18,872,3535284
GTM,BOG,5,30,121825
GTM,BOG,132,78615,332742649
GTM,BOG,54,6713,28344790
GTM,BOG,142,5448,22634036
GTM,BOG,15,554,2301837
GTM,BOG,1,100,424900
GTM,BOG,343,4098,17297821
GTM,BOG,510,2657,11260844
GTM,BOG,4120,2543,10780455
GTM,BOG,130,150,633708
GTM,BOG,2113,5899,25006672
GTM,BOG,365,7150,30307778
GTM,BOG,30000,8848,35867668
GTM,BOG,33,6930,29313674
GTM,BOG,13197,6205,25154270
GTM,BOG,260,95700,403643009
GTM,BOG,367,27592,117239045
GTM,BOG,92,58175,241713634
GTM,BOG,1689,70543,297845126
GTM,BOG,620,24428,103869204
GTM,BOG,250,3401,14358087
GTM,BOG,124,7665,32569265
GTM,BOG,1950,20,82309
GTM,BOG,24,24,101434
GTM,BOG,20,350,1420438
GTM,BOG,2,13,52618
GTM,BOG,28,151,623055
GTM,BOG,19,140,580151
GTM,BOG,105,553,2308153
GTM,BOG,156,950,3963403
GTM,BOG,76,477,1982051
GTM,BOG,820,3706,15496887
GTM,BOG,17,87,364026
GTM,BOG,160,702,2947276
GTM,BOG,869,8242,34496489
GTM,BOG,381,1620,6788999
GTM,BOG,1909,4714,19698914
GTM,BOG,5,25,103989
GTM,BOG,259,1132,4708989
GTM,BOG,432,1230,5133108
GTM,BOG,168,524,2194948
GTM,BOG,89,375,1569270
GTM,BOG,1974,4583,19145939
GTM,BOG,746,3378,14093789
GTM,BOG,385,1322,5518219
GTM,BOG,6,7,28555
GTM,BOG,8,94,393736
GTM,BOG,21,232,975901
GTM,BOG,4,47,192466
GTM,BOG,2,21,85904
GTM,BOG,2,13,55527
GTM,BOG,224,1676,7017717
GTM,BOG,75,229,953352
GTM,BOG,4078,68930,291143373
GTM,BOG,188,1220,5104021
GTM,BOG,118,2242,9479866
GTM,BOG,20,117,492416
GTM,BOG,2,6,24690
GTM,BOG,241,1429,5993130
GTM,BOG,16,61,252404
GTM,BOG,1,11,47178
GTM,BOG,165,600,2512535
GTM,BOG,835,13828,58701976
GTM,BOG,7,9,38308
GTM,BOG,17,1439,6115543
GTM,BOG,5,1,2528
GTM,BOG,24,3366,14438417
GTM,BOG,500,8500,36030225
GTM,BOG,16,8560,36858756
GTM,BOG,1600,7634,32442286
GTM,BOG,1118,17731,74237990
GTM,BOG,30,1,2536
GTM,BOG,98,1389,5863342
GTM,BOG,20,2026,8227242
GTM,BOG,6,6,22993
GTM,BOG,2,4,16318
GTM,BOG,4,288,1165578
GTM,BOG,6,2750,11637918
GTM,BOG,32,1017,4323145
GTM,BOG,1,1000,4201530
GTM,BOG,280000,61532,258527031
GTM,BOG,24,15068,64070492
GTM,BOG,296100,19844,83373985
GTM,BOG,195000,6210,26089989
GTM,BOG,551,1179,4989493
GTM,BOG,133,11880,48952966
GTM,BOG,339,51967,214134611
GTM,BOG,625,16526,67510060
GTM,BOG,40000,3043,12602371
GTM,BOG,3010,17815,77664760
GTM,BOG,54,6975,28740500
GTM,BOG,1657,37040,152627765
GTM,BOG,14,438,1850995
GTM,BOG,12,3009,12501467
GTM,BOG,363,11448,48326473
GTM,BOG,23,5872,24397808
GTM,BOG,30,936,3951221
GTM,BOG,7,632,2605880
GTM,BOG,3,883,3667150
GTM,BOG,297,9385,39617618
GTM,BOG,1123,62511,257583665
GTM,BOG,4,984,4090123
GTM,BOG,79,2505,10573822
GTM,BOG,600,25975,108346902
GTM,BOG,694,18342,76796504
GTM,BOG,1153,15797,66568590
GTM,BOG,352,13258,54631592
GTM,BOG,30,7491,31126318
GTM,BOG,102,3208,13541037
GTM,BOG,327,26356,107029266
GTM,BOG,30,1650,6982750
GTM,BOG,286,5011,21207460
GTM,BOG,1,34354,145970698
GTM,BOG,462,15410,64914414
GTM,BOG,30,2,9141
GTM,BOG,10,0,1246
GTM,BOG,5,0,997
GTM,BOG,38,4,16620
GTM,BOG,4,4,18842
GTM,BOG,5,0,831
GTM,BOG,3,20,81217
GTM,BOG,1778,180281,732091833
GTM,BOG,164,3985,16865247
GTM,BOG,30,750,3166568
GTM,BOG,369,6470,27366322
GTM,BOG,56,833,3524450
GTM,BOG,4,100,423197
GTM,BOG,120,2349,9917689
GTM,BOG,43,807,3407227
GTM,BOG,49020,188110,773506676
GTM,BOG,133,312,1291049
GTM,BOG,779,1825,7558897
GTM,BOG,7,22,91111
GTM,BOG,494,924,3824900
GTM,BOG,91,258,1069069
GTM,BOG,9,33,136874
GTM,BOG,168,783,3243402
GTM,BOG,13,313,1294942
GTM,BOG,12,134,556360
GTM,BOG,222,2919,12087219
GTM,BOG,177,2260,9359756
GTM,BOG,354,639,2644593
GTM,BOG,190,563,2382938
GTM,BOG,2100,10500,44646945
GTM,BOG,6,16800,69039208
GTM,BOG,6,350,1525789
GTM,BOG,172,4485,19553653
GTM,BOG,400,1635,6870342
GTM,BOG,7668,45776,191513855
GTM,BOG,1642,22167,91341784
GTM,BOG,18,200,827044
GTM,BOG,320,846,3505058
GTM,BOG,8,15,64109
GTM,BOG,4,9,39137
GTM,BOG,1211,5030,20831310
GTM,BOG,460,1200,5078406
GTM,BOG,237,1450,6026133
GTM,BOG,146,876,3842714
GTM,BOG,304,3360,14242536
GTM,BOG,105,758,3214066
GTM,BOG,3,38,160229
GTM,BOG,390,948,4003144
GTM,BOG,2588,7149,29980743
GTM,BOG,9,23,97361
GTM,BOG,573,1414,5743963
GTM,BOG,1008,3049,12726631
GTM,BOG,39,122,496477
GTM,BOG,130,421,1758396
GTM,BOG,96,313,1317425
GTM,BOG,50,152,635958
GTM,BOG,412,1407,5930699
GTM,BOG,3805,13200,53658351
GTM,BOG,34,72,303348
GTM,BOG,933,4621,19442983
GTM,BOG,114,2147,9005224
GTM,BOG,189,2281,9441295
GTM,BOG,157,1980,8209685
GTM,BOG,836,11447,48310301
GTM,BOG,562,7020,29433882
GTM,BOG,2,39215,165569259
GTM,BOG,35640,5909,24741503
GTM,BOG,1661,2890,12093301
GTM,BOG,60,2524,10233312
GTM,BOG,25,125,531511
GTM,BOG,3037,1182,5026651
GTM,BOG,1012,15224,64401094
GTM,BOG,15500,1235,5130271
GTM,BOG,31000,811,3371485
GTM,BOG,1058,1636,6906447
GTM,BOG,20,210,888597
GTM,BOG,304,3601,15235400
GTM,BOG,6,70,297835
GTM,BOG,490,5513,23323945
GTM,BOG,2535,6374,26906296
GTM,BOG,300,663,2798782
GTM,BOG,16,224,945591
GTM,BOG,105,854,3605067
GTM,BOG,939,2672,11226994
GTM,BOG,24,50,202400
GTM,BOG,568,1292,5298237
GTM,BOG,55,92,390338
GTM,BOG,8018,21470,90496008
GTM,BOG,2054,1844,7681715
GTM,BOG,3,5,21744
GTM,BOG,8,19,79966
GTM,BOG,59,155,657733
GTM,BOG,877,2666,11119685
GTM,BOG,20,220,927821
GTM,BOG,2,19,79375
GTM,BOG,210,1739,7262870
GTM,BOG,2,17,70658
GTM,BOG,4,35,146971
GTM,BOG,973,11663,49342747
GTM,BOG,226,3032,12828606
GTM,BOG,41,547,2313255
GTM,BOG,452,3470,14678313
GTM,BOG,237,2339,9893366
GTM,BOG,22,411,1740219
GTM,BOG,162,2392,10119831
GTM,BOG,36,1389,5878390
GTM,BOG,75,1143,4834953
GTM,BOG,78,290,1225312
GTM,BOG,28,72,302954
GTM,BOG,102,397,1679341
GTM,BOG,63,2216,9373424
GTM,BOG,144,17516,74105395
GTM,BOG,215,13682,57883164
GTM,BOG,56,3293,13930087
GTM,BOG,80,5024,21256277
GTM,BOG,53,2226,9418734
GTM,BOG,14,605,2560957
GTM,BOG,976,20054,84839299
GTM,BOG,508,9907,41911173
GTM,BOG,52,1128,4770859
GTM,BOG,55,1702,7199398
GTM,BOG,254,4886,20512191
GTM,BOG,84,1601,6772572
GTM,BOG,58,1254,5303450
GTM,BOG,2239,39250,166050935
GTM,BOG,294,3067,12974350
GTM,BOG,28,673,2847750
GTM,BOG,68,873,3680462
GTM,BOG,17,350,1463360
GTM,BOG,22,108,455383
GTM,BOG,30,142,598716
GTM,BOG,96,1028,4349194
GTM,BOG,70,731,3093845
GTM,BOG,108,169,716496
GTM,BOG,8,67,281674
GTM,BOG,72,471,1992279
GTM,BOG,10,57,241568
GTM,BOG,4,18,78182
GTM,BOG,70,2943,12451278
GTM,BOG,143,4318,18267647
GTM,BOG,92,3201,13541167
GTM,BOG,42,321,1357476
GTM,BOG,16,3472,14073033
GTM,BOG,10000,2377,9988213
GTM,BOG,97200,7077,29733261
GTM,BOG,50000,1778,7470110
GTM,BOG,300,15758,66665952
GTM,BOG,25000,2028,8577562
GTM,BOG,50000,1091,4615596
GTM,BOG,200,122,503540
GTM,BOG,3,976,4283573
GTM,BOG,90,1800,7309494
GTM,BOG,0,326,1427858
GTM,BOG,37,1389,5966849
GTM,BOG,100,4,16070
GTM,BOG,0,168,710742
GTM,BOG,10500,1120,4913059
GTM,BOG,0,31,132841
GTM,BOG,2,1124,4930606
GTM,BOG,535,87,368571
GTM,BOG,377,388,1641138
GTM,BOG,142,1488,6042515
GTM,BOG,38,551,2236705
GTM,BOG,248,7304,30482248
GTM,BOG,2273,96703,407061163
GTM,BOG,113,4214,17814221
GTM,BOG,421,7000,28844340
GTM,BOG,772,12677,53589355
GTM,BOG,6322,68370,288337901
GTM,BOG,1523,67364,283452132
GTM,BOG,1163,33853,142893057
GTM,BOG,337,3713,15497622
GTM,BOG,943,27556,115885656
GTM,BOG,4782,65712,276795926
GTM,BOG,13,42,178668
GTM,BOG,386,3340,14084629
GTM,BOG,59,299,1239288
GTM,BOG,95,11013,46682752
GTM,BOG,1200,12592,53375599
GTM,BOG,1169,17328,73274754
GTM,BOG,442,20286,85644522
GTM,BOG,61,992,4206126
GTM,BOG,333,36605,154160204
GTM,BOG,17,270,1143811
GTM,BOG,785,10864,45905519
GTM,BOG,245,3987,16899405
GTM,BOG,2852,43858,185025793
GTM,BOG,1377,3557,15027657
GTM,BOG,435,5780,24394721
GTM,BOG,984,5170,21820941
GTM,BOG,13,71,299093
GTM,BOG,7,114,484670
GTM,BOG,5,13,54596
GTM,BOG,92000,10033,42353206
GTM,BOG,280,1327,5644564
GTM,BOG,150,435,1848001
GTM,BOG,300,914,3849298
GTM,BOG,5,0,1780
GTM,BOG,5,11,47518
GTM,BOG,8,83,353817
GTM,BOG,55,5455,22670792
GTM,BOG,411,420,1771051
GTM,BOG,372,267,1127164
GTM,BOG,1,2142,9107977
GTM,BOG,2,218,922696
GTM,BOG,279,272,1152503
GTM,BOG,545,43621,179743917
GTM,BOG,200,50,211104
GTM,BOG,60,6386,26899045
GTM,BOG,2,260,1052640
GTM,BOG,2436,26091,108991151
GTM,BOG,30,810,3423721
GTM,BOG,11,1177,4849063
GTM,BOG,129,1849,7618243
GTM,BOG,5,25,103592
GTM,BOG,200,823,3390529
GTM,BOG,382,2914,12006415
GTM,BOG,45,1817,7485848
GTM,BOG,83,2121,8739093
GTM,BOG,2,22,89830
GTM,BOG,205,1690,6964383
GTM,BOG,41,206,848271
GTM,BOG,1994,17184,72841882
GTM,BOG,10,407,1726017
GTM,BOG,25,576,2441366
GTM,BOG,18,523,2215011
GTM,BOG,163,3514,14895870
GTM,BOG,55,256,1086460
GTM,BOG,368100,47853,205784174
GTM,BOG,1,24,100249
GTM,BOG,2,95,402436
GTM,BOG,4,79,332877
GTM,BOG,3065,1411,5729831
GTM,BOG,100,2000,8444180
GTM,BOG,608,13166,54252083
GTM,BOG,1500,7425,30099168
GTM,BOG,288,256661,1107648384
GTM,BOG,1,7770,32871840
GTM,BOG,3180,19800,82902798
GTM,BOG,2580,9615,38977956
GTM,BOG,24,65,275751
GNQ,BOG,7,55851,237348726
GUY,BOG,85,21760,91695987
GUY,BOG,330,99,420957
GUY,BOG,50,50,212604
GUY,BOG,128,26,108854
GUY,BOG,1,1403,5937750
HTI,BOG,14,3010,12724444
HND,BOG,160,2011,8821398
HND,BOG,130000,25183,105807130
HND,BOG,2296,4930,20774704
HND,BOG,845,6110,25384647
HND,BOG,378,144847,613765522
HND,BOG,18,6620,28015641
HND,BOG,60,951,4171714
HND,BOG,472,1424,6024389
HND,BOG,2915,22650,95164654
HND,BOG,220,7,29411
HND,BOG,61,2400,10173240
HND,BOG,115,3548,15040288
HND,BOG,43,2404,10191552
HND,BOG,231,6316,26027896
HND,BOG,279,6004,25451073
HND,BOG,265,4722,20016146
HND,BOG,156,1627,6894786
HND,BOG,32,1350,5722448
HND,BOG,710,13064,55376336
HND,BOG,25,1809,7666087
HND,BOG,84,4155,16873480
HND,BOG,53,9750,39525376
HND,BOG,10,175,741799
HND,BOG,1167,22564,93898551
HND,BOG,10,155,638737
HND,BOG,117,1712,7054501
HND,BOG,4,2324,9872764
HND,BOG,14,11875,50458575
HND,BOG,1,18,74910
HND,BOG,6,208,882347
HND,BOG,1,375,1594140
HND,BOG,17,167,707586
HND,BOG,7,97,412068
HND,BOG,1,1391,5910359
HND,BOG,6,3683,15649917
HND,BOG,9,3180,13510588
HND,BOG,97,66563,275609716
HND,BOG,1309,46508,188531743
HND,BOG,929,44738,181358169
HND,BOG,22,352,1489653
HND,BOG,14,231,977585
HND,BOG,155,2521,10670489
HND,BOG,106,1725,7300148
HND,BOG,2,3,13734
HND,BOG,20,185,785120
HND,BOG,322,4824,19878036
HND,BOG,0,20,85837
HND,BOG,21,1472,6241283
HND,BOG,2,65,274677
HND,BOG,2,88,373867
HND,BOG,2,27,114449
HND,BOG,29,1844,7816863
HND,BOG,312,1766,7412645
HND,BOG,4,218,923222
HND,BOG,1836,4569,19164421
HND,BOG,5,32,133524
HND,BOG,20,32,137339
HND,BOG,20,22,95374
HND,BOG,30,18,78207
HND,BOG,2,30,125894
HND,BOG,2,14,61039
HND,BOG,1148,9877,41786158
HND,BOG,13,2,10967
HND,BOG,1,150,635828
HND,BOG,1,1384,5864958
HND,BOG,2,784,3228918
HND,BOG,53,150,637350
HND,BOG,523,32592,136464663
HND,BOG,10,662,2769707
HND,BOG,11,2062,8498779
HND,BOG,4,18904,80001161
HND,BOG,4,2310,9775851
HND,BOG,11,4115,17338717
HND,BOG,150,6395,25923187
HND,BOG,32,2331,9840060
HND,BOG,15,9010,38034724
HND,BOG,10,100,418701
HND,BOG,2700,998,4178636
HND,BOG,2899,52882,217906380
HND,BOG,1057,5488,22616023
HND,BOG,1176,8198,34294030
HND,BOG,5214,20292,82402606
HND,BOG,32,109,471326
HKG,BOG,2,648,2741435
HKG,BOG,2,736,3113729
HKG,BOG,2,632,2673746
HKG,BOG,3,744,3147574
HKG,BOG,6,1215,5139007
HKG,BOG,2,440,1861468
HKG,BOG,2,416,1759934
HKG,BOG,4,656,2775280
HKG,BOG,4,416,1759934
HKG,BOG,11210,8732,36931610
HKG,BOG,3,390,1653152
HKG,BOG,11,1728,7323885
HKG,BOG,15,2910,12335054
HKG,BOG,5,650,2755252
HKG,BOG,4,544,2305934
HKG,BOG,2,220,932547
HKG,BOG,4,440,1865094
HKG,BOG,8986,52160,217250827
HKG,BOG,14125,10864,45178380
HKG,BOG,41,605372,2655561138
HKG,BOG,28482,37661,162771819
HKG,BOG,607,6926,29311809
HKG,BOG,10400,2096,8867359
HKG,BOG,4719,41948,173563222
HKG,BOG,810,181,733325
HKG,BOG,16305,15746,66916444
HKG,BOG,5120,1536,6462259
HKG,BOG,5314,35057,153784280
HKG,BOG,313,913,3844917
HKG,BOG,1,50740,215077130
HKG,BOG,6,615112,2598462981
HKG,BOG,0,13780,58316547
HKG,BOG,0,46950,198690992
HKG,BOG,0,4130,17478036
HKG,BOG,0,21430,90691117
HKG,BOG,2,200000,824124000
HKG,BOG,71,11000,46217670
HKG,BOG,298,1192,5021132
HKG,BOG,26,139,584948
HKG,BOG,137673,664811,2916297803
HKG,BOG,94,985300,4187239263
HKG,BOG,50,189700,801935883
HKG,BOG,1,112200,475598970
HKG,BOG,384,9101,38696400
HKG,BOG,773,13600,57648360
HKG,BOG,14000,14000,61413240
HKG,BOG,13800,2346,9969820
HKG,BOG,34240,5821,24736712
HKG,BOG,4570,911,3859612
HKG,BOG,180,962,4219090
HKG,BOG,160,1430,6274678
HKG,BOG,320,2874,12605506
HKG,BOG,155,1254,5499819
HKG,BOG,754,8012,33786019
HUN,BOG,8,40,168884
HUN,BOG,12600,2142,9023175
HUN,BOG,17500,2975,12532188
HUN,BOG,7,263,1109086
HUN,BOG,22,266,1122299
HUN,BOG,6,160,674494
HUN,BOG,277,10145,42826719
HUN,BOG,121,3908,16496432
HUN,BOG,1,126,533795
HUN,BOG,420,1,4239
HUN,BOG,5100,1734,7181240
HUN,BOG,4800,912,3776984
HUN,BOG,11200,2100,8697003
HUN,BOG,2800,896,3710721
HUN,BOG,5400,972,4130028
HUN,BOG,47250,8505,36048370
HUN,BOG,1500,705,3092595
HUN,BOG,16940,4784,20985781
HUN,BOG,1250,400,1624332
HUN,BOG,1350,202,882778
HUN,BOG,18900,2835,12358898
HUN,BOG,20810,7932,33485543
HUN,BOG,11550,1854,7824768
HUN,BOG,2800,532,2250685
HUN,BOG,184000,31810,134575704
HUN,BOG,12750,5528,23333733
HUN,BOG,26600,4788,20212015
HUN,BOG,72900,11664,49534027
HUN,BOG,161350,25973,110232641
HUN,BOG,31700,4026,16589204
IND,BOG,1190,812,3420550
IND,BOG,1501,570,2486515
IND,BOG,4480,1617,6663043
IND,BOG,784,3901,16573267
IND,BOG,424,424,1793779
IND,BOG,391,391,1654169
IND,BOG,1,50,219333
IND,BOG,1,50,219333
IND,BOG,1644,14052,59467600
IND,BOG,1,100,421250
IND,BOG,1,2819,11949106
IND,BOG,1,121,497977
IND,BOG,2,1434,6094426
IND,BOG,2,1438,6097119
IDN,BOG,1000,5500,22295680
IDN,BOG,10,20527,85011341
IDN,BOG,12,1928,8193899
IDN,BOG,21,509,2162911
IDN,BOG,18,42,179648
IDN,BOG,10,6830,29020670
IDN,BOG,9140,1824,7715787
IDN,BOG,20,42,184240
IDN,BOG,3,100351,413506360
IDN,BOG,1720,234,949909
IDN,BOG,150,270,1139775
IRL,BOG,450,105,429086
IRL,BOG,15050,2709,11883462
IRL,BOG,2306,784,3183853
IRL,BOG,1200,204,828409
IRL,BOG,800,136,552273
IRL,BOG,1218,244,989218
IRL,BOG,660,106,428824
IRL,BOG,2800,992,4028343
IRL,BOG,720,1008,4255161
IRL,BOG,1512,2722,11488935
IRL,BOG,80,932,3944341
IRL,BOG,3,4775,20062306
IRL,BOG,1,1075,4516645
IRL,BOG,660,2509,10452508
IRL,BOG,10,110,457902
ISR,BOG,187,1926,8182682
ISR,BOG,2,53,226047
ISR,BOG,260600,104830,459854664
ISR,BOG,279940,84906,372454631
ISR,BOG,5,86850,367174328
ISR,BOG,2200,666,2747355
ISR,BOG,198,277,1177823
ISR,BOG,747637,117380,498746770
ISR,BOG,15800,3160,13426840
ISR,BOG,4680,702,2983296
ISR,BOG,31500,5040,21418538
ISR,BOG,7920,1199,5081533
ISR,BOG,45150,6714,28461758
ISR,BOG,13440,3997,16755997
ISR,BOG,1620,356,1514344
ITA,BOG,6150,2511,10614976
ITA,BOG,70635,32211,138441534
ITA,BOG,46111,23966,100831909
ITA,BOG,6395,3752,15842942
ITA,BOG,2670,1442,6126208
ITA,BOG,9750,4992,21031605
ITA,BOG,3450,2060,8980364
ITA,BOG,10920,6327,26129403
ITA,BOG,70,7522,31960638
ITA,BOG,28,7174,30483006
ITA,BOG,4,2675,11367605
ITA,BOG,7,2222,9440428
ITA,BOG,14,3671,15597229
ITA,BOG,21,5957,25311293
ITA,BOG,6,1242,5277258
ITA,BOG,14,3078,13079782
ITA,BOG,14,1893,8044887
ITA,BOG,19,1737,7380343
ITA,BOG,24175,11715,49544445
ITA,BOG,900,483,1957966
ITA,BOG,60,171,721133
ITA,BOG,80,706,2979107
ITA,BOG,160,983,4151159
ITA,BOG,36,118,498544
ITA,BOG,95,557,2352042
ITA,BOG,106,55,233695
ITA,BOG,137,115,486850
ITA,BOG,250,11,46739
ITA,BOG,4964,4801,20350719
ITA,BOG,600,4126,17086753
ITA,BOG,177,177,752073
ITA,BOG,172,172,730828
ITA,BOG,1010,1909,8374353
ITA,BOG,42,0,439
ITA,BOG,3,157,689978
ITA,BOG,3,44,193101
ITA,BOG,600,15,64221
ITA,BOG,48975,18598,80572832
ITA,BOG,99920,17986,76090059
ITA,BOG,14150,1944,8186994
ITA,BOG,114950,19524,82244850
ITA,BOG,900,144,607981
ITA,BOG,4850,752,3172901
ITA,BOG,20380,5760,24605235
ITA,BOG,7925,2628,11169616
ITA,BOG,23800,4420,18780580
ITA,BOG,8250,3147,13381327
ITA,BOG,12800,2560,10877440
ITA,BOG,18000,3390,14404110
ITA,BOG,51800,8478,36958552
ITA,BOG,40800,11629,49600191
ITA,BOG,270,1040,4417260
ITA,BOG,47350,3456,14611889
ITA,BOG,16541,25121,105822170
ITA,BOG,20,10000,40537600
ITA,BOG,3876,4612,20231671
ITA,BOG,1,66202,279863744
ITA,BOG,257,2290,10044267
ITA,BOG,10000,100,424900
ITA,BOG,10850,4021,17096591
ITA,BOG,3801,1204,5071850
ITA,BOG,150,28,121096
ITA,BOG,70725,11920,50461042
ITA,BOG,450,166,730379
ITA,BOG,200,2,8455
ITA,BOG,3925,1298,5259754
ITA,BOG,200,2,8455
ITA,BOG,320,3,13528
ITA,BOG,18,0,761
ITA,BOG,1,500,2179700
ITA,BOG,200,20,82829
ITA,BOG,360,36,149091
ITA,BOG,19825,8686,38100335
ITA,BOG,6800,2254,9889286
ITA,BOG,17550,4473,19014982
ITA,BOG,24500,3430,14584669
ITA,BOG,87213,48691,207038684
ITA,BOG,4240,954,4034621
ITA,BOG,338200,23000,100266199
ITA,BOG,21,4470,18419171
ITA,BOG,6,2,8589
ITA,BOG,3,21,88358
ITA,BOG,22,24,103623
ITA,BOG,1,80,339232
ITA,BOG,1,2134,9074513
ITA,BOG,1,148,628884
ITA,BOG,2,16347,69509808
ITA,BOG,432,2213,9266272
ITA,BOG,1080,6374,26674971
ITA,BOG,393130,62477,265420733
ITA,BOG,75880,22597,96082607
ITA,BOG,14922,4686,19802821
ITA,BOG,200,100,421397
ITA,BOG,13025,3126,13196065
ITA,BOG,53200,7448,32468811
ITA,BOG,16,29,121576
ITA,BOG,9200,1504,6391564
ITA,BOG,136620,39762,169071603
ITA,BOG,4000,920,3892161
ITA,BOG,34475,8357,35313221
ITA,BOG,1100,165,699410
ITA,BOG,720,158,668668
ITA,BOG,12550,5229,22129909
ITA,BOG,116720,26350,114871934
ITA,BOG,1800,238,1001239
ITA,BOG,250,47,197003
ITA,BOG,20250,4860,20600811
ITA,BOG,2610,1096,4646627
ITA,BOG,39780,5216,22075676
ITA,BOG,377750,59055,250776790
ITA,BOG,174380,52276,217204474
ITA,BOG,161380,50950,215074633
ITA,BOG,7200,1227,5180912
ITA,BOG,200,36,157920
ITA,BOG,30800,4312,18324750
ITA,BOG,2850,861,3634617
ITA,BOG,1400,332,1447321
ITA,BOG,756,1814,7690969
ITA,BOG,200,1160,4886500
ITA,BOG,15,59,250516
ITA,BOG,75,474,1996725
ITA,BOG,240,1050,4450792
ITA,BOG,46200,462,1963038
ITA,BOG,1980,20,84130
ITA,BOG,3,490,2149463
ITA,BOG,1,114,498676
ITA,BOG,2,220,965065
JAM,BOG,1625,889,3838842
JAM,BOG,16,224,982612
JAM,BOG,200,2966,12602534
JAM,BOG,140,4109,17347422
JAM,BOG,20,3900,16571100
JAM,BOG,50,1100,4532682
JAM,BOG,37,3043,12539047
JAM,BOG,50,745,3069862
JAM,BOG,155,8932,36807438
JAM,BOG,100,750,3090465
JAM,BOG,88,176,725229
JAM,BOG,2,2686,11354770
JAM,BOG,75400,250734,1099883887
JAM,BOG,432,9786,42661088
JAM,BOG,26,202500,853328925
JAM,BOG,750,89,367765
JAM,BOG,2400,331,1364749
JAM,BOG,2200,466,1921857
JAM,BOG,912,919,3788086
JAM,BOG,180,49,201746
JAM,BOG,270,103,419930
JAM,BOG,60,54,217579
JAM,BOG,80,39,157560
JAM,BOG,40,290,1177641
JAM,BOG,6000,834,3442651
JAM,BOG,4170,1138,4690955
JAM,BOG,672,720,2965651
JAM,BOG,160,44,179329
JAM,BOG,600,159,655673
JAM,BOG,3435,900,3808107
JAM,BOG,6900,1803,7626738
JAM,BOG,8904,2589,10951934
JAM,BOG,7816,4429,18727383
JAM,BOG,200,58,245454
JAM,BOG,2396,2003,8445499
JAM,BOG,1128,294,1245488
JAM,BOG,1980,282,1193086
JAM,BOG,40,25,104953
JAM,BOG,23900,3335,13941605
JAM,BOG,820,302,1236534
JAM,BOG,320,207,849572
JAM,BOG,55,478,1943107
JAM,BOG,1,798,3502134
JAM,BOG,1,17050,72077000
JPN,BOG,1200,50486,214516714
JPN,BOG,11700,4815,20290558
JPN,BOG,41900,21149,89186308
JPN,BOG,16060,2769,11712107
JPN,BOG,820,230,975570
JPN,BOG,30500,14640,61671000
JPN,BOG,57990,30069,124784196
JPN,BOG,13008,2792,11760963
JPN,BOG,34317,6769,28516013
JPN,BOG,1,609,2571042
JPN,BOG,11,10241,44922030
JPN,BOG,60,60,253837
JPN,BOG,16785,5024,21256700
JPN,BOG,29150,2511,10400166
JPN,BOG,15806,3992,16919455
JPN,BOG,1,40,164825
JPN,BOG,10577,2867,12181373
JPN,BOG,10025,7495,31770817
JPN,BOG,13224,6879,28802860
JPN,BOG,16300,2941,12822739
JPN,BOG,200,80,348752
JPN,BOG,22400,9199,39086976
JPN,BOG,56700,11038,48118928
JPN,BOG,253900,51726,220670517
JPN,BOG,13860,2356,10335848
JPN,BOG,530,4014,16981669
JPN,BOG,42050,7586,32254752
JPN,BOG,61650,11868,50512041
JPN,BOG,28080,5074,21464423
JPN,BOG,133,432,1894555
JPN,BOG,4160,1222,5146411
JPN,BOG,185950,35331,153832356
JPN,BOG,204000,39649,170342834
JPN,BOG,29000,4930,20417250
JPN,BOG,334960,62290,264081549
JPN,BOG,1349005,263418,1115272922
JPN,BOG,136100,25408,107231178
JPN,BOG,324430,60424,255629447
JPN,BOG,32960,4894,20718198
JPN,BOG,200,66,277301
JPN,BOG,326400,60822,257190938
JPN,BOG,1874910,346523,1463323653
JPN,BOG,2900,470,1967057
JPN,BOG,7140,928,3926852
JPN,BOG,872,6080,25722236
JPN,BOG,426364,80636,335940172
JPN,BOG,703107,134421,571327561
JPN,BOG,6270,15597,66023166
JPN,BOG,4800,1440,6316790
JPN,BOG,21200,8056,35338933
JPN,BOG,128675,25808,109352396
JPN,BOG,146740,25292,107380158
JPN,BOG,29490,5308,22445083
JPN,BOG,940,510,2236319
JPN,BOG,1719,52240,215262878
JPN,BOG,7,100,436560
JPN,BOG,329,6983,30630292
JPN,BOG,17,253,1111580
JPN,BOG,1200,480,2105597
JPN,BOG,110,6,24127
JPN,BOG,4,204,894879
JPN,BOG,1,24,99198
JPN,BOG,1,100,424971
JPN,BOG,62850,12393,54026044
JPN,BOG,67100,13116,57176147
JPN,BOG,515270,92009,390700509
JPN,BOG,787693,131642,556541592
JPN,BOG,32720,16216,68603572
JPN,BOG,8135,6285,26315860
JPN,BOG,4600,189,782730
JPN,BOG,4211,232,959197
JPN,BOG,14000,3080,13096437
JPN,BOG,166600,29682,125651592
JPN,BOG,109800,18824,79825768
JPN,BOG,300,73,310602
JPN,BOG,24470,39071,171392070
JPN,BOG,2545,6334,27786420
JPN,BOG,55,3764,15953972
JPN,BOG,60,1437,6091227
JPN,BOG,61,5127,21732584
JPN,BOG,118,12500,52776125
JPN,BOG,33,160103,675971091
JPN,BOG,19372,11613,48968509
JPN,BOG,8,45260,191540027
JPN,BOG,15,68,284344
JPN,BOG,4200,714,3014572
JPN,BOG,8150,1382,5834928
JPN,BOG,6950,1112,4694964
JPN,BOG,7000,1120,4728741
JPN,BOG,163410,25326,107063640
JPN,BOG,79450,13904,58935911
JPN,BOG,47950,8391,35569250
JPN,BOG,190500,30632,124389314
JPN,BOG,180150,28896,117343571
JPN,BOG,226160,36868,156338162
JPN,BOG,360740,54124,229300476
JPN,BOG,140,2285,9278184
JPN,BOG,200,20,84250
JPN,BOG,150,15,63188
JPN,BOG,30850,5029,20420087
JPN,BOG,146875,22673,92104500
JPN,BOG,360,541,2195772
JPN,BOG,2156,3299,13927324
JPN,BOG,1386,3853,16268051
JPN,BOG,240648,47142,199732342
JPN,BOG,479637,94948,402070602
JPN,BOG,412,1272,5371174
JPN,BOG,11800,1770,7473099
JPN,BOG,12,156,658646
JPN,BOG,11340,2003,8455866
JPN,BOG,234505,38163,157867734
JPN,BOG,5600,2170,9199868
JPN,BOG,1256,14400,60660000
JPN,BOG,6,29,121446
JPN,BOG,1,5,19701
JPN,BOG,57150,9141,37770960
JPN,BOG,55080,8008,33286758
JPN,BOG,34,84,355948
JPN,BOG,594670,111678,473980432
JPN,BOG,1504576,260036,1103655720
JPN,BOG,8000,1120,4727957
JPN,BOG,7800,2184,9219516
JPN,BOG,100,50,217970
JPN,BOG,9530,1409,6143484
JPN,BOG,119282,20623,84977733
JPN,BOG,97170,14239,62099872
JPN,BOG,620,6500,27381250
JPN,BOG,14100,1886,7949654
JPN,BOG,66500,8844,37270458
JPN,BOG,16584,25374,107111524
JPN,BOG,12108,33660,142093000
JPN,BOG,11660,1749,7383211
JPN,BOG,24000,6980,29662976
JPN,BOG,875610,156987,666875883
JPN,BOG,1094630,180386,765845877
JPN,BOG,40200,6030,25459203
JPN,BOG,217750,36070,148630763
JPN,BOG,440,5400,22747500
JPN,BOG,750,2,9271
JPN,BOG,2000,6,24724
JPN,BOG,206,1800,7296768
JPN,BOG,120,214,866775
JPN,BOG,8045,2000,8107520
JPN,BOG,14310,7305,30906087
JPN,BOG,60,50,217970
JPN,BOG,13640,1950,8503010
JPN,BOG,7520,10213,41632941
JPN,BOG,772,16802,73704442
JOR,BOG,4555,1004,4157374
KAZ,BOG,11597,8854,37395305
KAZ,BOG,1168,364,1543789
KAZ,BOG,21339,12792,54299862
KAZ,BOG,30,60,263200
KAZ,BOG,30,0,1272
KAZ,BOG,4230,2699,11368695
KAZ,BOG,4800,816,3444654
KAZ,BOG,400,60,253283
KAZ,BOG,2560,794,3350095
KAZ,BOG,13590,8621,36387464
KAZ,BOG,1050,294,1241089
KAZ,BOG,5,52,219512
KAZ,BOG,97,34,139895
KAZ,BOG,14127,10207,43091531
KAZ,BOG,49535,41867,176568366
KAZ,BOG,51,1,2167
KAZ,BOG,25162,19566,82910407
KAZ,BOG,9446,7264,30568034
KAZ,BOG,300,102,433398
KAZ,BOG,7886,6897,29067446
KAZ,BOG,12901,8654,36429662
KAZ,BOG,60,4,17824
KAZ,BOG,44751,37792,160028479
KAZ,BOG,52315,34982,145491793
KAZ,BOG,30,0,1275
KAZ,BOG,63025,26764,117402375
KAZ,BOG,4200,665,2899000
KAZ,BOG,43850,7428,32379444
KAZ,BOG,20960,7336,32180538
KAZ,BOG,14375,5823,23961982
KAZ,BOG,6000,1110,4507521
KAZ,BOG,77574,14239,58588189
KAZ,BOG,9665,3568,15076697
KAZ,BOG,21700,3641,15392772
KAZ,BOG,93350,15757,67579628
KAZ,BOG,163468,48054,208751016
KAZ,BOG,1164,962,4124617
KAZ,BOG,3605,3130,13271035
KAZ,BOG,2300,426,1727883
KAZ,BOG,13200,2440,9908425
KAZ,BOG,177470,62682,265656749
KAZ,BOG,181100,20099,87584260
KAZ,BOG,1000,278,1176281
KAZ,BOG,30520,8863,37471501
KAZ,BOG,60,44,193339
KAZ,BOG,8030,5826,24697660
KAZ,BOG,2400,444,1803009
KAZ,BOG,24800,4340,17624002
KAZ,BOG,8800,1048,4424017
KAZ,BOG,800,96,405253
KAZ,BOG,192,1778,7505631
KAZ,BOG,16,104,439025
KAZ,BOG,3600,666,2704513
KAZ,BOG,800,148,601003
KAZ,BOG,29930,10006,42219393
KAZ,BOG,6400,2752,11155948
KAZ,BOG,18380,3239,13696849
KAZ,BOG,258050,42814,180606879
KAZ,BOG,210,753,3305129
KAZ,BOG,153052,51982,220432806
KAZ,BOG,6168,4698,19908884
KAZ,BOG,280,353,1513030
KAZ,BOG,196,1688,7124018
KAZ,BOG,8700,1305,5508914
KAZ,BOG,2250,338,1424719
KAZ,BOG,10,78,331379
KAZ,BOG,31075,10554,46295713
KAZ,BOG,5940,1193,5235040
KAZ,BOG,108260,49237,203913577
KAZ,BOG,1600,304,1258995
KAZ,BOG,5100,816,3444654
KAZ,BOG,546,158,655754
KAZ,BOG,2330,2218,9187762
KAZ,BOG,10,91,384991
KAZ,BOG,62525,19915,81453549
KAZ,BOG,14930,2678,11166331
KAZ,BOG,48825,8891,37440316
KAZ,BOG,53560,14592,59255631
KAZ,BOG,14950,2662,11277369
KAZ,BOG,677100,125254,530064767
KAZ,BOG,56,129,565002
KAZ,BOG,35782,15560,66769587
KAZ,BOG,4783,3614,15029403
KAZ,BOG,3553,2488,10555993
KAZ,BOG,30,162,684287
KAZ,BOG,600,6,25494
KAZ,BOG,7400,2256,9544256
KAZ,BOG,400,74,300501
KAZ,BOG,10400,1924,7813037
KAZ,BOG,59455,21758,92228856
KAZ,BOG,5400,925,3906846
KAZ,BOG,83003,14142,59762338
KAZ,BOG,268,726,3183838
KAZ,BOG,111524,57621,248275050
KAZ,BOG,126,55,231570
KAZ,BOG,411,940,4121893
KAZ,BOG,280,41,174766
KAZ,BOG,30,354,1497001
KAZ,BOG,26725,9572,39438582
KAZ,BOG,10000,1850,7512536
KAZ,BOG,2400,528,2238113
KAZ,BOG,10000,1748,7364961
KAZ,BOG,257250,44355,186966569
KAZ,BOG,8,52,228106
KAZ,BOG,78428,29658,126715924
KAZ,BOG,6465,4719,19759547
KAZ,BOG,187,428,1875297
KAZ,BOG,23200,3720,15706175
KAZ,BOG,25600,3480,14692873
KAZ,BOG,1200,192,810641
KAZ,BOG,19200,2592,10769604
KAZ,BOG,5600,896,3906021
KAZ,BOG,87100,13943,60719470
KAZ,BOG,21000,3535,14960014
KAZ,BOG,41450,6162,25216666
KAZ,BOG,474,1754,7422029
KAZ,BOG,260,39,165047
KAZ,BOG,600,6,25328
KAZ,BOG,35,72,305125
KAZ,BOG,16,59,250533
KAZ,BOG,140,21,88871
KAZ,BOG,5600,717,2910803
KAZ,BOG,9200,1472,6417037
KAZ,BOG,35200,12710,53859422
KAZ,BOG,44135,6981,29470286
KAZ,BOG,23250,3426,14560781
KAZ,BOG,7630,1144,4843490
KAZ,BOG,100,34,143887
KAZ,BOG,100,32,131165
KAZ,BOG,3600,548,2390694
KAZ,BOG,25600,4021,17528276
KAZ,BOG,11400,4474,19012150
KAZ,BOG,12640,4162,18096101
KAZ,BOG,42535,13493,56671169
KAZ,BOG,16,33,139486
KAZ,BOG,7012,4157,17538757
KAZ,BOG,2000,300,1269591
KAZ,BOG,130,77,321193
KAZ,BOG,100,34,138068
KAZ,BOG,8,66,269477
KAZ,BOG,1050,6,23491
KAZ,BOG,350,63,260464
KAZ,BOG,350,62,254696
KAZ,BOG,13700,1785,7347329
KAZ,BOG,227375,29356,120709344
KAZ,BOG,500,90,369265
KAZ,BOG,300,71,300877
KAZ,BOG,11590,2044,8624996
KAZ,BOG,18040,2812,12259505
KAZ,BOG,186575,29586,128975160
KAZ,BOG,68,128,557916
KAZ,BOG,9000,1526,6485057
KAZ,BOG,111656,55273,231521635
KAZ,BOG,37148,5834,24629007
KAZ,BOG,24897,5325,22496546
KAZ,BOG,10,31,131191
KAZ,BOG,1280,192,812538
KAZ,BOG,340,109,461137
KAZ,BOG,2,28,116938
KAZ,BOG,450,58,233904
KAZ,BOG,3950,535,2170920
KAZ,BOG,2000,300,1307820
KAZ,BOG,8900,1400,6104904
KAZ,BOG,9009,7945,32788675
KAZ,BOG,39300,6406,27044335
KAZ,BOG,288,1066,4509587
KAZ,BOG,480,72,304702
KEN,BOG,10962,7127,29547166
KEN,BOG,7260,4356,18508644
KGZ,BOG,11800,9198,38882688
KGZ,BOG,1785,1122,4728496
KGZ,BOG,800,148,601003
KGZ,BOG,300,150,621214
KGZ,BOG,2000,380,1573743
KGZ,BOG,4000,4323,17903402
KGZ,BOG,1,1,4054
KGZ,BOG,2900,536,2178635
KGZ,BOG,3000,555,2253761
KGZ,BOG,96,380,1666931
KGZ,BOG,1440,4659,20438326
KGZ,BOG,328,2036,8931240
KGZ,BOG,2400,444,1803009
KGZ,BOG,1550,258,1094300
KGZ,BOG,800,176,744587
KGZ,BOG,18900,4158,17590876
KWT,BOG,9830,5281,22331576
KWT,BOG,68,440,1828174
KWT,BOG,2212,1508,6361799
KWT,BOG,25360,15661,66278575
KWT,BOG,12300,2143,9342193
KWT,BOG,400,120,523127
KWT,BOG,180,450,1973997
KWT,BOG,3160,9480,41585537
KWT,BOG,273,536,2351688
KWT,BOG,36,88,370408
KWT,BOG,302,846,3441597
KWT,BOG,338,937,3796752
KWT,BOG,422,1167,4729197
KWT,BOG,1361,3383,13830425
KWT,BOG,12,35,147320
KWT,BOG,276,799,3267645
KWT,BOG,322,975,3978302
KWT,BOG,579,1604,6501420
KWT,BOG,50,12596,53181066
KWT,BOG,1,11704,49731358
KWT,BOG,75,164,687088
KWT,BOG,50,147,614569
KWT,BOG,720,2821,11810802
KWT,BOG,60,330,1383597
KWT,BOG,150,454,1901656
KWT,BOG,38,96,402707
KWT,BOG,55,308,1291441
KWT,BOG,262,1098,4598174
KWT,BOG,3850,679,2873508
KWT,BOG,240,59,248840
KWT,BOG,2200,429,1815515
KWT,BOG,1920,2083,8584076
KWT,BOG,3000,480,2041003
KWT,BOG,1120,426,1788171
KWT,BOG,36,516,2194078
KWT,BOG,30,83,363215
KWT,BOG,142,577,2532112
KWT,BOG,91,194,853030
KWT,BOG,120,572,2508292
KWT,BOG,260,1057,4636261
KWT,BOG,150,837,3671634
KWT,BOG,252,1919,8419755
KWT,BOG,31200,4680,20401992
KWT,BOG,38500,4582,19249310
KWT,BOG,30,38,160709
KWT,BOG,21250,2975,12969214
KWT,BOG,18600,4650,19757850
KWT,BOG,110700,20097,82808984
KWT,BOG,1298,8828,36940853
KWT,BOG,2630,19870,83434279
KWT,BOG,1952,17117,71078102
KWT,BOG,366,3934,16291143
KWT,BOG,620,5820,24361906
KWT,BOG,2681,20795,87367605
KWT,BOG,40,324,1366535
KWT,BOG,712,6446,26938076
KWT,BOG,339,3163,13232970
KWT,BOG,255,664,2837261
KWT,BOG,125,358,1520334
KWT,BOG,5610,10009,42534072
KWT,BOG,606,2527,11085178
KWT,BOG,110,448,1904720
KWT,BOG,10,23,97743
KWT,BOG,400,1154,4904165
KWT,BOG,25,58,246483
KWT,BOG,38,150,638519
KWT,BOG,202,730,3100588
LVA,BOG,28975,10584,43614702
LVA,BOG,30200,8092,34208040
LVA,BOG,3150,536,2255794
LVA,BOG,4050,688,2900306
LVA,BOG,7650,1040,4391934
LVA,BOG,34900,4991,21067691
LBN,BOG,1500,830,3448600
LBN,BOG,4,6435,27277000
LBN,BOG,266,13680,58126320
LBN,BOG,15,104,439153
LBN,BOG,60,470,1979875
LBN,BOG,100,1075,4528438
LBN,BOG,20,165,695062
LBN,BOG,12,87,365434
LBN,BOG,768,5645,23778720
LBN,BOG,18,144,606600
LBN,BOG,75,700,2948750
LBN,BOG,36,300,1263750
MYS,BOG,1800,75730,320138554
MYS,BOG,25,13382,56393201
MYS,BOG,11270,2970,12060665
MYS,BOG,3900,858,3629863
MYS,BOG,8853,41174,174597505
MYS,BOG,18066,28382,119526966
MYS,BOG,6,2062,8742628
MYS,BOG,1350,338,1434038
MYS,BOG,6000,1020,4333980
MYS,BOG,975,185,785247
MYS,BOG,5000,12533,54978887
MYS,BOG,120,555,2361186
MYS,BOG,1380,6720,29056965
MYS,BOG,456,3646,15890875
MTQ,BOG,1,61,247279
MTQ,BOG,10,161,652250
MTQ,BOG,2,33,133774
MTQ,BOG,6,83,338084
MTQ,BOG,232,6468,26217774
MTQ,BOG,13,362,1468596
MTQ,BOG,10400,10026,41520693
MTQ,BOG,6700,4199,17388871
MTQ,BOG,6500,1655,7214807
MTQ,BOG,1000,150,653910
MTQ,BOG,300,96,418502
MTQ,BOG,60,27,117704
MTQ,BOG,1190,242,1054975
MTQ,BOG,40,504,2197138
MTQ,BOG,2475,3365,14308325
MTQ,BOG,470,141,599545
MTQ,BOG,1400,420,1785878
MTQ,BOG,1988,994,4226577
MTQ,BOG,1000,350,1488232
MTQ,BOG,300,276,1173577
MTQ,BOG,507,608,2585271
MTQ,BOG,8,220,935460
MTQ,BOG,2550,638,2669219
MTQ,BOG,140,71,297278
MTQ,BOG,1080,660,2763427
MTQ,BOG,83,960,4019530
MRT,BOG,1,709,3111195
MRT,BOG,3,10145,44504376
MRT,BOG,1,1900,8333557
MEX,BOG,330,106,466477
MEX,BOG,23,296,1256819
MEX,BOG,49,1673,7064601
MEX,BOG,4,156,661261
MEX,BOG,47,1747,7201091
MEX,BOG,117,688,2916159
MEX,BOG,707,4323,18324209
MEX,BOG,113,987,4184466
MEX,BOG,196,1847,7830428
MEX,BOG,436,4858,20590892
MEX,BOG,177,6476,27152333
MEX,BOG,2,78,330630
MEX,BOG,254,5817,24555361
MEX,BOG,2,131,554442
MEX,BOG,2,360,1483423
MEX,BOG,4,209,885072
MEX,BOG,3,288,1186739
MEX,BOG,230,7566,31170184
MEX,BOG,164,6232,26416513
MEX,BOG,3,157,645289
MEX,BOG,103,2642,10724058
MEX,BOG,194,4157,17531166
MEX,BOG,3,117,495945
MEX,BOG,2,139,571118
MEX,BOG,2,146,620568
MEX,BOG,6,355,1461172
MEX,BOG,3,62,250522
MEX,BOG,3195,96258,406677938
MEX,BOG,2,68,289937
MEX,BOG,3,47,192845
MEX,BOG,3338,6328,26825138
MEX,BOG,2,17233,72403874
MEX,BOG,1,1500,6091245
MEX,BOG,10,6538,26942262
MEX,BOG,2580,6043,25674625
MEX,BOG,1798,4607,19575525
MEX,BOG,46,95,401785
MEX,BOG,30,76,323774
MEX,BOG,9164,16918,71885007
MEX,BOG,6,18,74995
MEX,BOG,144,344,1463441
MEX,BOG,19,43,184067
MEX,BOG,53,137,582538
MEX,BOG,85,250,1062250
MEX,BOG,6,20,83238
MEX,BOG,15,40,168175
MEX,BOG,95,1473,6257672
MEX,BOG,974,10799,45884696
MEX,BOG,218,2744,11661253
MEX,BOG,1362,22738,96615462
MEX,BOG,709,1474,6223574
MEX,BOG,1274,2428,10316020
MEX,BOG,110,1512,6371523
MEX,BOG,25,338,1424322
MEX,BOG,307,4220,17782953
MEX,BOG,714,9810,41339046
MEX,BOG,993,13650,57518584
MEX,BOG,2,772,3130313
MEX,BOG,86,11186,45344549
MEX,BOG,60000,2440,10314832
MEX,BOG,12,2,8476
MEX,BOG,50,54,222289
MEX,BOG,14723,34746,146421007
MEX,BOG,49,133,561547
MEX,BOG,322,988,4195894
MEX,BOG,241,302,1281328
MEX,BOG,12,31,132569
MEX,BOG,140,664,2819636
MEX,BOG,2222,18322,77843842
MEX,BOG,38026,147603,617572855
MEX,BOG,20,906,3764376
MEX,BOG,24,30,125645
MEX,BOG,4,239,993529
MEX,BOG,5,114963,486519967
MEX,BOG,1,78,325415
MEX,BOG,3,8035,33967079
MEX,BOG,968,5029,20894944
MEX,BOG,20,1413,5872260
MEX,BOG,1001,2379,10025582
MEX,BOG,7294,21136,89065585
MEX,BOG,46,94,397082
MEX,BOG,2209,4274,18010803
MEX,BOG,12,29,123806
MEX,BOG,15,37,154737
MEX,BOG,45,186,784557
MEX,BOG,288,4467,18822540
MEX,BOG,4,69,292702
MEX,BOG,169,1883,7934147
MEX,BOG,1050,12502,52682505
MEX,BOG,21,351,1489235
MEX,BOG,72,406,1720549
MEX,BOG,2518,37707,159835504
MEX,BOG,99,1011,4283443
MEX,BOG,1,66656,283222704
MEX,BOG,26,3500,14212905
MEX,BOG,37,3300,13988688
MEX,BOG,204,2059,8729233
MEX,BOG,200,550,2317684
MEX,BOG,21,4990,21202510
MEX,BOG,18,360,1525986
MEX,BOG,8,9000,38149650
MEX,BOG,2,5800,24585330
MEX,BOG,1,10000,42388500
MEX,BOG,1,450,1907482
MEX,BOG,750,1987,8373538
MEX,BOG,40,1421,5986324
MEX,BOG,177,4776,20126637
MEX,BOG,360,66776,281392608
MEX,BOG,355,2180,8983281
MEX,BOG,312,3210,13229168
MEX,BOG,791,1892,8060529
MEX,BOG,4308,10553,45321368
MEX,BOG,4084,10272,44000619
MEX,BOG,285,908,3951148
MEX,BOG,3858,15672,66681500
MEX,BOG,152,2552,10979959
MEX,BOG,152,1586,6704133
MEX,BOG,185,2016,8527070
MEX,BOG,548,7570,32832278
MEX,BOG,265,3054,13192439
MEX,BOG,8,128,541190
MEX,BOG,1,652,2771963
MEX,BOG,905,647679,2719635542
MEX,BOG,1091,7975,33804320
MEX,BOG,100,33000,144759780
MEX,BOG,2493,4887,20660016
MEX,BOG,5750,87138,361841168
MEX,BOG,93,337,1364374
MEX,BOG,1656,13067,57141245
MEX,BOG,1260,2578,10812183
MEX,BOG,1987,3936,16363001
MEX,BOG,47,1195,4842622
MEX,BOG,1038,4177,18001781
MEX,BOG,1362,21999,93251267
MEX,BOG,317,9256,39330486
MEX,BOG,41,1338,5686139
MEX,BOG,1211,65216,273058369
MEX,BOG,1,123,496910
MEX,BOG,39,2730,11249293
MEX,BOG,250,500,2193330
MEX,BOG,21454,4133,18129013
MEX,BOG,5,27,113379
MEX,BOG,2091,13709,57879787
MEX,BOG,16,245,1037637
MEX,BOG,3,63,266995
MEX,BOG,18,734,3219808
MEX,BOG,30,360,1579198
MEX,BOG,872,17109,69354239
MEX,BOG,8,18,79210
MEX,BOG,213,434,1877185
MEX,BOG,3,8,35921
MEX,BOG,7,20,85749
MEX,BOG,40,118,497987
MEX,BOG,1100,7767,32006339
MEX,BOG,193,947,4001986
MEX,BOG,377,2984,12975564
MEX,BOG,18,260,1099974
MEX,BOG,1691,17093,72475687
MEX,BOG,573,9169,38762123
MEX,BOG,142,4826,21170021
MEX,BOG,50,6944,30460967
MEX,BOG,12,792,3474235
MEX,BOG,23,2081,9128639
MEX,BOG,211,2537,10736423
MEX,BOG,651,15806,66891280
MEX,BOG,35,982,4156006
MEX,BOG,89,656,2776172
MEX,BOG,3251,18497,81140050
MEX,BOG,173,5677,24903069
MEX,BOG,81,2882,12642354
MEX,BOG,1416,12913,56644941
MEX,BOG,1,14993,63158012
MEX,BOG,260,4157,17675938
MEX,BOG,7,2162,9426113
MEX,BOG,1,1208,5264063
MEX,BOG,720,16790,69041461
MEX,BOG,1171,2746,11678238
MEX,BOG,2324,5515,23451127
MEX,BOG,6876,13641,58004503
MEX,BOG,28,73,310020
MEX,BOG,449,1347,5725907
MEX,BOG,884,15013,63837393
MEX,BOG,7,73,308574
MEX,BOG,500,6535,27788386
MEX,BOG,279,3536,15035433
MEX,BOG,15971,39052,165958400
MEX,BOG,56,3920,16152006
MEX,BOG,180,5541,22460587
MEX,BOG,4,1491,6194185
MEX,BOG,690,9148,38548260
MEX,BOG,9,22,90325
MEX,BOG,39,121,502314
MEX,BOG,7,50,208397
MEX,BOG,30,51,212621
MEX,BOG,1357,9579,40366630
MEX,BOG,32,258,1069359
MEX,BOG,2,1111,4683659
MEX,BOG,2,2443,10295403
MEX,BOG,100,1000,4120620
MEX,BOG,3,480,2031346
MEX,BOG,35,40,167195
MEX,BOG,81,139,609219
MEX,BOG,20,136,597112
MEX,BOG,1,323,1330960
MEX,BOG,22,115,466182
MEX,BOG,1,40,169960
MEX,BOG,21,1100,4459136
MEX,BOG,1,900,3648384
MEX,BOG,35,200,810752
MEX,BOG,100,5,20707
MEX,BOG,4,7699,33562672
MEX,BOG,2487,4776,19741055
MEX,BOG,7085,16412,68736693
MEX,BOG,84,172,729338
MEX,BOG,174,432,1827915
MEX,BOG,12602,30648,129132113
MEX,BOG,123,319,1314519
MEX,BOG,6,16,65353
MEX,BOG,78,193,816559
MEX,BOG,1392,7557,31906082
MEX,BOG,376,7074,29558817
MEX,BOG,33,728,3003927
MEX,BOG,21,228,939707
MEX,BOG,450,5716,23697330
MEX,BOG,725,8069,34115532
MEX,BOG,4,81,333729
MEX,BOG,2,941,4129865
MEX,BOG,189,19368,82356478
MEX,BOG,339,2618,11076329
MEX,BOG,30,63,265852
MEX,BOG,7163,14868,64460279
MEX,BOG,597,1693,7147576
MEX,BOG,1317,16789,70886147
MEX,BOG,584,7236,29384613
MEX,BOG,28,219,927098
MEX,BOG,24,73,310838
MEX,BOG,54,127,524143
MEX,BOG,46,138,584731
MEX,BOG,729,2268,9370346
MEX,BOG,40,68,278183
MEX,BOG,1,4,16194
MEX,BOG,37,112,475843
MEX,BOG,140,664,2734443
MEX,BOG,18,250,1057612
MEX,BOG,71,572,2389474
MEX,BOG,42,353,1487349
MEX,BOG,813,2286,9419985
MEX,BOG,77,2248,9261918
MEX,BOG,329,4143,17071935
MEX,BOG,34135,5178,22714125
MEX,BOG,1190,2665,11229177
MEX,BOG,300,770,3245810
MEX,BOG,149800,2204,9362926
MEX,BOG,1,182,772342
MEX,BOG,1,228,966894
MEX,BOG,1,497,2112828
MEX,BOG,1,458,1947345
MEX,BOG,1,1759,7474092
MEX,BOG,1,10800,45896231
MEX,BOG,1,1289,5479109
MEX,BOG,4,3964,16846445
MEX,BOG,2,7035,29895647
MEX,BOG,1,506,2148653
MEX,BOG,2,1668,7090556
MEX,BOG,110,20877,88707605
MEX,BOG,84,1868,8195816
MEX,BOG,458,6339,27806160
MEX,BOG,329,19468,82718385
MEX,BOG,16,27840,122124614
MEX,BOG,60,1752,7449662
MEX,BOG,1000,3330,13991095
MEX,BOG,146,839,3457777
MEX,BOG,50,609,2581163
MEX,BOG,379,2274,9975265
MEX,BOG,4,0,1755
MEX,BOG,143,1488,6131483
MEX,BOG,39,551,2269637
MEX,BOG,0,588,2579356
MEX,BOG,0,8,35839
MEX,BOG,1,65,285133
MEX,BOG,1,542,2375552
MEX,BOG,1,21394,88889124
MEX,BOG,10000,2424,10184425
MEX,BOG,337,704,2967815
MEX,BOG,1056,2601,10960410
MEX,BOG,62,167,705419
MEX,BOG,3198,6504,27405596
MEX,BOG,69,155,652533
MEX,BOG,35,582,2453331
MEX,BOG,567,6993,29467576
MEX,BOG,494,5657,23839861
MEX,BOG,172,2488,10484694
MEX,BOG,333,3689,15544745
MEX,BOG,51,32664,142956017
MEX,BOG,2087,5648,23940728
MEX,BOG,3,5925,25175325
MEX,BOG,3830,50414,212851390
MEX,BOG,300,624,2628548
MEX,BOG,5,9,39696
MEX,BOG,195,603,2545836
MEX,BOG,758,10970,45201471
MEX,BOG,405,5166,21809600
MEX,BOG,155,2121,8952386
MEX,BOG,266,7773,32928081
MEX,BOG,12,406,1715902
MEX,BOG,143,162066,683332601
MEX,BOG,438,7954,33584615
MEX,BOG,121,2808,12240977
MEX,BOG,34,1818,7707925
MEX,BOG,98,605,2635955
MEX,BOG,200,172000,697246720
MEX,BOG,720,4129,17434698
MEX,BOG,1617,56880,230613566
MEX,BOG,447,4186,16969039
MEX,BOG,21,91,377355
MEX,BOG,150,3446,14547211
MEX,BOG,48,149,629061
MEX,BOG,67,536,2259573
MEX,BOG,39,563,2341451
MEX,BOG,3,48,196924
MEX,BOG,7530,40007,169253930
MEX,BOG,125,1454,6089767
MEX,BOG,3391,59547,248307758
MEX,BOG,240,3575,14906970
MEX,BOG,293,2396,9998310
MEX,BOG,649,7034,29768523
MEX,BOG,100,6500,27507805
MEX,BOG,400,184,758194
MEX,BOG,396,5147,21781950
MEX,BOG,553,1845,7818983
MEX,BOG,72,703,2964275
MEX,BOG,1,2826,12319446
MEX,BOG,1,135,588693
MEX,BOG,1,15500,65524545
MEX,BOG,3,2249,9805860
MEX,BOG,1,444,1934135
MEX,BOG,2,494,2154939
MEX,BOG,1,2295,9303704
MEX,BOG,296,9057,37319466
MEX,BOG,9,331,1362277
MEX,BOG,1,4654,19272393
MEX,BOG,1,136,593140
MEX,BOG,1,817,3562109
MEX,BOG,2,22763,94273028
MEX,BOG,1,2209,9629261
MEX,BOG,4,1261,5196102
MEX,BOG,0,35,144222
MEX,BOG,810,8960,37980096
MEX,BOG,396,2790,11826392
MEX,BOG,2,150631,620694265
MEX,BOG,1,10994,45300613
MEX,BOG,2,1837,7569579
MEX,BOG,1,30010,127533627
MEX,BOG,1,5372,22247762
MEX,BOG,582,6669,29254021
MEX,BOG,62,2814,12345947
MEX,BOG,51,1919,8417606
MEX,BOG,26,615,2698103
MEX,BOG,595,4990,21889039
MEX,BOG,16,355,1558054
MEX,BOG,31,1546,6782741
MEX,BOG,21,768,3369394
MEX,BOG,114,2455,10769338
MEX,BOG,366,678,2975998
MEX,BOG,238,3376,14807960
MEX,BOG,400,2216,9373551
MEX,BOG,1,67,294959
MEX,BOG,174,11312,49621240
MEX,BOG,370,1741,7637921
MEX,BOG,21,750,3289995
MEX,BOG,5,1154,4904196
MEX,BOG,7,782,3223643
MEX,BOG,24,93282,384381653
MEX,BOG,24,10270,42320580
MEX,BOG,24,4265,17572878
MEX,BOG,4,289,1228641
MEX,BOG,10,483,2050992
MEX,BOG,5,2229,9469831
MEX,BOG,46,5627,23425302
MEX,BOG,12,538,2286514
MEX,BOG,2,3825,15504740
MEX,BOG,13,915,3800459
MEX,BOG,2,225,911204
MEX,BOG,7,215,901541
MEX,BOG,6,1795,7278486
MEX,BOG,6,133,552343
MEX,BOG,180,9098,37680801
MEX,BOG,352,5455,22591418
MEX,BOG,8,210,868085
MEX,BOG,4,324,1341161
MEX,BOG,32,5042,20883078
MEX,BOG,29,722,2991686
MEX,BOG,8,179,742848
MEX,BOG,200,141,584107
MEX,BOG,5,6465,27469190
MEX,BOG,1993,23022,98474514
MEX,BOG,5048,262925,1094164973
MEX,BOG,939,33603,140117060
MEX,BOG,427,12782,52592228
MEX,BOG,6241,123753,512864927
MEX,BOG,1263,4249,17558813
MEX,BOG,39,166,674586
MEX,BOG,413,49998,211933005
MEX,BOG,90,7875,33483891
MEX,BOG,1811,25975,108942755
MEX,BOG,2845,142506,594381550
MEX,BOG,469,15484,63454127
MEX,BOG,3377,62248,255984278
MEX,BOG,2130,27100,113096123
MEX,BOG,78,621,2624373
MEX,BOG,6,24,99584
MEX,BOG,13670,1628,6856770
MEX,BOG,164,1585,6954479
MEX,BOG,17,462,1958179
MEX,BOG,98,2626,11131390
MEX,BOG,5134,190851,810926324
MEX,BOG,399,22144,97139340
MEX,BOG,326,3764,15330099
MEX,BOG,62,1766,7160440
MEX,BOG,23595,236,1035032
MEX,BOG,72,1166,4910090
MEX,BOG,38,39,167830
MEX,BOG,4,7055,29998282
MEX,BOG,5,22,93096
MEX,BOG,21,225,957103
MEX,BOG,513,10412,44273654
MEX,BOG,40,882,3751321
MEX,BOG,3,69,290743
MEX,BOG,13,801,3378974
MEX,BOG,306,8213,34814947
MEX,BOG,345,37308,155854289
MEX,BOG,2,54,227541
MEX,BOG,15,407,1723516
MEX,BOG,25,709,2874400
MEX,BOG,161,4313,18281143
MEX,BOG,1086,47948,201536441
MEX,BOG,1080,9668,41108313
MEX,BOG,10,1895,7983951
MEX,BOG,1,41,171744
MEX,BOG,12,101,444237
MEX,BOG,2440,10653,45032948
MEX,BOG,64,355,1495817
MEX,BOG,320,855,3601350
MEX,BOG,370,2225,9374076
MEX,BOG,388,278,1153181
MEX,BOG,12,791,3469146
MEX,BOG,455,8383,35881403
MEX,BOG,725,35842,149970283
MEX,BOG,1299,28360,118854477
MEX,BOG,12,370,1547194
MEX,BOG,2494,47888,198018846
MEX,BOG,11,40,164096
MEX,BOG,6,28,118518
MEX,BOG,37,165,699368
MEX,BOG,1,35,144016
MEX,BOG,214,4961,20441984
MEX,BOG,1023,17356,71448877
MEX,BOG,1943,103755,432870822
MEX,BOG,656,21457,90264077
MEX,BOG,209,6132,25510454
MEX,BOG,1538,37805,157581766
MEX,BOG,705,2406,10176775
MEX,BOG,10,43,176466
MEX,BOG,128,616,2497562
MEX,BOG,459,10427,43588264
MEX,BOG,226,10429,43461202
MEX,BOG,34,1164,4873820
MEX,BOG,485,8366,35360505
MEX,BOG,186,3589,14792837
MEX,BOG,169,732,2965488
MEX,BOG,91687,15007,64940209
MEX,BOG,16,61,268946
MEX,BOG,58,1320,5352666
MEX,BOG,35,390,1620074
MEX,BOG,22,617,2501859
MEX,BOG,2,112,484723
MEX,BOG,1483,51847,213154343
MEX,BOG,196,5201,21592129
MEX,BOG,486,16015,67549305
MEX,BOG,94,466,1980453
MEX,BOG,32,158,689624
MEX,BOG,1380,6253,26590062
MEX,BOG,547,386,1563738
MEX,BOG,109,143,593964
MEX,BOG,2012,20,88260
MEX,BOG,26,139,609088
MEX,BOG,1600,95280,417960965
MEX,BOG,105871,15706,64717345
MEX,BOG,16,399,1644333
MEX,BOG,603,3796,15998666
MEX,BOG,1050,54252,227523413
MEX,BOG,946,27867,116989201
MEX,BOG,65,1870,7849305
MEX,BOG,3669,64150,269003154
MEX,BOG,340,1169,4928763
MEX,BOG,7,28,118050
MEX,BOG,22,99,419591
MEX,BOG,813,21011,88656136
MEX,BOG,293,14224,59506913
MEX,BOG,118,3694,15395405
MEX,BOG,1073,19548,82359666
MEX,BOG,87,349,1465967
MEX,BOG,91500,12308,52170282
MEX,BOG,4484,701,2972239
MEX,BOG,19,204,848222
MEX,BOG,21,579,2441574
MEX,BOG,13200,4744,20810315
MEX,BOG,700,11302,47718652
MEX,BOG,21,93,392339
MEX,BOG,171,3471,14655930
MEX,BOG,460,8034,34055345
MEX,BOG,4,155,655905
MEX,BOG,801,24532,103366626
MEX,BOG,24,645,2720585
MEX,BOG,204,18047,76047957
MEX,BOG,73,891,3755317
MEX,BOG,61,4396,18593668
MEX,BOG,390,10903,46216351
MEX,BOG,37,880,3729340
MEX,BOG,13,64,279167
MEX,BOG,1680,10413,43421624
MEX,BOG,200,580,2456456
MEX,BOG,150,490,2076613
MEX,BOG,10,992,4352005
MEX,BOG,2,28,121160
MEX,BOG,75,774,3244099
MEX,BOG,325,9177,38130341
MEX,BOG,4,105,435022
MEX,BOG,8,5192,22774135
MEX,BOG,0,110,481304
MEX,BOG,2,8892,39004777
MEX,BOG,21,502,2132658
MEX,BOG,6,571,2427964
MEX,BOG,206,706,3000474
MEX,BOG,12,803,3413817
MEX,BOG,0,46,197409
MEX,BOG,0,396,1681542
MEX,BOG,1,1076,4572264
MEX,BOG,26,72,303973
MEX,BOG,6,7108,30203337
MEX,BOG,1,1134,4817261
MEX,BOG,2,2176,9245994
MEX,BOG,6,2221,9436137
MEX,BOG,2,5918,25144477
MEX,BOG,32,40559,172335106
MEX,BOG,6,922,3915666
MEX,BOG,8,8939,37983681
MEX,BOG,6,2682,11395308
MEX,BOG,1,10829,46013441
MEX,BOG,8,64173,281333187
MEX,BOG,1,80652,353793341
MEX,BOG,382,4977,21834425
MEX,BOG,1000,30680,134582729
MEX,BOG,104,4615,19507968
MEX,BOG,5633,4475410,19128408107
MEX,BOG,2,55,238372
MEX,BOG,15,778,3391831
MEX,BOG,1114,39346,167907239
MEX,BOG,10,240,1011000
MEX,BOG,3490,77788,327683214
MEX,BOG,20,38,158604
MEX,BOG,18,535,2247566
MEX,BOG,4,5075,21568638
MDA,BOG,264,163,684952
MDA,BOG,6400,1152,4770927
MDA,BOG,1400,259,1051755
MDA,BOG,5000,919,3731903
MDA,BOG,400,72,303300
MDA,BOG,14000,2520,10615500
MDA,BOG,1740,2199,9061243
MNE,BOG,73140,24525,101569399
MNE,BOG,3400,1153,4775897
MOZ,BOG,54,1482,6282866
MOZ,BOG,3,94,399300
NIC,BOG,0,720,3059280
NIC,BOG,11,1129,4652592
NIC,BOG,1500,555,2249837
NIC,BOG,144,90000,380755873
NIC,BOG,85,3523,14490656
NIC,BOG,14,3400,14412090
NIC,BOG,794,12656,52675163
NIC,BOG,1095,27235,113094623
NIC,BOG,220,2996,12699764
NIC,BOG,31100,4161,17528634
NIC,BOG,40,404,1709716
NIC,BOG,13,239,1012287
NIC,BOG,10,184,778682
NIC,BOG,12,570,2412223
NIC,BOG,33,568,2402066
NIC,BOG,12,370,1566929
NIC,BOG,9,174,735093
NIC,BOG,8,117,494294
NIC,BOG,20,343,1451862
NIC,BOG,92,1188,5028554
NIC,BOG,20,152,643259
NIC,BOG,22,108,456206
NIC,BOG,2,708,3086455
NIC,BOG,560,9569,40609678
NIC,BOG,1,590,2572046
NIC,BOG,48,50,218982
NIC,BOG,15,153,672738
NIC,BOG,100,89,390413
NIC,BOG,2574,3032,13301494
NIC,BOG,62,36,145935
NIC,BOG,15,266,1124765
NIC,BOG,97,2593,11018847
NIC,BOG,347,5138,21830682
NIC,BOG,529,45831,194734134
NIC,BOG,2294,95068,403944442
NIC,BOG,1902,12064,48905169
NIC,BOG,850,6048,25636565
NIC,BOG,564,2218,9425259
NIC,BOG,6262,5343,22701430
NIC,BOG,1,0,42
NIC,BOG,262,18752,77661338
NIC,BOG,63,1846,7644251
NIC,BOG,27,1160,4779919
NIC,BOG,71,2229,9411883
NIC,BOG,117,4890,20149832
NIC,BOG,13,902,3807650
NIC,BOG,1132,16785,70867781
NIC,BOG,20,393,1713898
NIC,BOG,2,17,75418
NIC,BOG,9,29,128210
NIC,BOG,298,2552,11127151
NIC,BOG,78,2968,12938002
NIC,BOG,35,400,1743019
NIC,BOG,10,38,163478
NIC,BOG,2,19,77138
NIC,BOG,1,6078,25044469
NIC,BOG,1,99,409754
NIC,BOG,66,113913,499697601
NIC,BOG,109,386,1624371
NGA,BOG,11,2600,10999586
NGA,BOG,304,65000,274989650
NOR,BOG,2850,1250,5265566
NOR,BOG,48619,13347,56485627
NOR,BOG,150502,44608,188777644
NOR,BOG,257,89,377619
NOR,BOG,6,24000,101100000
NZL,BOG,17750,5732,24375106
NZL,BOG,15482,7870,33360004
NZL,BOG,6700,9315,40861738
NZL,BOG,8432,10691,46896466
NZL,BOG,11,84480,370585037
NZL,BOG,20755,5187,21933696
NZL,BOG,168,357,1508556
NZL,BOG,3000,450,1899626
NZL,BOG,600,132,557223
NZL,BOG,6820,2484,10504222
NZL,BOG,174460,43077,179608577
NZL,BOG,246,682,2880520
NZL,BOG,1602,2695,11749455
NZL,BOG,1000,255,1076454
NZL,BOG,240,347,1461405
NZL,BOG,400,48,200585
NZL,BOG,6,2805,11785292
NZL,BOG,9,1557,6541782
NZL,BOG,11,2709,11381945
OMN,BOG,200,5200,22110868
OMN,BOG,2,38606,163377826
OMN,BOG,1,1063,4495153
OMN,BOG,40,1350,5885190
NLD,BOG,25,16,67339
NLD,BOG,298,188,791089
NLD,BOG,32149,18986,81652195
NLD,BOG,10320,3302,14042102
NLD,BOG,24136,11693,50719366
NLD,BOG,15120,3780,16072900
NLD,BOG,1305,7633,31959447
NLD,BOG,30,0,247
NLD,BOG,63305,30448,128935749
NLD,BOG,26520,8486,35260483
NLD,BOG,7780,4330,18355492
NLD,BOG,30240,7560,31411346
NLD,BOG,210,1,4780
NLD,BOG,150,2,6181
NLD,BOG,1890,12785,53530630
NLD,BOG,720,464,1956968
NLD,BOG,302,2157,9107555
NLD,BOG,152737,91149,387851565
NLD,BOG,6230,28671,117555812
NLD,BOG,38880,25643,108189179
NLD,BOG,441,3588,15165762
NLD,BOG,60,0,263
NLD,BOG,22890,14592,61726634
NLD,BOG,4487,3152,13614605
NLD,BOG,24448,15270,65249372
NLD,BOG,1000,210,865330
NLD,BOG,67685,37512,158797048
NLD,BOG,44,0,1930
NLD,BOG,50,0,2116
NLD,BOG,239,35465,149397955
NLD,BOG,28,8190,34500375
NLD,BOG,60,44268,186903480
NLD,BOG,1,621,2616384
NLD,BOG,1,512,2156379
NLD,BOG,1875,562,2467496
NLD,BOG,53575,20583,89996237
NLD,BOG,6600,1221,4958273
NLD,BOG,219200,34843,147045107
NLD,BOG,7500,1745,7656476
NLD,BOG,8650,1302,5498360
NLD,BOG,2700,693,2944557
NLD,BOG,678,5145,21766488
NLD,BOG,38244,5019,21144222
NLD,BOG,4951,1826,7732408
NLD,BOG,41700,14238,57717435
NLD,BOG,10806,1768,7755966
NLD,BOG,53743,9028,39533756
NLD,BOG,40,89,390413
NLD,BOG,46562,28707,124865574
NLD,BOG,3490,15838,69412940
NLD,BOG,480,3123,13279277
NLD,BOG,5,0,42
NLD,BOG,200,75,304562
NLD,BOG,288890,44436,187992232
NLD,BOG,4000,1400,6141324
NLD,BOG,83000,9665,40713812
NLD,BOG,97920,16022,67490990
NLD,BOG,127800,32130,136520370
NLD,BOG,2781,9227,38766761
NLD,BOG,19876,115061,483691671
NLD,BOG,348471,63925,269283052
NLD,BOG,677710,129643,546230754
NLD,BOG,340,204,857496
NLD,BOG,42649,14015,58239413
NLD,BOG,15023,5847,25521752
NLD,BOG,5150,1320,5352990
NLD,BOG,400,76,320150
NLD,BOG,180927,27323,114529634
NLD,BOG,3735,1083,4751411
NLD,BOG,15359,5678,23991760
NLD,BOG,89,83627,348008845
NLD,BOG,49292,9972,41754539
NLD,BOG,5860,12151,51292421
NLD,BOG,203,300,1315998
NLD,BOG,0,100,423060
NLD,BOG,2,7391,31144609
NLD,BOG,48480,8321,35495988
NLD,BOG,35760,3927,16541645
NLD,BOG,8300,1425,6002812
NLD,BOG,15300,2643,11133638
NLD,BOG,37250,12738,55278863
NLD,BOG,67600,9493,40210692
NLD,BOG,451430,63678,270147737
NLD,BOG,1660,234,1028233
NLD,BOG,61875,21936,92782640
NLD,BOG,98500,16662,70188675
NLD,BOG,90530,16583,69856730
NLD,BOG,650,224,952468
NLD,BOG,6900,1159,4880602
NLD,BOG,88680,15696,66173242
NLD,BOG,14150,2538,10286416
NLD,BOG,440,960,4211194
NLD,BOG,24831,20452,88789430
NLD,BOG,2578,6137,26922248
NLD,BOG,450,30,124468
NLD,BOG,50,1,5900
NLD,BOG,11075,3740,15889136
NLD,BOG,9440,1485,6406555
NLD,BOG,43120,7089,30571938
NLD,BOG,27120,8191,35932009
NLD,BOG,4400,1144,5018339
NLD,BOG,23180,4022,16944360
NLD,BOG,54960,9472,39898694
NLD,BOG,1444,5820,24747164
NLD,BOG,9000,1620,7106389
NLD,BOG,53500,9752,42779147
NLD,BOG,7701,1154,4861225
NLD,BOG,38,238,1041832
NLD,BOG,3708,3934,17255366
NLD,BOG,168,978,4290153
NLD,BOG,12,54,229613
NLD,BOG,3155,16380,69649234
NLD,BOG,0,51,214625
NLD,BOG,20,384,1624459
NLD,BOG,15,1539,6503966
NLD,BOG,90,6146,25980524
NLD,BOG,4,18,76093
NLD,BOG,0,3,12809
NLD,BOG,50925,17701,75802492
NLD,BOG,35200,6463,26365834
NLD,BOG,364950,65944,270600832
NLD,BOG,140,39,171957
NLD,BOG,23428,2119,8957924
NLD,BOG,21350,7731,32766995
NLD,BOG,49500,1980,8376608
NLD,BOG,162480,28646,121183001
NLD,BOG,19920,2818,11922705
NLD,BOG,5605,4272,18060594
NLD,BOG,270,67,282238
NLD,BOG,244,1397,5887506
NLD,BOG,36,204,860746
NLD,BOG,3776,22620,99226249
NLD,BOG,23700,4266,18047782
NLD,BOG,108200,7101,29410241
NLD,BOG,57800,41585,176694665
NLD,BOG,69328,23592,100002144
NLD,BOG,350,56,236437
NLD,BOG,1317697,189902,818704668
NLD,BOG,9550,1489,6036049
NLD,BOG,49540,6804,28808644
NLD,BOG,1050,859,3639265
NLD,BOG,5050,4309,18263919
NLD,BOG,90,265,1121629
NLD,BOG,200,607,2564884
NLD,BOG,3620,23012,97413220
NLD,BOG,775,3652,15446124
NLD,BOG,2523,8568,36282769
NLD,BOG,853,3474,14704305
NLD,BOG,1084,4129,17486113
NLD,BOG,17,17012,68962565
NLD,BOG,14678,3722,15335341
NLD,BOG,16,3574,15680028
NLD,BOG,1,5538,24291568
NLD,BOG,7,3309,14515940
NLD,BOG,2,5258,23065234
NLD,BOG,1080,11,45889
NLD,BOG,800,35,146350
NLD,BOG,720,7,29187
NLD,BOG,2500,450,1899940
NLD,BOG,6250,1102,4654854
NLD,BOG,915,2427,10160073
NLD,BOG,322,1854,7762842
NLD,BOG,305,931,3899990
NLD,BOG,104,371,1553590
NLD,BOG,3050,680,2878688
NLD,BOG,3200,435,1833920
NLD,BOG,34000,4635,19532594
NLD,BOG,3550,914,3817092
NLD,BOG,500,90,382410
NLD,BOG,243900,20296,85900967
NLD,BOG,352600,44258,187382990
NLD,BOG,6400,2048,8746598
NLD,BOG,96769,35232,149447089
NLD,BOG,12750,2170,9160416
NLD,BOG,1000,152,643762
NLD,BOG,400,8500,37286610
NLD,BOG,203,1,2592
NLD,BOG,1915,13296,56041618
NLD,BOG,326060,50599,212242722
NLD,BOG,5359920,821070,3470188929
NLD,BOG,1400,448,1861413
NLD,BOG,6044,1487,6285215
NLD,BOG,44010,2837,11785695
NLD,BOG,153189,152071,626745620
NLD,BOG,65670,9064,37520833
NLD,BOG,3500,1085,4610165
NLD,BOG,3791,1889,8005757
NLD,BOG,8,85,361165
NLD,BOG,340,3290,13857019
NLD,BOG,8883,45833,186474687
NLD,BOG,16007,160,665081
NLD,BOG,160,25,108789
NLD,BOG,160,25,108789
NLD,BOG,200,40,169988
NLD,BOG,400,64,271981
NLD,BOG,2800,420,1784580
NLD,BOG,2800,448,1903552
NLD,BOG,1005,7600,31931627
NLD,BOG,1282,6373,26960831
NLD,BOG,145500,23275,98694293
NLD,BOG,13320,3979,16533337
NLD,BOG,1759,12538,52936564
NLD,BOG,20,31,126091
NLD,BOG,52822,12826,54146151
NLD,BOG,1000,3100,13088479
NLD,BOG,56160,8424,35566886
NLD,BOG,7911,24809,104746000
NLD,BOG,4550,1242,5279382
NLD,BOG,19500,3118,13020908
NLD,BOG,1800,450,1899626
NLD,BOG,617055,77411,327970759
NLD,BOG,991680,125764,532803606
NLD,BOG,403140,71043,298806974
NLD,BOG,390,65,272259
NLD,BOG,162642,72884,304980601
NLD,BOG,2450,395,1666605
NLD,BOG,10300,1594,6728685
NLD,BOG,4200,1330,5651170
NLD,BOG,25200,4032,16965648
NLD,BOG,2600,728,3093272
NLD,BOG,136,1928,8192072
NLD,BOG,40,281,1161920
NLD,BOG,265,1976,8183880
NLD,BOG,70,570,2360988
NLD,BOG,50,308,1277466
NLD,BOG,45,407,1687591
NLD,BOG,378,2041,8274535
NLD,BOG,300,54,236880
NLD,BOG,100,24,105280
NLD,BOG,21300,5112,21669001
NLD,BOG,1360,190,807077
NLD,BOG,200,50,211070
NLD,BOG,53400,8540,36292523
NLD,BOG,145525,23238,98755398
NLD,BOG,792,1177,4850794
NLD,BOG,176750,14322,59345371
NLD,BOG,243740,22417,93091360
NLD,BOG,1900,380,1578877
NLD,BOG,21705,5343,22591913
NLD,BOG,7750,1162,5067802
NLD,BOG,310,434,1832083
NLD,BOG,33250,5021,21887458
NLD,BOG,486,1204,5096014
NLD,BOG,5540,795,3357320
NLD,BOG,96,21,89282
NLD,BOG,100,37,156413
NLD,BOG,3650,1204,5097408
NLD,BOG,245,505,2135875
NLD,BOG,12600,2166,9163501
NLD,BOG,1050,3885,16441203
NLD,BOG,2100,315,1333071
NLD,BOG,116,76,319497
NLD,BOG,698,4654,19484172
NLD,BOG,211490,31237,132666949
NLD,BOG,2219745,344875,1460627590
NLD,BOG,71020,15934,67652340
NLD,BOG,3750,852,3597813
NLD,BOG,16470,1915,7955214
NLD,BOG,29042,22354,94982146
NLD,BOG,61802,13578,57453015
NLD,BOG,450,53,223175
NLD,BOG,54350,8581,37394418
NLD,BOG,300,86,362401
NLD,BOG,140,167,676534
NLD,BOG,400,140,589956
NLD,BOG,6260,3074,13006902
NLD,BOG,2607,18495,78642405
NLD,BOG,3014,20647,85080254
NLD,BOG,325,2340,9642251
NLD,BOG,42,224,923019
NLD,BOG,1610,9107,37528052
NLD,BOG,32,240,991009
NLD,BOG,36,251,1034688
NLD,BOG,28617,286,1189019
NLD,BOG,360,47,205296
NLD,BOG,540,86,379007
NLD,BOG,200,0,844
NLD,BOG,180,0,760
NLD,BOG,200,40,169988
NLD,BOG,18,29,126336
NLD,BOG,25223,6038,25116839
NLD,BOG,88075,16570,69368034
NLD,BOG,242260,44277,186306170
NLD,BOG,22,1539,6707722
PAN,BOG,38010,6300,26176122
PAN,BOG,1800,540,2243668
PAN,BOG,300,102,423804
PAN,BOG,15,1409,5986289
PAN,BOG,244,1045,4438675
PAN,BOG,615,1668,7316291
PAN,BOG,8700,6152,26007326
PAN,BOG,15570,10735,45415387
PAN,BOG,1292,1498,6570559
PAN,BOG,2400,480,2011619
PAN,BOG,9301,5976,25318135
PAN,BOG,5400,2430,10282218
PAN,BOG,212,2452,10374565
PAN,BOG,4,95,418312
PAN,BOG,35,1094,4797339
PAN,BOG,4,185,813111
PAN,BOG,28,1429,6267353
PAN,BOG,7,348,1526909
PAN,BOG,2,76,335316
PAN,BOG,11,297,1304856
PAN,BOG,7,246,1079294
PAN,BOG,4,120,528154
PAN,BOG,4,110,482357
PAN,BOG,3,109,476260
PAN,BOG,2,90,393308
PAN,BOG,19,883,3875000
PAN,BOG,2,58,253900
PAN,BOG,4,85,374533
PAN,BOG,2,38,165377
PAN,BOG,1,626,2643730
PAN,BOG,500,5029,20724246
PAN,BOG,1,1779,7511921
PAN,BOG,1,559,2358068
PAN,BOG,10,1993,8413441
PAN,BOG,3,1423,6007629
PAN,BOG,7,2392,10096510
PAN,BOG,3,393,1659597
PAN,BOG,2,2032,8578413
PAN,BOG,4,1286,5428834
PAN,BOG,6,469,1980718
PAN,BOG,1,328,1383772
PAN,BOG,10560,2340,9918909
PAN,BOG,13360,8485,35741799
PAN,BOG,10,1720,6972467
PAN,BOG,132,5928,25129937
PAN,BOG,107,4460,18905525
PAN,BOG,262,9732,41250962
PAN,BOG,108,6318,26781987
PAN,BOG,12865,2139,9050914
PAN,BOG,1100,1459,6174444
PAN,BOG,7200,495,2094825
PAN,BOG,455,17957,77544880
PAN,BOG,93,6202,26814976
PAN,BOG,795,49651,215885557
PAN,BOG,44,4058,17584209
PAN,BOG,3285,1944,8020517
PAN,BOG,54910,14255,62447015
PAN,BOG,25100,3779,15991557
PAN,BOG,37421,6362,27906045
PAN,BOG,340,261,1100268
PAN,BOG,1750,455,1995930
PAN,BOG,1619,2667,11699222
PAN,BOG,1,68,296450
PAN,BOG,377,3008,13194020
PAN,BOG,246,10294,44429447
PAN,BOG,321,5733,25148239
PAN,BOG,36,2935,12659129
PAN,BOG,1830,203957,866015131
PAN,BOG,1211,47310,203380054
PAN,BOG,21,882,3869034
PAN,BOG,54,2090,9168119
PAN,BOG,2861,81621,341205125
PAN,BOG,1230,26327,115487071
PAN,BOG,338,3245,14233966
PAN,BOG,150,4365,18558927
PAN,BOG,458129,28770,121642295
PAN,BOG,231,9222,37622844
PAN,BOG,90,1323,5451457
PAN,BOG,124,2637,11160255
PAN,BOG,4,84,344484
PAN,BOG,4645,4346,17906978
PAN,BOG,2300,3900,16070418
PAN,BOG,5000,3040,12861054
PAN,BOG,14298,20215,85831024
PAN,BOG,2000,7560,32127808
PAN,BOG,120,217,893350
PAN,BOG,425,1403,5937454
PAN,BOG,330,1327,5614893
PAN,BOG,48,560,2364708
PAN,BOG,72,485,2046067
PAN,BOG,493,4322,18281042
PAN,BOG,390,4719,19970666
PAN,BOG,96,1517,6403559
PAN,BOG,24,296,1248936
PAN,BOG,60,738,3116662
PAN,BOG,264,2812,11890843
PAN,BOG,21,348,1470821
PAN,BOG,132,1362,5749136
PAN,BOG,597,6096,25759955
PAN,BOG,126,1544,6532046
PAN,BOG,114,1140,4824446
PAN,BOG,518,9006,37950340
PAN,BOG,54,754,3177923
PAN,BOG,120,1188,5006196
PAN,BOG,102,207,876018
PAN,BOG,823,22988,94724236
PAN,BOG,116,1733,7363381
PAN,BOG,843,23316,94872901
PAN,BOG,50,1071,4534387
PAN,BOG,2420,14779,62805274
PAN,BOG,1,5280,23161565
PAN,BOG,2,13720,57644992
PAN,BOG,100,1892,8005194
PAN,BOG,2229,28138,119080907
PAN,BOG,11,4708,19632499
PAN,BOG,123,29708,125115642
PAN,BOG,75,72,297880
PAN,BOG,650,162,667540
PAN,BOG,15,5040,22108766
PAN,BOG,4,92,378314
PAN,BOG,2000,8660,36480250
PAN,BOG,408,2604,10902974
PAN,BOG,15,158,659454
PAN,BOG,893,6241,26131129
PAN,BOG,80,2054,8691746
PAN,BOG,686,4839,20260941
PAN,BOG,117,4536,19192162
PAN,BOG,55,1512,6397402
PAN,BOG,197,1113,4707992
PAN,BOG,100,1600,6699216
PAN,BOG,100,1300,5443113
PAN,BOG,20,280,1172363
PAN,BOG,1,96,393560
PAN,BOG,1,1,3338
PAN,BOG,1,11,43967
PAN,BOG,20,50,211530
PAN,BOG,18000,210,892290
PAN,BOG,80,46,196216
PAN,BOG,2,80,329650
PAN,BOG,1000,1764,7476653
PAN,BOG,4,10689,45310551
PAN,BOG,18,400,1648248
PAN,BOG,19,1229,5006196
PAN,BOG,5,239,971351
PAN,BOG,90,612,2483198
PAN,BOG,800,640,2598931
PAN,BOG,59,359,1456214
PAN,BOG,2,6,24081
PAN,BOG,390,780,3300937
PAN,BOG,27,299,1263751
PAN,BOG,14,86,350774
PAN,BOG,403,2390,9704531
PAN,BOG,29,378,1536821
PAN,BOG,200,400,1624332
PAN,BOG,38,323,1310592
PAN,BOG,465,1102,4475238
PAN,BOG,1,214,867312
PAN,BOG,21171,1569,6528317
PAN,BOG,6,355944,1505861896
PAN,BOG,2400,408,1734853
PAN,BOG,70000,5171,21728044
PAN,BOG,31662,16639,70393543
PAN,BOG,400,60,253837
PAN,BOG,122,756,3198341
PAN,BOG,20000,355,1492257
PAN,BOG,20000,332,1396421
PAN,BOG,7980,1866,7934400
PAN,BOG,4200,756,3316315
PAN,BOG,6000,1223,5364008
PAN,BOG,8,6059,24708474
PAN,BOG,3000,1053,4619153
PAN,BOG,725,514,2192411
PAN,BOG,196,33207,145666371
PAN,BOG,2996,323712,1376258931
PAN,BOG,250,3419,13861305
PAN,BOG,700,7648,32117860
PAN,BOG,6110,17238,72889908
PAN,BOG,85,2208,8966841
PAN,BOG,30,834,3388154
PAN,BOG,74,490,1989888
PAN,BOG,265,550,2231433
PAN,BOG,25,3234,13109860
PAN,BOG,9885,32366,141980392
PAN,BOG,61,181,793985
PAN,BOG,22,28,117272
PAN,BOG,22,277,1172725
PAN,BOG,22,259,1096574
PAN,BOG,22,98,414261
PAN,BOG,22,1226,5188420
PAN,BOG,22,2116,8950490
PAN,BOG,2380,6553,27139412
PAN,BOG,15,169,713915
PAN,BOG,2000,1315,5563252
PAN,BOG,400,68,284717
PAN,BOG,5150,825,3454409
PAN,BOG,12950,4792,19722516
PAN,BOG,400,72,305928
PAN,BOG,10050,1728,7344396
PAN,BOG,2440,787,3196685
PAN,BOG,41840,15702,66556388
PAN,BOG,1055,962,4054275
PAN,BOG,12070,3922,16592114
PAN,BOG,5,35,148917
PAN,BOG,70,20,82920
PAN,BOG,64750,13929,60154198
PAN,BOG,46000,5520,23471537
PAN,BOG,40040,4780,20085036
PAN,BOG,2360,4880,21406901
PAN,BOG,22498,9742,41266316
PAN,BOG,40500,957,4019730
PAN,BOG,609,299,1240624
PAN,BOG,420,885,3882194
PAN,BOG,15530,31442,137926460
PAN,BOG,4430,7802,34226915
PAN,BOG,14680,17783,78008413
PAN,BOG,15300,24966,108836780
PAN,BOG,25,2584,10738442
PAN,BOG,146,816,3388603
PAN,BOG,1447,16639,69136083
PAN,BOG,22700,6685,27546345
PAN,BOG,13200,1320,5360296
PAN,BOG,317920,14086,57099520
PAN,BOG,19850,17111,72388699
PAN,BOG,1668,4458,19555906
PAN,BOG,8,146,641066
PAN,BOG,10,125,525903
PAN,BOG,14,131,551912
PAN,BOG,20,280,1180243
PAN,BOG,297,2263,9571686
PAN,BOG,299,2204,9376977
PAN,BOG,48,841,3544244
PAN,BOG,16,245,1073021
PAN,BOG,97,2339,9892327
PAN,BOG,7,164,690481
PAN,BOG,15,383,1616047
PAN,BOG,5,140,591557
PAN,BOG,19,407,1783923
PAN,BOG,74,1572,6626119
PAN,BOG,209,3757,15934271
PAN,BOG,142,2456,10367590
PAN,BOG,2,22,92033
PAN,BOG,239,4032,17145074
PAN,BOG,157,2113,8914631
PAN,BOG,106,3701,15670703
PAN,BOG,2,200,845735
PAN,BOG,1,2000,8444180
PAN,BOG,1,2000,8309879
PAN,BOG,36831,8771,38372647
PAN,BOG,21600,3564,14447601
PAN,BOG,24400,2560,10636646
PAN,BOG,2632,7339,32194575
PAN,BOG,1072,2083,9138290
PAN,BOG,17390,8236,35862991
PAN,BOG,600,1200,4944744
PAN,BOG,24,471,1993004
PAN,BOG,6,84,357094
PAN,BOG,335,11467,48722773
PAN,BOG,84,1620,6709117
PAN,BOG,359,32500,134236462
PAN,BOG,10,586,2445327
PAN,BOG,145,63352,269181756
PAN,BOG,1075,29217,123037977
PAN,BOG,56,2100,8866389
PAN,BOG,14,8768,37257187
PAN,BOG,1149,16674,69967084
PAN,BOG,9124,816443,3473483070
PAN,BOG,560,37618,157883363
PAN,BOG,413,200,824124
PAN,BOG,172,81,334800
PAN,BOG,4220,55840,237436706
PAN,BOG,689,38759,164293757
PAN,BOG,523,29080,123263808
PAN,BOG,354,7356,31181023
PAN,BOG,1858,75060,318169395
PAN,BOG,580,35547,150676451
PAN,BOG,225,3388,14257173
PAN,BOG,1171,900,3708558
PAN,BOG,1500,67158,283499772
PAN,BOG,499,11759,49405791
PAN,BOG,6,5200,21847956
PAN,BOG,56,478,2019848
PAN,BOG,2100,13965,59337285
PAN,BOG,25,133,557710
PAN,BOG,1519,12359,52513136
PAN,BOG,160,1190,5061688
PAN,BOG,100000,3290,13625305
PAN,BOG,8057,4330,18450056
PAN,BOG,301,442,1864555
PAN,BOG,39000,3533,14976450
PAN,BOG,883,2473,10421358
PAN,BOG,352,961,4049457
PAN,BOG,3,1016,4124950
PAN,BOG,36,18,77381
PAN,BOG,101,108,459189
PAN,BOG,51414,2803,11545708
PAN,BOG,50,180,745457
PAN,BOG,6,62,258339
PAN,BOG,5800,8030,35005982
PAN,BOG,239,3582,14933740
PAN,BOG,52,986,3999070
PAN,BOG,51,381,1544361
PAN,BOG,301,611,2596266
PAN,BOG,3344,12865,54450490
PAN,BOG,18,196,857592
PAN,BOG,2309,1924,8071310
PAN,BOG,900,5216,21553271
PAN,BOG,2,8,34892
PAN,BOG,3106,1925,8128083
PAN,BOG,5273,5124,21647646
PAN,BOG,4700,786,3446643
PAN,BOG,78,1091,4785100
PAN,BOG,2,5,20564
PAN,BOG,103,158,691294
PAN,BOG,2,5,21997
PAN,BOG,3,2,10493
PAN,BOG,2,2,9861
PAN,BOG,13,5989,24678393
PAN,BOG,22,173,707898
PAN,BOG,14,253,1110966
PAN,BOG,6,7,31032
PAN,BOG,1000,30,123619
PAN,BOG,600,93,408574
PAN,BOG,2717,3837,16087272
PAN,BOG,3000,4679,19753868
PAN,BOG,88,4159,18132488
PAN,BOG,26514,2930,12372249
PAN,BOG,10,1584,6686682
PAN,BOG,3,205,900844
PAN,BOG,265,9410,39725391
PAN,BOG,226,1850,8115014
PAN,BOG,42,783,3305981
PAN,BOG,56,1043,4575462
PAN,BOG,10,218,920838
PAN,BOG,9,154,650920
PAN,BOG,214,2999,13156734
PAN,BOG,41,637,2794609
PAN,BOG,168,1465,6176499
PAN,BOG,16,149,629049
PAN,BOG,24,336,1416680
PAN,BOG,14,213,935982
PAN,BOG,74,627,2752410
PAN,BOG,77,762,3261805
PAN,BOG,39,99,406807
PAN,BOG,159,1662,7116539
PAN,BOG,18,292,1236049
PAN,BOG,24,884,3878071
PAN,BOG,5,109,458730
PAN,BOG,57,7990,35048317
PAN,BOG,62,5378,23591721
PAN,BOG,14,947,4152851
PAN,BOG,14,884,3878071
PAN,BOG,7,464,2033963
PAN,BOG,179,4103,18000440
PAN,BOG,85,1876,8227532
PAN,BOG,81,1926,8447084
PAN,BOG,34,1054,4622882
PAN,BOG,8,149,629387
PAN,BOG,24,335,1416258
PAN,BOG,297,5321,22845218
PAN,BOG,18,308,1298419
PAN,BOG,88,1648,7004727
PAN,BOG,652,13177,57801396
PAN,BOG,72,899,3896494
PAN,BOG,14,386,1692022
PAN,BOG,59,882,3745311
PAN,BOG,10,58,254339
PAN,BOG,12,205,865740
PAN,BOG,92,3162,13389741
PAN,BOG,12,348,1474404
PAN,BOG,61,569,2408395
PAN,BOG,162,318,1392808
PAN,BOG,4,35,153314
PAN,BOG,4,37,164237
PAN,BOG,354,708,2870062
PAN,BOG,2000,1962,8303125
PAN,BOG,6400,320,1403731
PAN,BOG,2,2,6911
PAN,BOG,32,1070,4694296
PAN,BOG,39,1557,6830249
PAN,BOG,51,117,499292
PAN,BOG,200,765,3237457
PAN,BOG,362,2737,11842951
PAN,BOG,300,60,247237
PAN,BOG,140,2329,9678683
PAN,BOG,51,516,2090159
PAN,BOG,595,732,3096614
PAN,BOG,200,30,123619
PAN,BOG,2,6145,26954008
PAN,BOG,180,288,1208798
PAN,BOG,200,416,1760500
PAN,BOG,3,67,272888
PAN,BOG,286,783,3299145
PAN,BOG,0,18,74089
PAN,BOG,6001,2700,11474212
PAN,BOG,1,83,344860
PAN,BOG,2,1350,5711324
PAN,BOG,92,494,2065051
PAN,BOG,2,1859,8154801
PAN,BOG,156,12226,52010819
PAN,BOG,104,92,388868
PAN,BOG,4,80,330959
PAN,BOG,2,2967,12028763
PAN,BOG,414,1832,7891430
PAN,BOG,2210,6054,24676867
PAN,BOG,24,1088,4527111
PAN,BOG,2,4877,19770958
PAN,BOG,1,5,20974
PAN,BOG,2,797,3231982
PAN,BOG,76,1046,4587394
PAN,BOG,35,572,2408495
PAN,BOG,403,1084,4605364
PAN,BOG,9,2610,11089890
PAN,BOG,15,52207,215126403
PAN,BOG,1,2765,11208444
PAN,BOG,2,419,1697917
PAN,BOG,5,19,76141
PAN,BOG,3,295,1194521
PAN,BOG,53,589,2463217
PAN,BOG,6171,7204,29851263
PAN,BOG,3005,3086,12872578
PAN,BOG,502,241,1057010
PAN,BOG,1,27100,114649530
PAN,BOG,1,1380,5863620
PAN,BOG,13,327,1329475
PAN,BOG,4,28,115125
PAN,BOG,300,720,2966846
PAN,BOG,102,55,226964
PAN,BOG,732,535,2290869
PAN,BOG,3831,2167,8977179
PAN,BOG,5000,2090,8844817
PAN,BOG,302,546,2376658
PAN,BOG,1328,299,1258328
PAN,BOG,652,236,958106
PAN,BOG,421,1880,7718989
PAN,BOG,89,21250,92637249
PAN,BOG,306,38531,167971170
PAN,BOG,114,5879,25630655
PAN,BOG,144,2605,10996046
PAN,BOG,211,6907,29156508
PAN,BOG,1318,58486,246892764
PAN,BOG,267,4923,20783169
PAN,BOG,15,474,1999968
PAN,BOG,167,1328,5606217
PAN,BOG,3,2052,9001426
PAN,BOG,9,12451,51732618
PAN,BOG,147,10,42015
PAN,BOG,845,1798,7618359
PAN,BOG,310,31,131049
PAN,BOG,25,12,51768
PAN,BOG,23,83,350375
PAN,BOG,150,75,310607
PAN,BOG,23,1,4221
PAN,BOG,23,14,59099
PAN,BOG,23,19,81051
PAN,BOG,13,13,54878
PAN,BOG,32,6,27017
PAN,BOG,60,18,75985
PAN,BOG,395,31,131049
PAN,BOG,30,51,215291
PAN,BOG,105,93,392589
PAN,BOG,120,144,607880
PAN,BOG,1,52,215808
PAN,BOG,2,2,8443
PAN,BOG,95,131,554268
PAN,BOG,3,15,63411
PAN,BOG,2,2200,8918272
PAN,BOG,1,1,4221
PAN,BOG,50,50,211370
PAN,BOG,1,200,810752
PAN,BOG,12,12,50657
PAN,BOG,1,0,658
PAN,BOG,60,63325,269069582
PAN,BOG,3,1700,7410979
PAN,BOG,1,1000,4386660
PAN,BOG,553,951,3982516
PAN,BOG,1,300,1256103
PAN,BOG,1,100,418701
PAN,BOG,372,591,2454739
PAN,BOG,92,16,68256
PAN,BOG,17,80,350143
PAN,BOG,126,131,575486
PAN,BOG,13,13000,54956070
PAN,BOG,1,46,195596
PAN,BOG,9,129,548009
PAN,BOG,70,566,2408214
PAN,BOG,8,202,859815
PAN,BOG,50,333,1414118
PAN,BOG,24,246,1043888
PAN,BOG,8,77,326858
PAN,BOG,3,2,9270
PAN,BOG,92,702,2985307
PAN,BOG,66,358,1522461
PAN,BOG,149,1956,8317513
PAN,BOG,55,571,2426072
PAN,BOG,20,31,133346
PAN,BOG,1,46,195511
PAN,BOG,726,4914,20895068
PAN,BOG,5,42,179566
PAN,BOG,30,373,1584244
PAN,BOG,24,67,285315
PAN,BOG,94,181,771669
PAN,BOG,3,192,816316
PAN,BOG,14,803,3412557
PAN,BOG,9,97,411390
PAN,BOG,1,23,99456
PAN,BOG,11,217,922959
PAN,BOG,4,50,214731
PAN,BOG,1,50,202688
PAN,BOG,150,363,1529671
PAN,BOG,1575,3889,16420765
PAN,BOG,123,242,1019233
PAN,BOG,217,690,2910759
PAN,BOG,18,22,94585
PAN,BOG,299,654,2760856
PAN,BOG,76,152,642630
PAN,BOG,105,200,842482
PAN,BOG,278,599,2525811
PAN,BOG,42,1218,5140075
PAN,BOG,79,631,2658984
PAN,BOG,205,1642,6920224
PAN,BOG,80,531,2237117
PAN,BOG,210,1354,5706010
PAN,BOG,1764,3425,14389400
PAN,BOG,36,87,366037
PAN,BOG,480,654,2746792
PAN,BOG,252,1017,4271443
PAN,BOG,96,348,1464149
PAN,BOG,48,201,845012
PAN,BOG,85,205,865128
PAN,BOG,108,245,1036833
PAN,BOG,10,29,120646
PAN,BOG,8,14,59671
PAN,BOG,45,103,434200
PAN,BOG,61,162,682495
PAN,BOG,4,180,768316
PAN,BOG,27,10000,43866600
PAN,BOG,106,744,3153704
PAN,BOG,95,558,2370390
PAN,BOG,42,235,996130
PAN,BOG,4,4865,21208481
PAN,BOG,4,6000,24322560
PAN,BOG,151,5591,23616591
PAN,BOG,67,1909,8067326
PAN,BOG,54,1527,6448903
PAN,BOG,284,4890,20620050
PAN,BOG,8,21,86651
PAN,BOG,124,5770,24332875
PAN,BOG,2,51,214053
PAN,BOG,15,458,1932741
PAN,BOG,85,1629,6883652
PAN,BOG,16,165,695694
PAN,BOG,16,70,296602
PAN,BOG,38050,4946,21021191
PAN,BOG,138,5348,22668098
PAN,BOG,1047,46812,198428198
PAN,BOG,8,961,4075230
PAN,BOG,1053,91612,388084225
PAN,BOG,50,445,1872962
PAN,BOG,7,66,276003
PAN,BOG,8300,1245,5267109
PAN,BOG,56,4805,21077024
PAN,BOG,12,1023,4487553
PAN,BOG,563,4277,18760867
PAN,BOG,9,191,803745
PAN,BOG,24,1702,7169422
PAN,BOG,5,117,491009
PAN,BOG,67,2587,11349167
PAN,BOG,99,1012,4439300
PAN,BOG,53,12144,53271599
PAN,BOG,42000,3982,16917818
PAN,BOG,400,233,982355
PAN,BOG,4200,1178,4961525
PAN,BOG,650,4316,18816260
PAN,BOG,1,381,1618232
PAN,BOG,4,6085,25640322
PAN,BOG,4,2313,9744890
PAN,BOG,2,886,3764741
PAN,BOG,1,41,175399
PAN,BOG,6,266,1129724
PAN,BOG,5,4844,20581306
PAN,BOG,6,4214,17904309
PAN,BOG,195,2111,8892419
PAN,BOG,18,175,735587
PAN,BOG,2600,520,2198243
PAN,BOG,17500,3325,14071300
PAN,BOG,5800,1740,7363628
PAN,BOG,5840,2686,11368764
PAN,BOG,188,950,4022064
PAN,BOG,24877,6775,28565177
PAN,BOG,4000,640,2701690
PAN,BOG,100,6635,26895238
PAN,BOG,171,19644,79632913
PAN,BOG,122,4440,17999748
PAN,BOG,1201,24631,99850108
PAN,BOG,32,10962,44438533
PAN,BOG,92,30,121978
PAN,BOG,2200,254,1079426
PAN,BOG,2800,420,1730660
PAN,BOG,1325,662,2808238
PAN,BOG,200,30,126642
PAN,BOG,2000,340,1438870
PAN,BOG,12250,2205,9331494
PAN,BOG,2700,783,3313633
PAN,BOG,544,3609,15203924
PAN,BOG,235,8703,36831146
PAN,BOG,131,3864,16338442
PAN,BOG,18,482,2038061
PAN,BOG,631,8740,36981112
PAN,BOG,4,14,58096
PAN,BOG,18,100,422054
PAN,BOG,56,1995,8443566
PAN,BOG,15,493,2087218
PAN,BOG,186,2195,9283284
PAN,BOG,15,36,152259
PAN,BOG,49,208,882747
PAN,BOG,32400,3305,13885216
PAN,BOG,48820,6102,25639837
PAN,BOG,11180,4134,17368999
PAN,BOG,3708,1090,4580382
PAN,BOG,15600,2808,11797896
PAN,BOG,3440,567,2332870
PAN,BOG,90800,22622,95620785
PAN,BOG,180,252,1063790
PAN,BOG,103293,15450,65592858
PAN,BOG,16033,12652,53486540
PAN,BOG,45880,12682,53580100
PAN,BOG,39030,9240,39100189
PAN,BOG,44500,6628,28015193
PAN,BOG,10900,2398,10137281
PAN,BOG,80,34,141839
PAN,BOG,47906,13552,57411678
PAN,BOG,925,10426,44110179
PAN,BOG,33,333,1408456
PAN,BOG,137049,26630,112667645
PAN,BOG,2500,450,1913355
PAN,BOG,6350,957,4039870
PAN,BOG,9960,1793,7532503
PAN,BOG,7280,1220,5187527
PAN,BOG,20806,9206,38612192
PAN,BOG,55,466,1973185
PAN,BOG,170,552,2328905
PAN,BOG,198,865,3651686
PAN,BOG,36,264,1114632
PAN,BOG,645,4030,16583025
PAN,BOG,636,3628,15317743
PAN,BOG,1080,2248,9411566
PAN,BOG,9112,24743,101974695
PAN,BOG,100,300,1266627
PAN,BOG,825,3492,14296600
PAN,BOG,537,2293,9521135
PAN,BOG,2652,17919,75916683
PAN,BOG,200,22000,90653640
PAN,BOG,53,1213,5133997
PAN,BOG,118,6939,29360843
PAN,BOG,5,119,502604
PAN,BOG,11,226,958704
PAN,BOG,36,304,1283939
PAN,BOG,955,6648,29163700
PAN,BOG,20,9878,41870936
PAN,BOG,200,602,2553907
PAN,BOG,215,3998,16945651
PAN,BOG,54,298,1228274
PAN,BOG,11,161,684896
PAN,BOG,811,36810,156404713
PAN,BOG,10,193,819377
PAN,BOG,370,19274,81893271
PAN,BOG,1,462,1962826
PAN,BOG,995,1582,6519068
PAN,BOG,240,290,1196628
PAN,BOG,890,1333,5494023
PAN,BOG,48,614,2608716
PAN,BOG,1000,288,1224307
PAN,BOG,150,94,389399
PAN,BOG,150,790,3346572
PAN,BOG,212,1790,7558132
PAN,BOG,21,218,921893
PAN,BOG,100,450,1863644
PAN,BOG,2,29,123447
PAN,BOG,90,646,2733683
PAN,BOG,1000,40,169279
PAN,BOG,15,180,761755
PAN,BOG,1,25,104784
PAN,BOG,12,147,621084
PAN,BOG,183,721,3051843
PAN,BOG,336,2731,11558864
PAN,BOG,36,86,365642
PAN,BOG,48,217,919184
PAN,BOG,13,290,1225579
PAN,BOG,24,70,295561
PAN,BOG,509,20271,84392379
PAN,BOG,134,4296,17938819
PAN,BOG,169,4428,18494769
PAN,BOG,864,10530,43870308
PAN,BOG,97,507,2114200
PAN,BOG,11,62,259060
PAN,BOG,127,5084,21196032
PAN,BOG,27,800,3345114
PAN,BOG,301,4001,16677855
PAN,BOG,136,749,3123259
PAN,BOG,129,572,2379056
PAN,BOG,2364,21875,91106310
PAN,BOG,124,1339,5578569
PAN,BOG,26,424,1761695
PAN,BOG,511,3435,14972621
PAN,BOG,102,1135,4748111
PAN,BOG,115,8750,36415427
PAN,BOG,2,43,177990
PAN,BOG,33,757,3159072
PAN,BOG,68,571,2388953
PAN,BOG,5,9826,41570947
PAN,BOG,6,17091,74506767
PAN,BOG,294,994,4334072
PAN,BOG,1891,1577235,6799070609
PAN,BOG,103,2213,9709784
PAN,BOG,73,1117,4900777
PAN,BOG,142,4491,19699876
PAN,BOG,2531,39911,175076294
PAN,BOG,1,11550,50664958
PAN,BOG,125,9625,39085489
PAN,BOG,478,62290,263526474
PAN,BOG,62503,113386,478644880
PAN,BOG,1820,24181,102743582
PAN,BOG,6,4594,20152316
PRY,BOG,325,748,3163946
PRY,BOG,146,310,1311785
PRY,BOG,4,25,105342
PRY,BOG,441,801,3389607
PRY,BOG,26,39,166898
PRY,BOG,29,44,186908
PRY,BOG,33,600,2538747
PRY,BOG,12,171,723138
PRY,BOG,4,54,228961
PRY,BOG,9,102,433130
PRY,BOG,1,14,57367
PRY,BOG,758,1385,5858083
PRY,BOG,1250,650,2700710
PRY,BOG,9,16,69025
PRY,BOG,9,16,69025
PRY,BOG,10,19860,80507674
PRY,BOG,668,1351,5692568
PRY,BOG,164,332,1399923
PRY,BOG,77,144,607107
PRY,BOG,228,6473,27278208
PRY,BOG,350,7158,29972292
PRY,BOG,1700,5188,21954995
PRY,BOG,103,229,1006300
PRY,BOG,764,1734,7608223
PRY,BOG,734,1320,5792234
PRY,BOG,5,12,51148
PRY,BOG,39,114,501922
PRY,BOG,29,561,2459293
PRY,BOG,2,39,170948
PRY,BOG,4,45,195733
PRY,BOG,18,160,700067
PRY,BOG,3,1300,5527717
PRY,BOG,304,124856,509589469
PRY,BOG,92,191,839607
PRY,BOG,2,6,24741
PRY,BOG,5,7,29478
PRY,BOG,9,28,121510
PRY,BOG,3,945,4015976
PRY,BOG,11,264,1121923
PRY,BOG,88,4386,18639228
PRY,BOG,2,492,2090857
PRY,BOG,30,390,1657387
PRY,BOG,4,396,1682885
PRY,BOG,20,1700,7224507
PRY,BOG,1,243,1032255
PRY,BOG,1960,54352,228060146
PRY,BOG,3668,26264,106620858
PRY,BOG,480,3850,15864387
PRY,BOG,236,2925,11877928
PRY,BOG,184,164106,710293486
PRY,BOG,0,324,1312729
PRY,BOG,28,1467,5948650
PRY,BOG,6,1708,6922687
PRY,BOG,2,70,283277
PRY,BOG,11,1881,7626501
PRY,BOG,42,519,2104226
PRY,BOG,17,1108,4490066
PRY,BOG,18,251,1017169
PRY,BOG,20,448,1817706
PER,BOG,200,3505,14892745
PER,BOG,96,659,2791669
PER,BOG,422,2084,8819619
PER,BOG,608,1935,8205062
PER,BOG,1782,7140,30288485
PER,BOG,1,3,14829
PER,BOG,6856,22233,94190651
PER,BOG,52,342,1446005
PER,BOG,917,2517,10684457
PER,BOG,7293,22762,96542335
PER,BOG,1206,4777,20203062
PER,BOG,189,427,1811476
PER,BOG,19060,37613,159306906
PER,BOG,2498,4741,20060894
PER,BOG,9476,8711,36911643
PER,BOG,2113,7087,30024841
PER,BOG,60,310,1311252
PER,BOG,22056,50376,213444415
PER,BOG,2871,11079,46939924
PER,BOG,8661,20146,85352538
PER,BOG,233,2582,10917066
PER,BOG,170,1276,5397639
PER,BOG,620,5356,22655774
PER,BOG,238,1389,5899618
PER,BOG,116,1073,4537894
PER,BOG,20,109,464883
PER,BOG,1235,7916,33482249
PER,BOG,309,1724,7290401
PER,BOG,118,591,2498514
PER,BOG,313,2323,9827890
PER,BOG,2303,17993,76133959
PER,BOG,318,1728,7323265
PER,BOG,69,468,1979650
PER,BOG,280,1512,6395997
PER,BOG,2063,9860,41729797
PER,BOG,1293,6218,26324629
PER,BOG,274,2173,9208060
PER,BOG,4117,7444,31521337
PER,BOG,2443,5235,22226602
PER,BOG,616,1991,8442693
PER,BOG,191,1684,7097000
PER,BOG,243,1319,5558058
PER,BOG,1301,3541,14920319
PER,BOG,387,1709,7202433
PER,BOG,7,24,102905
PER,BOG,2252,6709,28270218
PER,BOG,408,1175,4952721
PER,BOG,2292,6852,28872353
PER,BOG,409,1553,6542231
PER,BOG,24,54,228776
PER,BOG,5803,12602,53102343
PER,BOG,288,523,2202431
PER,BOG,1314,1360,5729398
PER,BOG,899,2552,10752450
PER,BOG,90,465,1959960
PER,BOG,6487,14567,61385575
PER,BOG,761,2901,12223210
PER,BOG,104,461,1942345
PER,BOG,3382,5549,23384247
PER,BOG,141,1562,6583275
PER,BOG,57,399,1682722
PER,BOG,332,2887,12164720
PER,BOG,139,1088,4585263
PER,BOG,23,214,899725
PER,BOG,194,1260,5308001
PER,BOG,72,675,2842660
PER,BOG,60,300,1265961
PER,BOG,274,1696,7147778
PER,BOG,399,3324,14006688
PER,BOG,271,1824,7684891
PER,BOG,29,239,1005074
PER,BOG,166,1038,4374227
PER,BOG,355,1952,8226091
PER,BOG,1015,4272,18002754
PER,BOG,55,310,1304940
PER,BOG,234,1789,7536938
PER,BOG,195,1119,4713747
PER,BOG,770,2126,8958142
PER,BOG,295,506,2133744
PER,BOG,32,84,354521
PER,BOG,180,840,3684794
PER,BOG,15,189,801143
PER,BOG,23,237,1002785
PER,BOG,221,5754,24343119
PER,BOG,62,1895,8001203
PER,BOG,52,7595,33191616
PER,BOG,300,21155,89318314
PER,BOG,150000,13129,55785121
PER,BOG,9,2115,8928240
PER,BOG,261,57200,241373860
PER,BOG,15000,2294,9452702
PER,BOG,160,2759,11733217
PER,BOG,272,1211,5148898
PER,BOG,141,833,3543309
PER,BOG,1544,7183,30541232
PER,BOG,295,914,3888366
PER,BOG,2082,6273,26673616
PER,BOG,122,332,1413607
PER,BOG,77,304,1293273
PER,BOG,7609,15132,64342753
PER,BOG,600,2356,10018859
PER,BOG,402,1190,5059137
PER,BOG,10,118,503022
PER,BOG,37,165,703253
PER,BOG,23,86,365765
PER,BOG,160,1251,5318939
PER,BOG,69,384,1631272
PER,BOG,69,247,1050351
PER,BOG,3900,33063,140587660
PER,BOG,200,12406,52501820
PER,BOG,1219,14088,59365988
PER,BOG,251,7099,28779061
PER,BOG,136,16369,68536329
PER,BOG,3000,24969,103744697
PER,BOG,2,94,401530
PER,BOG,239,15750,66174098
PER,BOG,5,295,1253455
PER,BOG,6930,30838,129121108
PER,BOG,3840,15744,65920285
PER,BOG,2220,9324,39039681
PER,BOG,66,3057,12989618
PER,BOG,3,721,3042862
PER,BOG,3000,763,3326222
PER,BOG,312,32726,139076010
PER,BOG,4,1561,6589970
PER,BOG,1,140,592134
PER,BOG,2,981,4139284
PER,BOG,1,1040,4391385
PER,BOG,76,2214,9199037
PER,BOG,8,11044,45508127
PER,BOG,146,62360,273552118
PER,BOG,2,1798,7643132
PER,BOG,2,4598,19548984
PER,BOG,160,857,3474113
PER,BOG,6,900,3708558
PER,BOG,6,4849,20471986
PER,BOG,1144,66808,277582650
PER,BOG,1556,9841,40888972
PER,BOG,1675,7035,29771909
PER,BOG,400,18676,77597659
PER,BOG,200,3131,13011028
PER,BOG,1465,104949,443661537
PER,BOG,650,35540,150239750
PER,BOG,130470,4764,20068856
PER,BOG,60000,6960,29242649
PER,BOG,345,821,3577367
PER,BOG,49,80,347139
PER,BOG,202,541,2359961
PER,BOG,178,293,1278917
PER,BOG,130,206,897426
PER,BOG,105,228,991981
PER,BOG,22,292,1274514
PER,BOG,33,289,1261785
PER,BOG,6,79,344262
PER,BOG,267000,283020,1166217872
PER,BOG,261,6527,28630896
PER,BOG,587,47306,201036781
PER,BOG,105,19016,81983992
PER,BOG,60000,1707,7174028
PER,BOG,40800,3003,12648452
PER,BOG,541,10103,44317329
PER,BOG,815,43272,189817358
PER,BOG,1034,17424,76433164
PER,BOG,28,1146,5026060
PER,BOG,600,17156,73779334
PER,BOG,172,1941,8251119
PER,BOG,13,23,100179
PER,BOG,720,1924,8054007
PER,BOG,295,1292,5410119
PER,BOG,2454,5196,21756165
PER,BOG,942,1193,4996527
PER,BOG,333,2389,10002683
PER,BOG,182,1058,4431280
PER,BOG,278,1460,6113076
PER,BOG,16,64,267969
PER,BOG,68,32179,133526174
PER,BOG,22950,21754,92062275
PER,BOG,96,10807,43884375
PER,BOG,150,4606,20207149
PER,BOG,187,33874,144657886
PER,BOG,158,5350,21727065
PER,BOG,381,52920,214524979
PER,BOG,454,9806,42243446
PER,BOG,2189,92682,402818507
PER,BOG,560,6178,26084072
PER,BOG,204,21590,87520678
PER,BOG,2436,203575,861570430
PER,BOG,60,1859,7898679
PER,BOG,4595,182455,761437802
PER,BOG,360,18999,78782606
PER,BOG,1503,10967,46632841
PER,BOG,1540,55036,232835852
PER,BOG,360,816,3379407
PER,BOG,40,2017,8400290
PER,BOG,1000,2690,11084468
PER,BOG,30000,1420,5899184
PER,BOG,2064,69248,292858055
PER,BOG,81,1378,6042668
PER,BOG,169,413,1800912
PER,BOG,76,173,754394
PER,BOG,57,294,1247294
PER,BOG,433,2657,11303030
PER,BOG,406,2648,11397172
PER,BOG,1432,7244,30918335
PER,BOG,1116,5714,24104435
PER,BOG,252,1503,6561289
PER,BOG,6015,22315,95368542
PER,BOG,4,11,43781
PER,BOG,4230,15841,67752651
PER,BOG,1120,4872,20654890
PER,BOG,60,164,718535
PER,BOG,8716,23889,102249774
PER,BOG,511,2399,10343084
PER,BOG,109,835,3525873
PER,BOG,6762,31955,136632465
PER,BOG,1740,4980,21037764
PER,BOG,1189,5564,23529857
PER,BOG,24104,55326,237051225
PER,BOG,4840,20517,87687028
PER,BOG,911,6659,28385993
PER,BOG,9102,24298,103370335
PER,BOG,154,72,303970
PER,BOG,227,1110,4672117
PER,BOG,168,2085,8738551
PER,BOG,68,520,2267760
PER,BOG,434,4100,17128548
PER,BOG,138,1092,4632558
PER,BOG,12,54,228082
PER,BOG,249,1981,8377786
PER,BOG,93,820,3595608
PER,BOG,1509,10744,46060301
PER,BOG,1340,6546,27785846
PER,BOG,777,3496,14740441
PER,BOG,1601,12657,53622676
PER,BOG,850,2916,12245212
PER,BOG,118,932,3960918
PER,BOG,277,1640,6903146
PER,BOG,624,2248,9704085
PER,BOG,1685,6655,28008489
PER,BOG,90,319,1388905
PER,BOG,132,1410,5954206
PER,BOG,545,2634,11081043
PER,BOG,1887,7152,30295886
PER,BOG,3094,14538,61900641
PER,BOG,4,317,1287028
PER,BOG,25,2000,8499420
PER,BOG,10000,1468,6097790
PER,BOG,10000,3356,13944810
PER,BOG,17,1987,8443018
PER,BOG,91,2221,9002388
PER,BOG,1,1020,4446588
PER,BOG,110,2691,10908952
PER,BOG,1,127,515030
PER,BOG,17,8713,38219784
PER,BOG,2,6388,26910419
PER,BOG,1,12975,56916387
PER,BOG,306,35151,142492785
PER,BOG,5,13425,56552602
PER,BOG,1,27588,121020711
PER,BOG,64,23851,103973957
PER,BOG,2,3956,16382752
PER,BOG,30,3631,15830202
PER,BOG,1,2640,11217360
PER,BOG,1534,18338,77916335
PER,BOG,160000,14964,62872199
PER,BOG,318,29303,128543789
PER,BOG,298,12769,56015016
PER,BOG,132,6864,29113093
PER,BOG,46,256,1053436
PER,BOG,126,528,2175440
PER,BOG,58,223,920134
PER,BOG,87,188,775171
PER,BOG,176,833,3432394
PER,BOG,255,718,2959718
PER,BOG,7,69,286136
PER,BOG,37,155,640344
PER,BOG,1328,3010,12404261
PER,BOG,617,2613,10765655
PER,BOG,74,663,2732136
PER,BOG,250,807,3325670
PER,BOG,167,817,3365022
PER,BOG,15,79,325117
PER,BOG,55,248,1019853
PER,BOG,161,1937,7980940
PER,BOG,208,1062,4377747
PER,BOG,178,538,2215822
PER,BOG,20,124,512605
PER,BOG,146,398,1680392
PER,BOG,129,774,3395275
PER,BOG,5,665,2807224
PER,BOG,1,662,2683589
PER,BOG,4,17146,72854204
PER,BOG,2,28425,120012402
PER,BOG,2,6064,25601445
PER,BOG,1,2888,12272727
PER,BOG,3,500,2124500
PER,BOG,24,111,458131
PER,BOG,1,160,657239
PER,BOG,25,1136,4803161
PER,BOG,225,16526,69863876
PER,BOG,529,923,3809375
PER,BOG,6180,13659,57102601
PER,BOG,8,15,62248
PER,BOG,5527,6439,26998142
PER,BOG,1587,2668,11174749
PER,BOG,219,356,1443017
PER,BOG,5,8,33871
PER,BOG,787,1539,6379642
PER,BOG,68,141,617642
PER,BOG,21,46,195804
PER,BOG,3,8,32207
PER,BOG,641,936,3907784
PER,BOG,127,649,2786591
PER,BOG,206,2180,9318182
PER,BOG,22,220,963749
PER,BOG,67,702,2959308
PER,BOG,43,415,1753350
PER,BOG,243,2136,9018112
PER,BOG,2,63,275833
PER,BOG,12,7575,31914459
PER,BOG,300000,480000,2016734399
PER,BOG,398000,475610,2012767252
PER,BOG,150,5505,22872945
PER,BOG,153,3376,14718206
PER,BOG,48,1700,7176363
PER,BOG,142,10315,43542456
PER,BOG,350,13419,58498004
PER,BOG,6400,2368,9599304
PER,BOG,979,18748,77252889
PER,BOG,282,547,2306769
PER,BOG,573,1282,5366756
PER,BOG,135,360,1517451
PER,BOG,209,8987,39346429
PER,BOG,1085,11216,49077202
PER,BOG,40,1363,5763793
PER,BOG,375,15848,66996395
PER,BOG,3,3812,15788167
PER,BOG,581,36160,152978858
PER,BOG,4464,104129,437568178
PER,BOG,733,44703,192956288
PER,BOG,247,1722,7299300
PER,BOG,3,359,1521408
PER,BOG,2,1424,5950145
PER,BOG,35,3314,13837033
PER,BOG,457,6726,28341729
PER,BOG,332,5694,23348284
PER,BOG,3,7,30799
PER,BOG,288,596,2534336
PER,BOG,182,484,1994890
PER,BOG,608,5120,21097574
PER,BOG,797,1409,5739174
PER,BOG,2539,4520,19247813
PER,BOG,411,379,1596311
PER,BOG,269,613,2547968
PER,BOG,22,57,233501
PER,BOG,382,1527,6393586
PER,BOG,5,50,204950
PER,BOG,106,751,3283385
PER,BOG,179,1264,5423490
PER,BOG,259,1293,5479392
PER,BOG,110,562,2383124
PER,BOG,693,2713,10995946
PER,BOG,933,2504,10255129
PER,BOG,245,1001,4059070
PER,BOG,2141,6872,28377512
PER,BOG,78,462,1871864
PER,BOG,310,1199,5023708
PER,BOG,4406,11510,47895345
PER,BOG,874,3970,16502628
PER,BOG,1191,3432,14118339
PER,BOG,66,72,291627
PER,BOG,35,345,1462827
PER,BOG,235,1185,5022825
PER,BOG,557,2546,10790205
PER,BOG,50,486,1972154
PER,BOG,1028,3422,14505218
PER,BOG,80,445,1803112
PER,BOG,108,387,1567346
PER,BOG,177,313,1270002
PER,BOG,105,204,825751
PER,BOG,17,1826,7403017
PER,BOG,7,12700,53497665
PER,BOG,1,9515,39207699
PER,BOG,1,9,36273
PER,BOG,2,25,102752
PER,BOG,21,171,710578
PER,BOG,13,97,402406
PER,BOG,1,67,279544
PER,BOG,95,2369,9841848
PER,BOG,12,211,877357
PER,BOG,200,1115,4634379
PER,BOG,4,50,206417
PER,BOG,1,9,37519
PER,BOG,1,4,18531
PER,BOG,3,32,131255
PER,BOG,1,7,30123
PER,BOG,5,663,2754144
PER,BOG,30,1166,4844369
PER,BOG,3,32,133415
PER,BOG,43,1777,7382705
PER,BOG,5,666,2765403
PER,BOG,1,76,313947
PER,BOG,1,46,191086
PER,BOG,47,500,2078010
PER,BOG,8,1017,4309724
PER,BOG,49,236,978655
PER,BOG,77,757,3144625
PER,BOG,2250,2693,11442557
PER,BOG,5,20,84304
PER,BOG,1,5,19487
PER,BOG,1,416,1727209
PER,BOG,6,11,45912
PER,BOG,2,51,210406
PER,BOG,1,265,1100727
PER,BOG,5,1465,6085574
PER,BOG,2,105,435272
PER,BOG,3,3429,14245378
PER,BOG,75,5043,21376521
PER,BOG,1,50,208079
PER,BOG,168,1260,5116646
PER,BOG,5,4,18282
PER,BOG,120,5040,20940898
PER,BOG,45,1294,5675022
PER,BOG,32,1290,5657212
PER,BOG,11,3184,13496626
PER,BOG,200,2048,8646840
PER,BOG,383,2317,9795497
PER,BOG,915,4395,17816681
PER,BOG,911,2826,11548322
PER,BOG,134,547,2216272
PER,BOG,1338,4303,17442721
PER,BOG,93,454,1839758
PER,BOG,595,3035,12830847
PER,BOG,345,1218,5147016
PER,BOG,2507,5726,23447316
PER,BOG,787,2998,12153943
PER,BOG,683,2147,8850389
PER,BOG,304,2850,11889030
PER,BOG,413,3126,12670878
PER,BOG,313,1740,7054677
PER,BOG,199,712,2887980
PER,BOG,419,813,3295139
PER,BOG,103,9096,37480171
PER,BOG,208,2240,9517760
PER,BOG,167,1482,6296253
PER,BOG,108,1366,5804559
PER,BOG,246,320,1352949
PER,BOG,7,87,369663
PER,BOG,28,680,2882418
PER,BOG,1,600,2532834
PER,BOG,350,20675,83958797
PER,BOG,305,22112,89794616
PER,BOG,858,77021,330060259
PER,BOG,220,14858,64464655
PER,BOG,275,59800,252082220
PER,BOG,50,1264,5132483
PER,BOG,30,1950,8285550
PER,BOG,420,13980,59238073
PER,BOG,11,1118,4751614
PER,BOG,2520,13255,54946648
PER,BOG,50,2602,10565874
PER,BOG,80000,18374,76342868
PER,BOG,6,187,819779
PER,BOG,27,313,1371840
PER,BOG,23,149,651945
PER,BOG,11,11,46627
PER,BOG,50,2750,11656838
PER,BOG,2992,9205,38408071
PER,BOG,9,40,169554
PER,BOG,12,116,507098
PER,BOG,4,64,271286
PER,BOG,14,209,915847
PER,BOG,235,2504,10985951
PER,BOG,22,284,1245022
PER,BOG,48,410,1800110
PER,BOG,7,112,474751
PER,BOG,34,266,1164746
PER,BOG,23,249,1093726
PER,BOG,12,212,929226
PER,BOG,57,433,1901529
PER,BOG,46,363,1591656
PER,BOG,12,165,723974
PER,BOG,13,161,708007
PER,BOG,1,31,131404
PER,BOG,10,194,822337
PER,BOG,197,646,2834747
PER,BOG,12,57,248285
PER,BOG,35,3925,17215930
PER,BOG,33,2061,9040292
PER,BOG,13,561,2462408
PER,BOG,13,708,3107422
PER,BOG,13,556,2437930
PER,BOG,130,2606,11431768
PER,BOG,186,3691,16189320
PER,BOG,72,1285,5636990
PER,BOG,23,527,2312165
PER,BOG,9,451,1976717
PER,BOG,208,3645,15450608
PER,BOG,13,220,966644
PER,BOG,4,72,305197
PER,BOG,13,287,1258094
PER,BOG,12,216,915592
PER,BOG,12,369,1618853
PER,BOG,317,5682,24926625
PER,BOG,33,446,1955880
PER,BOG,6,102,432363
PER,BOG,24,436,1911531
PER,BOG,15,249,1055474
PER,BOG,13,134,589128
PER,BOG,17,464,2036331
PER,BOG,14,148,650893
PER,BOG,14,119,522539
PER,BOG,155,1131,4959733
PER,BOG,8,136,594656
PER,BOG,10,147,646945
PER,BOG,16,646,2833256
PER,BOG,91,3050,13377646
PER,BOG,30,228,1002176
PER,BOG,1,50,218894
PER,BOG,22,1863,7680864
PER,BOG,1,21,93348
PER,BOG,2,2294,9683701
PER,BOG,4,508,2128508
PER,BOG,32,3747,15240157
PER,BOG,1,1000,4386660
PER,BOG,20,11085,47108035
PER,BOG,119,27786,113683389
PER,BOG,24,48,202986
PER,BOG,125,6110,25671348
PER,BOG,200,6286,26409767
PER,BOG,35,603,2485476
PER,BOG,90,500,2094212
PER,BOG,75,463,1965885
PER,BOG,4,114,484811
PER,BOG,38,537,2283583
PER,BOG,2,480,2041305
PER,BOG,1,2225,9453728
PER,BOG,25,570,2484858
PER,BOG,80,680,2842434
PER,BOG,149,7459,31333666
PER,BOG,679,12134,51116497
PER,BOG,866,18355,76495579
PER,BOG,2,7,29235
PER,BOG,3,60,248486
PER,BOG,24,1089,4539033
PER,BOG,102,2401,9941875
PER,BOG,67,312,1312615
PER,BOG,21,233,974202
PER,BOG,15,337,1421634
PER,BOG,11,1285,5334081
PER,BOG,6,159,659067
PER,BOG,895,631,2658804
PER,BOG,56,2454,10434629
PER,BOG,236,31127,132355231
PER,BOG,1061,38372,163161623
PER,BOG,844,11847,51643937
PER,BOG,405,15206,63143012
PER,BOG,630,19326,82117874
PER,BOG,761,46973,194536220
PER,BOG,90,7940,32884611
PER,BOG,3503,103763,435672008
PER,BOG,234,3397,13796264
PER,BOG,7,2853,11564485
PER,BOG,5236,22996,93218481
PER,BOG,10,614,2486982
PER,BOG,1,249,1009508
PER,BOG,45,12899,52290666
PER,BOG,1402,3768,16021620
PER,BOG,15,209,862281
PER,BOG,182,1813,7472209
PER,BOG,15,144,592792
PER,BOG,12,165,678460
PER,BOG,13,87,357299
PER,BOG,26,175,720861
PER,BOG,14,265,1092418
PER,BOG,23,389,1604899
PER,BOG,13,94,388368
PER,BOG,44,5901,24316562
PER,BOG,158,10794,44478261
PER,BOG,14,771,3176380
PER,BOG,40,752,3098912
PER,BOG,14,294,1212904
PER,BOG,28,541,2230862
PER,BOG,10,212,872376
PER,BOG,25,481,1981359
PER,BOG,201,3370,13885542
PER,BOG,28,507,2090514
PER,BOG,27,502,2069829
PER,BOG,17,328,1351605
PER,BOG,12,113,465836
PER,BOG,12,105,433201
PER,BOG,17,147,605566
PER,BOG,40,308,1267544
PER,BOG,276,9219,37987790
PER,BOG,58,59,243776
PER,BOG,656,92511,381201976
PER,BOG,2326,20755,87318638
PER,BOG,586,28696,121174956
PER,BOG,1354,36913,160825769
PER,BOG,122,3513,15168481
PER,BOG,3020,58717,245553223
PER,BOG,935,3647,15405986
PER,BOG,4757,651374,2704618924
PER,BOG,357,29808,120832897
PER,BOG,188,4822,20353064
PER,BOG,299,17839,74466374
PER,BOG,1038,22907,95978469
PER,BOG,1226,4802,19901578
PER,BOG,2768,571,2403358
PER,BOG,5175,1140,4801365
PER,BOG,6000,303,1275798
PER,BOG,84,1044,4407638
PER,BOG,289,3593,15169101
PER,BOG,126,2136,9015032
PER,BOG,314,4897,20673329
PER,BOG,425,2490,10513372
PER,BOG,1007,75734,314715507
PER,BOG,101,1157,4877710
PER,BOG,16,415,1683364
PER,BOG,5,228,958428
PER,BOG,1000,8559,36054788
PER,BOG,1000,14358,60481896
PER,BOG,180,9317,37768233
PER,BOG,6,64,262467
PER,BOG,50,297,1204980
PER,BOG,0,1309,5515974
PER,BOG,1,389,1638410
PER,BOG,525,8627,36340985
PER,BOG,0,38,154124
PER,BOG,2577,69828,298243462
PER,BOG,9,555,2305659
PER,BOG,1,50,205084
PER,BOG,568,35646,148108570
PER,BOG,1320,31571,132077498
PER,BOG,86,2342,9855548
PER,BOG,365,18611,78297322
PER,BOG,1,109,441049
PER,BOG,20,1194,4996767
PER,BOG,188,3512,14236886
PER,BOG,4,55,229103
PER,BOG,2,51,207427
PER,BOG,1,9,35289
PER,BOG,1443,7866,33854019
PER,BOG,90,339,1485586
PER,BOG,122,1150,4856540
PER,BOG,33,2145,9037329
PER,BOG,3,58,239283
PER,BOG,1,11,45563
PER,BOG,2,316,1284075
PER,BOG,1,176,716412
PER,BOG,1,88,357434
PER,BOG,1,26,104972
PER,BOG,2,42,170677
PER,BOG,1,36,147571
PER,BOG,3,438,1777547
PER,BOG,1,306,1244401
PER,BOG,2,566,2300298
PER,BOG,1,20,80689
PER,BOG,395,2675,11316209
PER,BOG,1,525,2181551
PER,BOG,20,374,1574717
PER,BOG,1354,11313,47440520
PER,BOG,1018,49686,204693928
PER,BOG,1873,49041,203220212
PER,BOG,87,2613,10824590
PER,BOG,3348,50488,210226031
PER,BOG,46,221,908511
PER,BOG,1,41,171758
PER,BOG,224,5218,21380004
PER,BOG,358,18019,73864008
PER,BOG,950,10240,42195783
PER,BOG,520,1924,8020794
PER,BOG,14,210,861716
PER,BOG,17902,2195,9268079
PER,BOG,8,32,136247
PER,BOG,16,1404,5691074
PER,BOG,1000,165,698334
PER,BOG,1440,259,1096574
PER,BOG,43,634,2645870
PER,BOG,18,340,1406347
PER,BOG,15000,3630,15212806
PER,BOG,100,241,1021097
PER,BOG,79,684,2998370
PER,BOG,7,1002,4396091
PER,BOG,2,19,82149
PER,BOG,2,25,111114
PER,BOG,110,248,1065749
PER,BOG,5,90,382217
PER,BOG,185,8548,36325714
PER,BOG,21,1056,4486844
PER,BOG,6,256,1076378
PER,BOG,600,21000,89229000
PER,BOG,37,3550,14988040
PER,BOG,1,15,61693
PER,BOG,283,30067,126396816
PER,BOG,73,1799,7386174
PER,BOG,347,26672,111838311
PER,BOG,1415,13157,54666172
PER,BOG,5,65,283817
PER,BOG,31,661,2810758
PER,BOG,30,1596,6794514
PER,BOG,5,20,83028
PER,BOG,2800,567,2298401
PER,BOG,8,71,291740
PER,BOG,410,2522,10222894
PER,BOG,90,372,1506134
PER,BOG,500,1992,8076103
PER,BOG,2000,2218,9377408
PER,BOG,3,184,775226
PER,BOG,4,6569,27636157
PER,BOG,40,7229,29789610
PER,BOG,2,4253,17917532
PER,BOG,1,754,3177657
PER,BOG,35,687,2892050
PER,BOG,2,400,1699600
PER,BOG,1,500,2106250
PER,BOG,21,2147,9045543
PER,BOG,15,1152,4852674
PER,BOG,1,325,1369062
PER,BOG,2,166,697758
PER,BOG,12,1022,4304922
PER,BOG,64,28,114014
PER,BOG,14,611,2575186
PER,BOG,15000,1817,7701567
PER,BOG,5,20,84994
PER,BOG,66,576,2406904
PER,BOG,224,12946,53704070
PER,BOG,23,812,3365677
PER,BOG,27,871,3605529
PER,BOG,1179,21276,89570272
PER,BOG,189,4509,18961128
PER,BOG,158,7773,32493609
PER,BOG,27,928,3844365
PER,BOG,331,8120,34315281
PER,BOG,798,3607,15059999
PER,BOG,21462,2622,11499761
PER,BOG,48,2323,9787493
PER,BOG,312,9565,40305780
PER,BOG,669,31509,132779245
PER,BOG,119,1341,5614516
PER,BOG,10,44,192443
PER,BOG,2,127,526169
PER,BOG,303,11366,48190353
PER,BOG,54,1591,6733680
PER,BOG,91,6084,25748110
PER,BOG,35280,1138,4793859
PER,BOG,555,6137,26077558
PER,BOG,53,733,3115962
PER,BOG,173,1301,5527142
PER,BOG,30,303,1285917
PER,BOG,296,6035,25641950
PER,BOG,94,1920,8159270
PER,BOG,28,555,2356325
PER,BOG,301,5228,22212922
PER,BOG,105,1023,4347789
PER,BOG,18,158,672192
PER,BOG,2,10360,42690035
PER,BOG,2,1011,4165205
PER,BOG,2,420,1729507
PER,BOG,1,7845,33253778
PER,BOG,7,892,3748663
PER,BOG,1364,78,322109
PER,BOG,4,328,1392205
PER,BOG,1,74,314054
PER,BOG,292,1490,6316395
PER,BOG,239,6419,27211086
PER,BOG,213,3690,15641017
PER,BOG,1177,29428,125130504
PER,BOG,17,262,1078778
PER,BOG,56,57,248109
PER,BOG,56,4561,18487213
PER,BOG,358,6887,29136719
PER,BOG,0,74,298235
PER,BOG,21,296,1254376
PER,BOG,9,125,507288
PER,BOG,2,683,2769245
PER,BOG,305,2792,11317206
PER,BOG,342,3822,16170872
PER,BOG,1,6,23268
PER,BOG,2100,1909923,8240474574
PER,BOG,14,39,163754
PER,BOG,540,11114,47108459
PER,BOG,26,326,1384556
PER,BOG,200,4811,20446077
PER,BOG,10,161,685053
PER,IPI,15387,98209,427972964
PER,IPI,2519,123231,535854442
PER,IPI,2583,71712,309259628
PER,IPI,224,6362,27642390
PER,IPI,11495,99806,432062452
PER,IPI,30,108,473584
PER,IPI,194,1164,4920125
PER,IPI,57,204,896107
PER,IPI,233,20815,87456864
PER,IPI,4352,82536,354686922
PER,IPI,821,38672,166322531
PER,IPI,210,6755,29462038
PER,IPI,7673,86242,373561905
PER,IPI,4261,55297,234208257
PER,IPI,6474,26349,113418164
PER,IPI,38,1178,4947512
PER,IPI,4968,1453,6105958
PER,IPI,2000,129,543216
PER,IPI,3000,1042,4376188
PER,IPI,39727,3500,14706615
PER,IPI,24,366,1536752
PER,IPI,1190,14530,63673037
PER,IPI,129,2980,13073475
PER,IPI,71,1140,5000354
PER,IPI,5,535,2346293
PER,IPI,248,20607,89830997
PER,IPI,169,4471,19335325
PER,IPI,967,21214,93056982
PER,IPI,402,689,2894728
PER,IPI,1328,5996,25191281
PER,IPI,5,80,334652
PER,IPI,14941,3261,13702786
PER,IPI,53753,2457,10322025
PER,IPI,23600,153,644263
PER,IPI,13000,9912,41646448
PER,IPI,559,571,2505353
PER,IPI,70,30,132082
POL,BOG,7,750,3289995
POL,BOG,4660,1451,6028818
POL,BOG,942,5273,23131253
POL,BOG,14,247,1043105
POL,BOG,1,159,670863
POL,BOG,3,6125,25856689
POL,BOG,1,467,1969574
POL,BOG,1,288,1215296
POL,BOG,1,1086,4582952
POL,BOG,1,517,2181741
POL,BOG,1,1757,7417489
POL,BOG,9,12639,53352713
POL,BOG,14,227,957665
POL,BOG,9,24018,101390991
POL,BOG,3,5695,24039001
POL,BOG,4,3350,14143218
POL,BOG,1,165,696318
POL,BOG,29030,9947,42891991
POL,BOG,431075,167854,736316454
POL,BOG,60640,11706,51348487
POL,BOG,205850,35593,149935512
POL,BOG,197800,34740,146354055
POL,BOG,73200,16188,68782812
POL,BOG,280,3,11822
POL,BOG,5050,1478,6483483
POL,BOG,802400,117314,495844655
POL,BOG,393200,60004,253667128
POL,BOG,250,85,372866
POL,BOG,15163,2426,10642388
POL,BOG,158624,25454,111658395
POL,BOG,147432,29794,127576180
POL,BOG,288,1840,8069261
POL,BOG,96750,16498,69794488
POL,BOG,177750,32482,137420789
POL,BOG,13080,3264,13807019
POL,BOG,5625,1838,8064874
POL,BOG,4250,691,2937121
POL,BOG,12000,1974,8386464
POL,BOG,199575,63604,269606756
POL,BOG,40294,6570,28040032
POL,BOG,108423,17994,76518233
POL,BOG,12060,3519,14994338
POL,BOG,153,5240,22986976
POL,BOG,46900,7284,31726188
POL,BOG,47250,7324,31927156
POL,BOG,23100,3465,14596312
POL,BOG,33950,5092,21452156
POL,BOG,400,102,433713
POL,BOG,22358,3801,16673081
POL,BOG,48800,8872,37919576
POL,BOG,5250,892,3759656
POL,BOG,1750,298,1253219
POL,BOG,300,30,130781
POL,BOG,23200,3712,16182093
POL,BOG,29700,4752,20715869
POL,BOG,2100,718,2971476
POL,BOG,4000,760,3147487
POL,BOG,238184,42873,188069801
POL,BOG,324733,59584,259637489
POL,BOG,1785,3570,15563057
POL,BOG,1700,471,1956977
POL,BOG,14881,2539,10915936
POL,BOG,40019,6725,28611344
POL,BOG,12000,2371,10075229
POL,BOG,370,122,512587
POL,BOG,5600,952,4176100
POL,BOG,3400,838,3676021
POL,BOG,5950,1130,4762231
POL,BOG,14650,2334,10076760
POL,BOG,5700,1917,8028508
POL,BOG,235950,37715,160701598
POL,BOG,202950,33179,141301378
POL,BOG,43800,7446,31516113
POL,BOG,85200,15678,66660743
POL,BOG,18175,6332,26926360
POL,BOG,97244,17284,74600076
POL,BOG,135575,24744,107376725
POL,BOG,101050,31664,134219879
POL,BOG,4800,864,3639600
POL,BOG,24000,4404,18461553
POL,BOG,16,60,253283
POL,BOG,8,30,126642
POL,BOG,25,456,1986143
POL,BOG,90550,12315,51735002
POL,BOG,201250,27370,114939717
POL,BOG,4725,1134,4787056
POL,BOG,910,1274,5378051
POL,BOG,1030,1854,7826457
POL,BOG,320,45,189118
POL,BOG,775650,114424,485897075
POL,BOG,788350,121912,517555776
POL,BOG,64425,16582,69973647
POL,BOG,43400,5864,24474737
POL,BOG,55850,7596,31623589
POL,BOG,9000,1170,4949814
POL,BOG,13750,1788,7562215
POL,BOG,15000,1950,8192984
POL,BOG,576,1860,7555093
POL,BOG,200,2,8455
POL,BOG,400,4,16910
POL,BOG,6,1,4663
POL,BOG,160,288,1215760
POL,BOG,8500,1190,5023454
POL,BOG,10850,1722,7318001
POL,BOG,8600,1376,5832658
POL,BOG,31650,4968,21039152
POL,BOG,76675,22642,95467517
POL,BOG,9200,1648,6956851
POL,BOG,750,131,555289
POL,BOG,280,3,12283
POL,BOG,6,1,5066
POL,BOG,1800,306,1293581
POL,BOG,1975,310,1315103
POL,BOG,27000,3562,14755666
POL,BOG,79050,10712,44221909
POL,BOG,200,31,128947
POL,BOG,180,34,141842
POL,BOG,97750,23460,99467921
POL,BOG,4698,6577,27951193
POL,BOG,552,994,4222512
POL,BOG,23020,3223,13687238
POL,BOG,267050,40068,170092345
POL,BOG,529850,74079,314128073
POL,BOG,12725,4099,17408152
POL,BOG,41500,5780,23824249
POL,BOG,238,267,1086299
POL,BOG,5,29,120351
POL,BOG,200,2,8504
POL,BOG,400,4,17008
PRT,BOG,2940,2128,9044998
PRT,BOG,240,1758,7709994
PRT,BOG,14,90,394887
PRT,BOG,483,1423,6243270
PRT,BOG,2,80,329650
PRT,BOG,11700,3511,14929131
PRT,BOG,20,84804,357992699
PRT,BOG,12,70254,290952437
PRT,BOG,28500,3705,15439175
PRT,BOG,100,140,594959
PRT,BOG,680,1224,5201645
PRT,BOG,3680,515,2189451
PRT,BOG,1610,495,2105306
PRT,BOG,27250,4414,17891270
PRT,BOG,75,525,2230725
PRT,BOG,49,713,3029325
PRT,BOG,75,1350,5736150
PRT,BOG,100,950,4036550
PRI,BOG,30,9,37086
PRI,BOG,5440,2883,11940571
PRI,BOG,90,32,130455
PRI,BOG,640,320,1354230
PRI,BOG,1970,1061,4393022
PRI,BOG,72,32,134182
PRI,BOG,22,324,1341823
PRI,BOG,71230,10076,42483369
PRI,BOG,29769,4777,20281919
PRI,BOG,1740,1392,5889009
PRI,BOG,360,126,533057
PRI,BOG,1680,1082,4391788
PRI,BOG,73793,24026,100239694
PRI,BOG,1500,396,1683828
PRI,BOG,17,580,2455897
PRI,BOG,400,840,3560634
PRI,BOG,756,227,939276
PRI,BOG,480,1265,5350876
PRI,BOG,360,140,581457
PRI,BOG,23492,19542,85121927
PRI,BOG,600,1285,5435488
PRI,BOG,33,377,1592952
PRI,BOG,1122,1546,6388993
PRI,BOG,9028,34821,147312717
PRI,BOG,38,141,598039
PRI,BOG,51000,10860,45944425
PRI,BOG,2396,13912,58970687
PRI,BOG,10173,2116,8752326
PRI,BOG,1056,3326,14072701
PRI,BOG,1500,5040,21102530
PRI,BOG,184,1529,6300593
PRI,BOG,120,6,24849
PRI,BOG,217,4659,19708762
PRI,BOG,200,2264,9578101
PRI,BOG,120,762,3223725
PRI,BOG,12,475,2008863
PRI,BOG,1260,5730,24241480
PRI,BOG,912,1826,7724290
PRI,BOG,130,228,962464
PRI,BOG,440,774,3276184
PRI,BOG,1468,436,1798343
PRI,BOG,22,3796,16063204
PRI,BOG,350,1416,5992659
PRI,BOG,147,987,4070620
PRI,BOG,170,2699,11418839
PRI,BOG,155,617,2609863
PRI,BOG,100,321,1358026
PRI,BOG,200,9180,38142349
PRI,BOG,1,126150,536011350
PRI,BOG,445,3039,12858304
PRI,BOG,1095,1156,4891008
PRI,BOG,3436,2418,10031945
PRI,BOG,434,9152,37902367
PRI,BOG,182,1485,6150024
PRI,BOG,72,432,1789098
PRI,BOG,66,781,3320882
PRI,BOG,426,1664,7073352
PRI,BOG,500,62,274166
PRI,BOG,700,94,414539
PRI,BOG,30,475,2009836
PRI,BOG,1800,360,1579198
PRI,BOG,1060,2322,9866178
PRI,BOG,4500,1665,6749510
PRI,BOG,687,246,1019744
PRI,BOG,924,978,4050898
PRI,BOG,276,248,1026495
PRI,BOG,1734,1344,5564591
PRI,BOG,2905,3570,14785982
PRI,BOG,26629,16677,69065924
PRI,BOG,535,2760,11431589
PRI,BOG,181,79,327587
PRI,BOG,650,473,1960387
PRI,BOG,591,6602,27342673
PRI,BOG,12500,15698,66702587
PRI,BOG,3,7797,33129453
PRI,BOG,1266,1697,7029870
PRI,BOG,117260,36604,160569303
PRI,BOG,1800,324,1421278
PRI,BOG,10880,7506,32924515
PRI,BOG,5070,1424,6207786
PRI,BOG,4200,672,2947836
PRI,BOG,17707,3910,17152893
PRI,BOG,392,497,2112943
PRI,BOG,216,533,2263867
PRI,BOG,960,250,1094910
PRI,BOG,9375,1769,7170088
PRI,BOG,10,26,114053
PRI,BOG,1580,437,1883055
PRI,BOG,216,507,2223159
PRI,BOG,172,58,244191
PRI,BOG,421,1236,5134509
PRI,BOG,2722,4640,19285122
PRI,BOG,1996,670,2833832
PRI,BOG,1980,1742,7385772
PRI,BOG,750,1038,4207803
PRI,BOG,1375,1031,4371314
PRI,BOG,58,2540,10737571
PRI,BOG,180,60,255571
PRI,BOG,310,3031,12736098
PRI,BOG,41,8798,36555287
PRI,BOG,2,3244,14230325
PRI,BOG,158,3394,14209832
PRI,BOG,294,99,417392
PRI,BOG,7,108,457796
PRI,BOG,345,0,1429
PRI,BOG,200,122,517987
PRI,BOG,7,68,288242
PRI,BOG,27,161,702735
PRI,BOG,44,251,1062595
PRI,BOG,21000,2709,11162760
PRI,BOG,400,116,476344
PRI,BOG,112,107,439340
PRI,BOG,90,409,1687023
PRI,BOG,18025,4326,18261733
PRI,BOG,320,448,1891183
PRI,BOG,140,245,1034241
PRI,BOG,30,162,683865
PRI,BOG,4000,560,2363978
PRI,BOG,1200,396,1671670
PRI,BOG,1111,10696,44976940
PRI,BOG,395,22181,93345583
PRI,BOG,208,7047,29574353
PRI,BOG,289,4587,19214654
PRI,BOG,75,2695,11290255
PRI,BOG,533,8329,35033249
PRI,BOG,176,606,2537830
PRI,BOG,158,733,3074483
PRI,BOG,27325,5281,21964951
PRI,BOG,3450,414,1747655
PRI,BOG,3560,2314,9749410
PRI,BOG,80,143,579887
PRI,BOG,400,100,422139
PRI,BOG,1,3,11507
PRI,BOG,164,1889,7914429
PRI,BOG,280,16648,70150624
PRI,BOG,373,28140,118294339
PRI,BOG,92,2598,10951990
PRI,BOG,359,6317,26520979
PRI,BOG,10,39,161577
PRI,BOG,368,2605,10942964
PRI,BOG,435,3522,14798331
PRI,BOG,406,70,296370
PRI,BOG,70,2587,11349167
PRI,BOG,91,64,268833
PRI,BOG,726,5192,21903442
PRI,BOG,133,7368,31085906
PRI,BOG,111,4050,17109695
PRI,BOG,44,1618,6817945
PRI,BOG,259,4524,19077505
PRI,BOG,15,47,200511
PRI,BOG,102,423,1789184
PRI,BOG,200,26,113344
PRI,BOG,7700,1001,4363759
PRI,BOG,63,568,2398559
PRI,BOG,600,96,389161
PRI,BOG,400,100,422739
PRI,BOG,590,903,3816065
PRI,BOG,1792,4876,20613430
PRI,BOG,2140,3843,16247508
PRI,BOG,330,994,4202871
PRI,BOG,240,1320,5580155
PRI,BOG,12000,2040,8747885
PRI,BOG,6280,1382,5840562
PRI,BOG,5206,4156,17568864
PRI,BOG,170,896,3693930
PRI,BOG,2100,898,3700317
PRI,BOG,185,2185,9004997
PRI,BOG,445,1791,7378176
PRI,BOG,125,502,2070406
PRI,BOG,43290,5520,23689578
PRI,BOG,1640,408,1719706
PRI,BOG,21,228,960785
PRI,BOG,1,3913,16586620
PRI,BOG,80,1007,4149464
PRI,BOG,113,795,3364223
PRI,BOG,26,1202,5087266
PRI,BOG,17,535,2263123
PRI,BOG,41,637,2695956
PRI,BOG,9,120,509704
PRI,BOG,10,36,152260
PRI,BOG,8,182,768575
PRI,BOG,23250,3022,12699124
PRI,BOG,2,90,380459
PRI,BOG,2,323,1367883
PRI,BOG,6,188,793239
PRI,BOG,1,30,125734
PRI,BOG,42,26,111519
PRI,BOG,4620,1029,4485823
PRI,BOG,4300,540,2248806
PRI,BOG,16000,2096,9137302
PRI,BOG,33300,4497,18736806
PRI,BOG,4750,1184,4937970
PRI,BOG,5512,4959,20634573
PRI,BOG,4160,926,3854401
PRI,BOG,3140,8376,34800115
PRI,BOG,7350,1766,7466329
PRI,BOG,210,321,1356558
PRI,BOG,484,788,3329992
PRI,BOG,238,421,1777019
PRI,BOG,72,153,645269
PRI,BOG,40,216,913116
PRI,BOG,582,1055,4460826
PRI,BOG,41510,6645,28003883
PRI,BOG,1400,296,1251074
PRI,BOG,180,76,319591
PRI,BOG,9839,6811,28679341
PRI,BOG,31,480,2029147
PRI,BOG,103933,16975,71449458
PRI,BOG,360,162,666073
PRI,BOG,195,298,1232399
PRI,BOG,58834,8434,35412157
PRI,BOG,435,2645,11143678
PRI,BOG,1,2743,11654242
PRI,BOG,1,316,1342514
PRI,BOG,311,274749,1175325567
PRI,BOG,58,630,2608273
PRI,BOG,317,10905,46236909
PRI,BOG,278,4593,19022582
PRI,BOG,26,326,1349195
PRI,BOG,218,7430,31572067
QAT,BOG,2180,2920,12299658
QAT,BOG,120,48,202200
QAT,BOG,1580,1643,6943162
QAT,BOG,443,4920,20846689
QAT,BOG,450,2130,9050607
QAT,BOG,2,32062,129969626
QAT,BOG,2,7220,29266364
QAT,BOG,3,805,3264088
QAT,BOG,2,1230,4986125
QAT,BOG,131,24,100604
QAT,BOG,47,440,1862399
QAT,BOG,45,150,656683
QAT,BOG,20,91,400502
QAT,BOG,105,539,2364410
QAT,BOG,10,46,200251
QAT,BOG,140,849,3724713
QAT,BOG,16,110,481655
QAT,BOG,1300,195,850082
QAT,BOG,2500,375,1634774
QAT,BOG,12,22,91182
QAT,BOG,1728,1775,7313276
QAT,BOG,810,526,2178027
QAT,BOG,25,65,276386
QAT,BOG,520,1890,8091801
QAT,BOG,30,78,344353
QAT,BOG,3697,26295,111806708
QAT,BOG,77,971,4254865
QAT,BOG,726,3730,16039756
QAT,BOG,8,62,264990
QAT,BOG,6,57,244027
QAT,BOG,403,2194,9504169
QAT,BOG,266,2306,9862087
QAT,BOG,5,40,170679
GBR,BOG,20451,12889,54436148
GBR,BOG,13680,7577,31929672
GBR,BOG,27530,10902,45939015
GBR,BOG,5142,2889,12596126
GBR,BOG,7730,5520,23396884
GBR,BOG,3240,2192,9286085
GBR,BOG,1440,759,3198551
GBR,BOG,7,36,157920
GBR,BOG,7,50,220430
GBR,BOG,3,12,50666
GBR,BOG,3,12,50666
GBR,BOG,7710,4200,17754193
GBR,BOG,22500,11544,47567613
GBR,BOG,7,1148,5035886
GBR,BOG,22,5217,22884328
GBR,BOG,3,1896,8317107
GBR,BOG,5,2000,8773320
GBR,BOG,13,1092,4790233
GBR,BOG,1040,678,2856075
GBR,BOG,230,104,439938
GBR,BOG,55440,10404,43930678
GBR,BOG,39300,10512,44573685
GBR,BOG,320,250,1048702
GBR,BOG,17440,11381,47891241
GBR,BOG,75,451,1908767
GBR,BOG,150,2,6232
GBR,BOG,7,910,3749764
GBR,BOG,30,5700,23487534
GBR,BOG,37,6282,25885735
GBR,BOG,11,1430,5892487
GBR,BOG,10,1360,5604043
GBR,BOG,6,660,2719609
GBR,BOG,10,1100,4532682
GBR,BOG,2016,43546,176831279
GBR,BOG,1,17147,69629184
GBR,BOG,18,750,3045622
GBR,BOG,10,50,211942
GBR,BOG,4180,5420,22976686
GBR,BOG,1019,1096,4517353
GBR,BOG,1,50,203042
GBR,BOG,58830,17152,71534007
GBR,BOG,8900,1258,5484125
GBR,BOG,13600,2162,9425023
GBR,BOG,400,72,292380
GBR,BOG,47800,6888,29015700
GBR,BOG,71270,9786,41222682
GBR,BOG,220,484,1965442
GBR,BOG,758,3898,16490960
GBR,BOG,3460,6278,27367354
GBR,BOG,912,2579,11314073
GBR,BOG,71,6810,28296055
GBR,BOG,22,750,3186750
GBR,BOG,1960,294,1281664
GBR,BOG,500,140,614132
GBR,BOG,1680,252,1105438
GBR,BOG,8680,1302,5711431
GBR,BOG,7136,2107,9185256
GBR,BOG,9700,3312,13968004
GBR,BOG,550,128,538031
GBR,BOG,1030,15008,63781773
GBR,BOG,1572,138183,587239292
GBR,BOG,1090,107154,455371726
GBR,BOG,380,18289,77724646
GBR,BOG,150,1486,6317194
GBR,BOG,302,1845,7799915
GBR,BOG,30,68,286855
GBR,BOG,4,37,156814
GBR,BOG,408,600,2631996
GBR,BOG,26275,13366,55353318
GBR,BOG,75410,13400,56445394
GBR,BOG,7250,2680,11360118
GBR,BOG,70,1,2976
GBR,BOG,5000,750,3140258
GBR,BOG,6400,2048,8645407
GBR,BOG,8800,1584,6672600
GBR,BOG,33320,4588,19327371
GBR,BOG,8000,1280,5580032
GBR,BOG,998,1301,5706606
GBR,BOG,32093,63924,280410660
GBR,BOG,7716,48429,205237835
GBR,BOG,1134,4454,18354890
GBR,BOG,8,9,38752
GBR,BOG,23250,7706,31817002
GBR,BOG,800,132,560868
GBR,BOG,34400,5604,23812953
GBR,BOG,500,5,21110
GBR,BOG,231002,79334,326707184
GBR,BOG,54500,8771,37488419
GBR,BOG,180925,28787,121463886
GBR,BOG,25730,5191,22632644
GBR,BOG,30,76530,332707776
GBR,BOG,1100,374,1589293
GBR,BOG,60990,10649,44858912
GBR,BOG,144850,21173,89189999
GBR,BOG,16200,8586,36481914
GBR,BOG,96220,21700,92204575
GBR,BOG,2280,1276,5401836
GBR,BOG,882,3466,14663337
GBR,BOG,9000,3506,15284056
GBR,BOG,10000,1748,7425128
GBR,BOG,20100,3574,15281670
GBR,BOG,40823,13205,55846886
GBR,BOG,4280,1558,6593097
GBR,BOG,250,62,253360
GBR,BOG,18515,2857,12495508
GBR,BOG,72110,34630,147427474
GBR,BOG,199,38,165860
GBR,BOG,2010,497,2107966
GBR,BOG,2230,12809,53300086
GBR,BOG,400,2830,11472141
GBR,BOG,362,691,2927072
GBR,BOG,39,282,1143566
GBR,BOG,4000,9456,40186745
GBR,BOG,184,302,1282218
GBR,BOG,50,7172,30277920
GBR,BOG,15,3,12465
GBR,BOG,39539,9062,37520184
GBR,BOG,5,250,1051473
GBR,BOG,4000,240,1020502
GBR,BOG,1,157,665877
GBR,BOG,216,187,796757
GBR,BOG,4,30000,124242900
GBR,BOG,300,97,409305
GBR,BOG,250,40,168884
GBR,BOG,1,54,221315
GBR,BOG,931,5703,23959939
GBR,BOG,2800,952,4045048
GBR,BOG,49,77903,322628744
GBR,BOG,30408,9731,41179438
GBR,BOG,17100,2223,9404646
GBR,BOG,90590,14352,60952853
GBR,BOG,37810,10587,44803020
GBR,BOG,333377,41692,176439843
GBR,BOG,51576,29805,122877448
GBR,BOG,10640,1658,7007322
GBR,BOG,200,30,131600
GBR,BOG,480,72,305197
GBR,BOG,1600,570,2412223
GBR,BOG,22480,3288,13911092
GBR,BOG,23640,3582,15153199
GBR,BOG,5100,663,2785614
GBR,BOG,608,7739,32751216
GBR,BOG,5250,1558,6617818
GBR,BOG,132950,20649,86923523
GBR,BOG,729525,113174,480477395
GBR,BOG,27588,7258,30784190
GBR,BOG,4300,1311,5697509
GBR,BOG,1900,475,2005160
GBR,BOG,150,230,968809
GBR,BOG,30,83,352064
GBR,BOG,2700,405,1709663
GBR,BOG,21850,3408,14478468
GBR,BOG,98770,15320,65099228
GBR,BOG,336960,53914,228160738
GBR,BOG,4600,1210,5133026
GBR,BOG,176,2280,9690760
GBR,BOG,158425,23436,99580626
GBR,BOG,40800,7482,32820990
GBR,BOG,26200,5690,24176810
GBR,BOG,650,283,1202467
GBR,BOG,80,16,67995
GBR,BOG,32780,4196,17593647
GBR,BOG,110260,12129,50557236
GBR,BOG,2920,727,3064085
GBR,BOG,10480,2526,10494049
GBR,BOG,44,17,71005
GBR,BOG,1761929,440456,1856091726
GBR,BOG,2300,3519,14863220
GBR,BOG,186,272,1144346
GBR,BOG,10809,20457,86203330
GBR,BOG,32188,97339,410182109
GBR,BOG,21,116,486714
GBR,BOG,1253,2955,12453841
GBR,BOG,368006,55201,232621430
GBR,BOG,690,152,639681
GBR,BOG,369722,148516,625843216
GBR,BOG,180,518,2188534
GBR,BOG,10,4,16973
GBR,BOG,1600,384,1623318
GBR,BOG,33420,5075,21461388
GBR,BOG,115060,17984,76080089
GBR,BOG,20400,3876,16403116
GBR,BOG,52975,10577,44385326
GBR,BOG,14544,4231,17745173
GBR,BOG,357,68,295698
GBR,BOG,236,235,952711
GBR,BOG,30,56,227813
GBR,BOG,1184,5456,23423733
GBR,BOG,14,49,206882
GBR,BOG,581,2324,9866821
GBR,BOG,18,90,377440
GBR,BOG,406,2842,11971925
GBR,BOG,490,3185,13416812
GBR,BOG,315,1872,7885800
GBR,BOG,190,996,4193965
GBR,BOG,832,5356,22562150
GBR,BOG,12,75,315938
GBR,BOG,16,96,404400
GBR,BOG,175,875,3790445
GBR,BOG,791,2531,10842756
GBR,BOG,63,208,887745
GBR,BOG,1267,4424,18964027
GBR,BOG,3080,22178,93530227
GBR,BOG,8660,61899,262739798
GBR,BOG,410,2979,12096441
GBR,BOG,1150,8109,32928296
GBR,BOG,1616,1440553,6223389742
GBR,BOG,1,20,84250
GBR,BOG,6,171,720338
GBR,BOG,7,99,418722
GBR,BOG,117,3393,14293012
GBR,BOG,7,83,347952
GBR,BOG,518,7745,32627076
GBR,BOG,43,549,2311820
GBR,BOG,62,1040,4422174
GBR,BOG,50,1281,5448118
GBR,BOG,62,1477,6279487
GBR,BOG,87,2167,9215810
GBR,BOG,432,10762,47209235
GBR,BOG,550,4614,19479604
GBR,BOG,7,1642,7200702
GBR,BOG,5,990,4342793
GBR,BOG,4,26982,113922121
XCF,BOG,52000,37843,160100582
CZE,BOG,0,1164,4727253
CZE,BOG,180805,114645,477541891
CZE,BOG,2500,2375,10027464
CZE,BOG,6585,6862,28904490
CZE,BOG,900,562,2376674
CZE,BOG,3540,2547,10749388
CZE,BOG,14,750,3040320
CZE,BOG,3,6264,26227431
CZE,BOG,30,6,24930
CZE,BOG,26760,7040,29250778
CZE,BOG,300,108,438570
CZE,BOG,6800,1156,4850565
CZE,BOG,70000,11779,49619899
CZE,BOG,6600,1173,4965391
CZE,BOG,47600,8892,37570472
CZE,BOG,9328,14528,63529593
CZE,BOG,1435,1222,5157530
CZE,BOG,5700,2070,9023958
CZE,BOG,800,485,2127530
CZE,BOG,2400,360,1569383
CZE,BOG,17200,2560,11160064
CZE,BOG,16200,4140,18160772
CZE,BOG,2600,1123,4650826
CZE,BOG,800,148,612932
CZE,BOG,3000,570,2360615
CZE,BOG,48650,22251,94240896
CZE,BOG,4300,1859,7535940
CZE,BOG,93600,15748,66338450
CZE,BOG,93800,15184,63962600
CZE,BOG,3200,552,2333519
CZE,BOG,12640,4298,18852110
CZE,BOG,1600,736,3129538
CZE,BOG,1500,240,1015346
CZE,BOG,1250,212,899005
CZE,BOG,27440,8579,36242003
CZE,BOG,192,139,585688
CZE,BOG,11,92873,385881535
CZE,BOG,119500,44283,191218236
CZE,BOG,600,201,844508
CZE,BOG,8060,2173,9532914
CZE,BOG,3500,476,2005850
CZE,BOG,79500,9858,41541316
CZE,BOG,1200,204,889318
CZE,BOG,7800,1287,5610548
CZE,BOG,4056,3904,16085252
CZE,BOG,140378,17611,72569722
CZE,BOG,4800,490,1988182
CZE,BOG,16200,2284,9957741
CZE,BOG,475,120,504456
CZE,BOG,250,2,10597
CZE,BOG,400,4,16215
CZE,BOG,2400,326,1371379
CZE,BOG,4140,530,2226475
CZE,BOG,45950,11028,46553489
CZE,BOG,42780,6235,26429446
CZE,BOG,101780,14680,62024653
CZE,BOG,94980,30240,129654327
CZE,BOG,40050,14158,60798643
CZE,BOG,30400,5352,22592879
CZE,BOG,11280,2040,8623876
CZE,BOG,400,64,271981
CZE,BOG,8400,2969,12534732
CZE,BOG,4860,717,3028763
CZE,BOG,48720,8282,35050868
CZE,BOG,84480,15171,64204063
CZE,BOG,103200,20640,87347861
CZE,BOG,113650,37737,157987192
CZE,BOG,212,5121,21706812
CZE,BOG,216,5079,21340075
CZE,BOG,1103165,9361,39589722
DOM,BOG,15,38,156378
DOM,BOG,15,206,849260
DOM,BOG,96,883,3639084
DOM,BOG,150,2177,8970384
DOM,BOG,15,60,247237
DOM,BOG,4,3680,15505724
DOM,BOG,10,177,777316
DOM,BOG,29,476,2088840
DOM,BOG,23,271,1187513
DOM,BOG,92,946,4150394
DOM,BOG,42,815,3576093
DOM,BOG,16,1081,4552027
DOM,BOG,5,32,137853
DOM,BOG,5,82,347651
DOM,BOG,5,37,153650
DOM,BOG,5,334,1420751
DOM,BOG,5,360,1531603
DOM,BOG,5,55,233567
DOM,BOG,5,105,447235
DOM,BOG,12,173,733613
DOM,BOG,65,1193,4955888
DOM,BOG,5,23,93985
DOM,BOG,15,120,509570
DOM,BOG,5,93,387947
DOM,BOG,5,35,149418
DOM,BOG,5,11,46369
DOM,BOG,20,19,82235
DOM,BOG,6305,1737,7566932
DOM,BOG,118,1232,5404365
DOM,BOG,525,348,1411341
DOM,BOG,72,1,2992
DOM,BOG,93,4339,18646873
DOM,BOG,1,569,2342696
DOM,BOG,19,1755,7233378
DOM,BOG,1395,2420,10171132
DOM,BOG,800,232,980754
DOM,BOG,2800,860,3635555
DOM,BOG,950,341,1447847
DOM,BOG,150,4083,17261702
DOM,BOG,128,8454,35736241
DOM,BOG,89,11024,46602832
DOM,BOG,555,19187,81110425
DOM,BOG,451,65463,276737166
DOM,BOG,175,5166,21861244
DOM,BOG,2200,814,3299761
DOM,BOG,1608,18348,75091835
DOM,BOG,40,1166,4803036
DOM,BOG,6,236,970900
DOM,BOG,31,4228,17979537
DOM,BOG,428,23583,99696060
DOM,BOG,37,1692,7194536
DOM,BOG,11,956,4060650
DOM,BOG,250,8835,35875484
DOM,BOG,352,16350,69639774
DOM,BOG,2718,19706,81609032
DOM,BOG,4316,136014,578608805
DOM,BOG,1525,18522,78539758
DOM,BOG,168,20926,86227476
DOM,BOG,338,9589,40773631
DOM,BOG,224,2918,11848893
DOM,BOG,561,392,1629567
DOM,BOG,28,3766,15821281
DOM,BOG,7,50,204465
DOM,BOG,294,368,1526940
DOM,BOG,301,361,1500764
DOM,BOG,80,84,349015
DOM,BOG,11,11,45704
DOM,BOG,4,8,31152
DOM,BOG,291,335,1390451
DOM,BOG,305,274,1140531
DOM,BOG,15,254,1045690
DOM,BOG,797,17401,73172581
DOM,BOG,98,1310,5399084
DOM,BOG,76,778,3205348
DOM,BOG,85,119,494438
DOM,BOG,153,904,3725988
DOM,BOG,2,2,8310
DOM,BOG,2,14241,62082215
DOM,BOG,1,10855,45890136
DOM,BOG,542,8361,36001991
DOM,BOG,909,24720,107763322
DOM,BOG,156,23100,100702139
DOM,BOG,49,9351,39762144
DOM,BOG,52,3788,16106917
DOM,BOG,1141,80978,348411650
DOM,BOG,8,540,2296129
DOM,BOG,50,929,3859939
DOM,BOG,55,402,1671408
DOM,BOG,3,265,1101849
DOM,BOG,1,0,1312
DOM,BOG,1,37,155017
DOM,BOG,1,50,212106
DOM,BOG,4,142,602759
DOM,BOG,0,1,4697
DOM,BOG,123,453,1916363
DOM,BOG,11922,13964,60876667
DOM,BOG,12,22,91241
DOM,BOG,15,1116,4723683
DOM,BOG,5,425,1798587
DOM,BOG,2,1276,5301371
DOM,BOG,210,1382,5743664
DOM,BOG,2,25,103016
DOM,BOG,1,27,111257
DOM,BOG,12240,47621,208898013
DOM,BOG,22,22,93073
DOM,BOG,8,10,40614
DOM,BOG,12,13,55844
DOM,BOG,1540,770,3257570
DOM,BOG,10,12,52883
DOM,BOG,2,2,9730
DOM,BOG,3,3,12692
DOM,BOG,4,5,20645
DOM,BOG,18,16,68536
DOM,BOG,24,19,81228
DOM,BOG,8,10,40614
DOM,BOG,9,10,41460
DOM,BOG,12,12,50767
DOM,BOG,4,4,15230
DOM,BOG,78,78,329988
DOM,BOG,3,4,15103
DOM,BOG,250,300,1269183
DOM,BOG,8,8,32153
DOM,BOG,150,105,444214
DOM,BOG,816,1102,4660440
DOM,BOG,15,3,12692
DOM,BOG,37,127,535722
DOM,BOG,26,771,3262985
DOM,BOG,25,127,536230
DOM,BOG,9,27,115749
DOM,BOG,122,1471,6224920
DOM,BOG,278,2224,9407607
DOM,BOG,709,3563,15072310
DOM,BOG,19,23,96384
DOM,BOG,46,52,220966
DOM,BOG,12,12,50729
DOM,BOG,12,15,63411
DOM,BOG,68,85,359328
DOM,BOG,15,17,71020
DOM,BOG,310,356,1507065
DOM,BOG,162,186,787563
DOM,BOG,3,3,13950
DOM,BOG,9,11,47347
DOM,BOG,153,3506,14799096
DOM,BOG,153,3822,16136052
DOM,BOG,263,368,1556525
DOM,BOG,1,1,5707
DOM,BOG,1,23,97230
DOM,BOG,122,2136,9001040
DOM,BOG,384,611,2476604
DOM,BOG,603,1313,5321695
DOM,BOG,3,12,48564
DOM,BOG,530,1102,4466108
DOM,BOG,1,6,24444
DOM,BOG,2,48,194337
DOM,BOG,67,731,2964271
DOM,BOG,576,6187,25079235
DOM,BOG,350,9555,39700452
DOM,BOG,137,1756,7431212
DOM,BOG,2015,863,3659187
DOM,BOG,100,95,402691
DOM,BOG,121,6845,27795691
DOM,BOG,32,11100,47198199
DOM,BOG,42,970,3937381
DOM,BOG,116,4303,18874570
DOM,BOG,166,3386,13749036
DOM,BOG,250,1400,5897500
DOM,BOG,550,1798,7574075
DOM,BOG,905,1711,6937605
DOM,BOG,7,13,52294
DOM,BOG,1,3187,13508791
DOM,BOG,19900,5490,23067114
DOM,BOG,1788,3632,15334166
DOM,BOG,3446,8585,36371548
DOM,BOG,14,30,125451
DOM,BOG,25,102,432663
DOM,BOG,1536,3946,16218466
DOM,BOG,101,259,1098805
DOM,BOG,17,37,158429
DOM,BOG,10,232,984318
DOM,BOG,61,719,3047244
DOM,BOG,5,53,223560
DOM,BOG,149,1595,6732460
DOM,BOG,80,914,3795953
DOM,BOG,1028,1864,7746262
DOM,BOG,110,149,620333
DOM,BOG,600,240,1011000
DOM,BOG,8000,720,3158395
DOM,BOG,16100,2979,13066369
DOM,BOG,4866,9163,38736927
DOM,BOG,58,146,620585
DOM,BOG,19930,7772,32934848
DOM,BOG,1800,342,1386386
DOM,BOG,12250,2090,8841260
DOM,BOG,8245,2206,9678244
DOM,BOG,78,480,2031346
DOM,BOG,5,11,47431
DOM,BOG,8,821,3472485
DOM,BOG,99,5088,21523651
DOM,BOG,35280,9756,41182192
DOM,BOG,21900,3557,15015484
DOM,BOG,23,26,109193
DOM,BOG,480,668,2708317
DOM,BOG,1380,9804,39743266
DOM,BOG,238,31225,132134883
DOM,BOG,46,122,496396
DOM,BOG,4,11,48041
DOM,BOG,367,1115,4633843
DOM,BOG,22,51,216565
DOM,BOG,14,31,126942
DOM,BOG,419,938,3853598
DOM,BOG,104,431,1832050
DOM,BOG,13,152,661713
DOM,BOG,6,82,358604
DOM,BOG,15,19,79478
DOM,BOG,68,75,317066
DOM,BOG,30,33,139882
DOM,BOG,5700,45408,192939867
DOM,BOG,130,169,716366
DOM,BOG,26,26,110210
DOM,BOG,3,4,15260
DOM,BOG,936,1264,5356211
DOM,BOG,14,5876,24907483
DOM,BOG,1,1824,7751471
DOM,BOG,1115,2213,9344148
DOM,BOG,1333,2774,11668834
DOM,BOG,4,9,38363
DOM,BOG,44,183,744310
DOM,BOG,4478,9653,40571866
DOM,BOG,44,113,458346
DOM,BOG,15,32,131246
DOM,BOG,297,872,3539379
DOM,BOG,957,2167,8800550
DOM,BOG,7,45,191473
DOM,BOG,19,353,1434998
DOM,BOG,14,271,1159233
DOM,BOG,1,13,53765
DOM,BOG,215,2329,9874925
DOM,BOG,129,1483,6437730
DOM,BOG,200,4000,16482480
DOM,BOG,40,242,1003054
DOM,BOG,5,783,3243568
DOM,BOG,10,433,1792701
DOM,BOG,2,40,164825
DOM,BOG,2,15,63735
DOM,BOG,4,1,4249
DOM,BOG,1,0,1062
DOM,BOG,1,0,1062
DOM,BOG,100,25,106225
DOM,BOG,7,2,7436
DOM,BOG,5,1,5311
DOM,BOG,100,5,21245
DOM,BOG,500,168,703756
DOM,BOG,9,0,1035
DOM,BOG,600,3855,15965254
DOM,BOG,60,15,63321
DOM,BOG,11,31,129090
DOM,BOG,11,20,84977
DOM,BOG,21,63,264175
DOM,BOG,90,58,245685
DOM,BOG,58,8750,36055425
DOM,BOG,100,3618,14908403
DOM,BOG,97,12980,53752651
DOM,BOG,6687,60355,254908790
DOM,BOG,33,1529,6465201
DOM,BOG,563,24035,101852215
DOM,BOG,2,49,207776
DOM,BOG,199,5249,22241189
DOM,BOG,151,1566,6671184
DOM,BOG,9,247,1043108
DOM,BOG,113,3273,13885278
DOM,BOG,270,1635,6911571
DOM,BOG,2775,29387,124381814
DOM,BOG,342,1137,4800061
DOM,BOG,133,810,3424584
DOM,BOG,497,2323,9795361
DOM,BOG,108,108,445027
DOM,BOG,455,289,1224292
DOM,BOG,35,164,695668
DOM,BOG,1465,12643,52970035
DOM,BOG,4,120,508175
DOM,BOG,349,15788,67212007
DOM,BOG,25,1884,7966305
DOM,BOG,180,11523,49203698
DOM,BOG,119,3166,13517330
DOM,BOG,22,171,724871
DOM,BOG,922,12626,54067846
DOM,BOG,129,1802,7640886
DOM,BOG,26,131,555521
DOM,BOG,2066,10965,46232845
DOM,BOG,2392,385,1620519
DOM,BOG,40,200,846371
DOM,BOG,200,2132,9037016
DOM,BOG,1307,10462,44249488
DOM,BOG,100,0,412
DOM,BOG,200,0,824
DOM,BOG,100,0,412
DOM,BOG,300,3027,12473117
DOM,BOG,2,4424,17934888
DOM,BOG,15500,1984,8175310
DOM,BOG,650,136,559786
DOM,BOG,300,76,315227
DOM,BOG,100,20,86116
DOM,BOG,400,96,405829
DOM,BOG,6896,2471,10470078
DOM,BOG,560,1443,6100969
DOM,BOG,2284,1319,5575082
DOM,BOG,53950,10453,44267007
DOM,BOG,210,416,1706951
DOM,BOG,1602,23769,100425248
DOM,BOG,0,19,78169
DOM,BOG,330,532,2243518
DOM,BOG,7,7,27728
DOM,BOG,200,1640,6924228
DOM,BOG,1555,1371971,5924722305
DOM,BOG,682,29504,127827727
DOM,BOG,1996,8988,38325068
DOM,BOG,11,55307,235000888
DOM,BOG,44,158,652335
DOM,BOG,18,13022,53658714
ROU,BOG,2520,1393,5903234
ROU,BOG,900,180,741712
ROU,BOG,3300,2011,8502127
ROU,BOG,3200,640,2719814
ROU,BOG,1950,1281,5421154
ROU,BOG,218,5106,21601495
ROU,BOG,30,891,3769474
ROU,BOG,23,800,3248664
ROU,BOG,16200,2268,9574113
ROU,BOG,9500,3614,14891921
ROU,BOG,13139,5387,23630894
ROU,BOG,900,342,1409252
ROU,BOG,1,10713,45011453
ROU,BOG,22250,5580,24475369
ROU,BOG,11079,4210,18467926
ROU,BOG,4896,1126,4939730
ROU,BOG,12,13,57904
ROU,BOG,67900,19801,83770266
ROU,BOG,8,56,236914
ROU,BOG,78200,21666,92076342
ROU,BOG,4200,1092,4639908
ROU,BOG,28755,5175,21990549
ROU,BOG,950,207,860073
ROU,BOG,4600,1544,6544784
ROU,BOG,57250,18464,80995290
ROU,BOG,36600,9160,38949144
ROU,BOG,200,60,249296
ROU,BOG,83825,20118,84925924
ROU,BOG,12240,1714,7233774
ROU,BOG,3750,1458,6353826
ROU,BOG,14550,2460,10450416
ROU,BOG,17877,7738,32504938
ROU,BOG,6080,1586,6712546
ROU,BOG,19400,4052,17153959
ROU,BOG,2500,165,696645
ROU,BOG,700,234,994266
ROU,BOG,4,53,225197
ROU,BOG,10500,4806,20296283
ROU,BOG,16,256,1087744
ROU,BOG,16320,4896,21477087
ROU,BOG,4900,1029,4375401
ROU,BOG,400,8,33998
ROU,BOG,6,1,4250
ROU,BOG,12480,3744,15556095
ROU,BOG,71675,26419,111674592
ROU,BOG,510,357,1504387
ROU,BOG,16,256,1116006
ROU,BOG,100,28,115006
RUS,BOG,74641,52965,223499062
RUS,BOG,210,102,429675
RUS,BOG,7,78,342159
RUS,BOG,53300,34083,141347786
RUS,BOG,16620,10613,44723285
RUS,BOG,58430,46513,197319069
RUS,BOG,16896,10945,45694104
RUS,BOG,47817,30830,130321591
RUS,BOG,3516,2423,9932108
RUS,BOG,1415,1106,4815810
RUS,BOG,11190,7080,28700621
RUS,BOG,25060,12917,54536256
RUS,BOG,1080,702,2958207
RUS,BOG,1600,264,1150882
RUS,BOG,39850,5970,24994482
RUS,BOG,185800,25120,105178361
RUS,BOG,16000,5440,23863430
RUS,BOG,19800,3434,14239831
RUS,BOG,3500,560,2270106
RUS,BOG,8625,3511,15402660
RUS,BOG,11840,3789,16620177
RUS,BOG,85075,36473,159881572
RUS,BOG,7720,2607,11435145
RUS,BOG,700,290,1232210
RUS,BOG,29100,4728,19166177
RUS,BOG,300,48,203952
RUS,BOG,230,37,157213
RUS,BOG,12,363,1542387
RUS,BOG,89450,39496,173253330
RUS,BOG,7750,1162,4912652
RUS,BOG,15900,2235,9575179
RUS,BOG,21400,5772,25319802
RUS,BOG,2832,427,1873455
RUS,BOG,26918,4059,17807295
RUS,BOG,200,870,3642699
RUS,BOG,100,406,1699926
RUS,BOG,8425,3523,15454203
RUS,BOG,20650,3286,14327168
RUS,BOG,1920,446,1958205
RUS,BOG,6000,960,4185023
RUS,BOG,15900,3440,14616560
RUS,BOG,18,16,68834
RUS,BOG,69100,26836,117720408
RUS,BOG,41640,11999,52635533
RUS,BOG,7640,1222,5179724
RUS,BOG,77160,12800,54307168
RUS,BOG,7340,2275,9567991
RUS,BOG,1950,636,2695909
RUS,BOG,64750,10930,46002150
RUS,BOG,13600,4080,16952155
RUS,BOG,6036,6262,25804147
RUS,BOG,2800,375,1558933
RUS,BOG,4000,1238,5145478
RUS,BOG,12260,9287,38715653
RUS,BOG,3500,448,1882285
RUS,BOG,45300,4349,18271614
RUS,BOG,2700,419,1772787
RUS,BOG,353370,56321,237175691
RUS,BOG,3200,992,4218073
RUS,BOG,7600,2744,11590740
RUS,BOG,4800,734,3100189
RUS,BOG,63650,8788,36457324
RUS,BOG,5440,1309,5738033
RUS,BOG,3040,14584,63975049
RUS,BOG,325,1185,5199069
RUS,BOG,994,4175,18313428
RUS,BOG,2400,307,1294532
RUS,BOG,149850,23064,96928910
RUS,BOG,50,63,264427
RUS,BOG,200,44,186257
RUS,BOG,4200,714,3021627
RUS,BOG,10500,1890,7998423
RUS,BOG,480,86,365642
RUS,BOG,2525,888,3751814
RUS,BOG,3500,456,1932189
RUS,BOG,900,126,531983
RUS,BOG,40,84,349015
RUS,BOG,5030,805,3411426
RUS,BOG,35265,5804,24600802
RUS,BOG,24530,7527,32862674
RUS,BOG,2100,1632,6931021
SGP,BOG,4550,3833,16220295
SGP,BOG,12685,6944,29296892
SGP,BOG,37071,18910,79617681
SGP,BOG,1,50,212450
SGP,BOG,422,2048,8626358
SGP,BOG,125,125,507604
SGP,BOG,20100,3867,16963214
SGP,BOG,600,120,507673
SGP,BOG,156,505,2214386
SGP,BOG,2616,10273,42330964
SGP,BOG,13,910,3833375
SGP,BOG,600,82,342845
SGP,BOG,2200,299,1257098
SGP,BOG,560,134,568161
SGP,BOG,7,13,53265
SGP,BOG,5,13,54956
SGP,BOG,3130,445,1876906
SGP,BOG,85,37,154511
SGP,BOG,115,66,281203
SGP,BOG,31500,4410,18616330
SGP,BOG,375,1882,8257887
LKA,BOG,356,3968,16794023
ZAF,BOG,8040,4614,19559749
ZAF,BOG,67,74776,316348093
ZAF,BOG,21,14291,58887739
ZAF,BOG,9,750,3090465
SWE,BOG,1,3395,14390853
SWE,BOG,882,2762,12042407
SWE,BOG,490,1506,6358468
SWE,BOG,1920,346,1468454
SWE,BOG,35600,5760,24474240
SWE,BOG,118940,19649,83488601
SWE,BOG,300,45,197400
SWE,BOG,466,103,450071
CHE,BOG,980,7439,31532805
CHE,BOG,474,1849,7740107
CHE,BOG,5088,5800,24645560
CHE,BOG,3120,2507,10597221
CHE,BOG,78500,6450,27425980
CHE,BOG,8467,50084,212807128
CHE,BOG,230,24838,100863708
CHE,BOG,4,1096,4450020
CHE,BOG,3,150,657999
CHE,BOG,280,990,4100016
CHE,BOG,98,10410,43945936
CHE,BOG,2925,11970,52182367
CHE,BOG,3200,1271,5405469
CHE,BOG,1950,354,1491225
CHE,BOG,11550,2186,9206419
CHE,BOG,8700,2208,9381792
CHE,BOG,120,1,5055
CHE,BOG,120,1,5055
CHE,BOG,11400,1938,8501347
CHE,BOG,48357,9227,40475405
CHE,BOG,1184,2234,9798044
CHE,BOG,224,538,2358268
CHE,BOG,10,1862,7844265
CHE,BOG,636800,7223,30438306
CHE,BOG,476,232984,981692890
CHE,BOG,126,69853,283661605
CHE,BOG,2260,10167,42106913
CHE,BOG,50,208,863364
CHE,BOG,144,871,3605488
CHE,BOG,15600,2028,8579677
CHE,BOG,80,760,3201500
CHE,BOG,62,370,1557572
CHE,BOG,50,376,1583900
CHE,BOG,60,450,1895625
CHE,BOG,50,312,1312615
CHE,BOG,20,82061,347168933
CHE,BOG,2,17440,73781838
CHE,BOG,2,17440,73781838
CHE,BOG,3820,5576,24306271
CHE,BOG,30,2904,11968300
CHE,BOG,106,10880,47431275
CHE,BOG,23,690,2916392
CHE,BOG,58,26567,112310042
CHE,BOG,22,11150,47133327
CHE,BOG,144,28369,119925939
CHE,BOG,7,2385,10083889
CHE,BOG,1,294,1241542
CHE,BOG,8,134,568246
SUR,BOG,1,2759,11722991
SUR,BOG,35,766,3156395
SUR,BOG,8,272,1120809
SUR,BOG,500,42,176585
SUR,BOG,305,520,2161940
SUR,BOG,150,28,118410
SUR,BOG,2,1580,6698146
THA,BOG,2015,14051,59949384
THA,BOG,42070,17131,73366450
THA,BOG,535,2190,9306585
THA,BOG,440,388500,1643592831
THA,BOG,4,3424,14456906
THA,BOG,200,700,2884434
THA,BOG,3,3782,15936771
THA,BOG,163,152093,642956427
THA,BOG,21,10000,42273900
THA,BOG,225,17259,72263606
THA,BOG,2,23128,97171221
THA,BOG,1,12506,53011058
THA,BOG,2,30732,129120328
THA,BOG,2,7807,32801849
THA,BOG,2,16614,69805144
THA,BOG,2350,564,2396836
THA,BOG,80,144,611958
THA,BOG,1470,206,874590
THA,BOG,136,450,1912709
THA,BOG,2682,2942,12122452
THA,BOG,5,6303,26782084
THA,BOG,3,61040,267761244
THA,BOG,40,296,1249531
TTO,BOG,4368,805,3389883
TTO,BOG,480,70,293190
TTO,BOG,240,90,379125
TTO,BOG,33600,4951,20904750
TTO,BOG,9,126,531895
TTO,BOG,108,1248,5290848
TTO,BOG,403,8375,35500242
TTO,BOG,221,2726,11556292
TTO,BOG,5600,1490,6271005
TTO,BOG,1000,150,618093
TTO,BOG,6250,972,4115591
TTO,BOG,2744,510,2221550
TTO,BOG,1400,350,1442217
TTO,BOG,20,44,193013
TTO,BOG,400,68,280202
TTO,BOG,52,112,491306
TTO,BOG,62,19950,87513867
TTO,BOG,120,37,154280
TTO,BOG,5,26,107559
TTO,BOG,280,196,824676
TTO,BOG,20,37,157137
TTO,BOG,325,143,602079
TTO,BOG,35,167,699975
TTO,BOG,3900,499,2074146
TTO,BOG,4550,582,2419837
TTO,BOG,4000,1168,4852928
TTO,BOG,2812,2964,12314619
TTO,BOG,770,179,742238
TTO,BOG,24,25,105120
TTO,BOG,7350,1816,7677618
TTO,BOG,220,56,236824
TTO,BOG,420,92,389100
TTO,BOG,5763,3451,14590187
TTO,BOG,180,50,213291
TTO,BOG,334,782,3305633
TTO,BOG,1140,629,2660446
TTO,BOG,280,142,598862
TTO,BOG,600,92,389085
TTO,BOG,200,42,177550
TTO,BOG,542,421,1781331
TTO,BOG,19,80,338558
TTO,BOG,3950,1340,5678999
TTO,BOG,5250,525,2302996
TTO,BOG,900,171,724843
TTO,BOG,240,43,181506
TTO,BOG,60,13,55722
TTO,BOG,1160,1054,4437481
TTO,BOG,31,168,705857
TTO,BOG,2000,200,877332
TTO,BOG,28,165,719301
TUN,BOG,3,23835,101032481
TUR,BOG,26760,21648,94371245
TUR,BOG,74,1,3075
TUR,BOG,30,0,124
TUR,BOG,1,30,130781
TUR,BOG,9,490,2136106
TUR,BOG,18,36138,149662997
TUR,BOG,6,1100,4795340
TUR,BOG,1,2629,11460863
TUR,BOG,14000,2310,9772709
TUR,BOG,256800,44632,188820586
TUR,BOG,21700,6776,28666613
TUR,BOG,600,438,1853007
TUR,BOG,12,587981,2387689463
TUR,BOG,450,625,2537613
TUR,BOG,40,80,339920
TUR,BOG,5138,2006,8522219
TUR,BOG,3600,606,2519774
TUR,BOG,96,307,1347582
TUR,BOG,36,29,121596
TUR,BOG,4,2123,9019437
TUR,BOG,200,37,150251
TUR,BOG,1200,222,901504
TUR,BOG,3000,496,2098383
TUR,BOG,24300,4551,19253506
TUR,BOG,6240,1909,8074542
TUR,BOG,40,0,1657
TUR,BOG,48,319,1399345
TUR,BOG,18,270,1184398
TUR,BOG,4,60,263200
TUR,BOG,7,111,486919
TUR,BOG,5,70,307066
TUR,BOG,9,140,614132
TUR,BOG,2,6,26320
TUR,BOG,1,10,43867
TUR,BOG,2,15,65800
TUR,BOG,1,30,131600
TUR,BOG,2,4,17547
TUR,BOG,1,10,43867
TUR,BOG,3,13,57027
TUR,BOG,12,8540,37462076
TUR,BOG,15,233,1022092
TUR,BOG,2,303,1329158
TUR,BOG,3,210,921199
TUR,BOG,1,50,219333
TUR,BOG,26,2600,11405316
TUR,BOG,12,1550,6799323
TUR,BOG,2,350,1535331
TUR,BOG,4,220,965065
TUR,BOG,270,4698,19961802
TUR,BOG,4680,749,3174051
TUR,BOG,9750,1496,6342379
TUR,BOG,600,96,404541
TUR,BOG,22400,7059,29747257
UKR,BOG,60,1,2521
UKR,BOG,15,750,3166042
UKR,BOG,6050,2629,10675922
UKR,BOG,850,420,1730660
UKR,BOG,1008,1285,5295821
UKR,BOG,200,90,379925
URY,BOG,11400,1824,7578611
URY,BOG,360,101,418818
URY,BOG,400,72,299156
URY,BOG,1000,300,1246481
URY,BOG,120,41,169522
URY,BOG,115,278,1163130
URY,BOG,1724,3915,16368789
URY,BOG,5,14,58869
URY,BOG,228,346,1457149
URY,BOG,3116,5753,24089201
URY,BOG,38,96,396542
URY,BOG,29,490,2054115
URY,BOG,5,69,284516
URY,BOG,68,1048,4373868
URY,BOG,114,1594,6600874
URY,BOG,30,46,192162
URY,BOG,1,9,38726
URY,BOG,283,607,2567621
URY,BOG,592,1776,7517037
URY,BOG,317,583,2468043
URY,BOG,17,296,1251732
URY,BOG,151,276,1168024
URY,BOG,288,9377,38637570
URY,BOG,15840,1475,6471639
URY,BOG,5,12227,51991155
URY,BOG,51,1800,7582500
URY,BOG,2,43072,174602172
URY,BOG,1017,29310,128465055
URY,BOG,1400,6556,27546827
URY,BOG,1,4800,19458048
URY,BOG,22600,4294,18172079
URY,BOG,1120,280,1184952
URY,BOG,4200,588,2488398
URY,BOG,1040,414,1753728
URY,BOG,6,29672,126076328
URY,BOG,1,59,244106
URY,BOG,10,5,21427
URY,BOG,1,30,121847
URY,BOG,2,8684,35782063
URY,BOG,2,847,3491236
URY,BOG,2,352,1449634
URY,BOG,1,169,697209
URY,BOG,2,15,61892
URY,BOG,1,28,117396
URY,BOG,1,210,891993
URY,BOG,1,127,524885
URY,BOG,1,752,3196735
URY,BOG,2,57,232897
URY,BOG,17,100,423197
URY,BOG,1462,829,3508303
URY,BOG,180,712,2998879
URY,BOG,15,34304,145016852
URY,BOG,15,29503,124722547
URY,BOG,272,242298,1045165421
UZB,BOG,8260,5152,21836648
UZB,BOG,30,0,1260
UZB,BOG,5700,3164,13036612
UZB,BOG,800,144,596366
UZB,BOG,8400,1596,6609722
UZB,BOG,480,154,636124
UZB,BOG,120,132,546669
VEN,BOG,401,48480,199767658
VEN,BOG,2,3586,14535567
VEN,BOG,200,0,424
VEN,BOG,29,3329,14603191
VEN,BOG,200,0,424
VEN,BOG,960,960,4052534
VEN,BOG,30,13800,58300626
VEN,BOG,1000000,1536800,6383582892
VEN,BOG,6864,47654,201165781
VEN,BOG,1600,1233,5205818
VEN,BOG,2396,4129,17429782
VEN,BOG,230,176,741276
VEN,BOG,609,13486,56931016
VEN,BOG,200,1135,4607377
VEN,BOG,25,325,1380925
VEN,BOG,4365,98203,398091961
VEN,BOG,5,128,563686
VEN,BOG,5,232,1019898
VEN,BOG,5,107,469373
VEN,BOG,100,1300,5702658
VEN,BOG,25,325,1425664
VEN,BOG,199,2020,8861053
VEN,BOG,5,140,611939
VEN,BOG,75,341,1496948
VEN,BOG,30,335,1469531
VEN,BOG,5,90,394799
VEN,BOG,45,1575,6908990
VEN,BOG,6,602,2641033
VEN,BOG,207,133626,542630886
VEN,BOG,50,7642,31033472
VEN,BOG,1505,50695,208893183
VEN,BOG,15,1230,5395592
VEN,BOG,2113,143783,594316147
VEN,BOG,3479,282514,1181798662
VEN,BOG,55,2355,9966501
VEN,BOG,260,8843,36623040
VEN,BOG,3460,92047,374726740
VEN,BOG,700,6552,26560236
VEN,BOG,15,1537,6532200
VEN,BOG,40,800,3399200
VEN,BOG,30,4500,19120500
VEN,BOG,1733,23719,99431095
VEN,BOG,50000,3730,15497926
VEN,BOG,1042,26343,110679392
VEN,BOG,237,4746,20117582
VEN,BOG,4,1200,5072868
VEN,BOG,1,385,1635439
VEN,BOG,300,7413,30800570
VEN,BOG,80,22143,93277388
VEN,BOG,5,1250,5483325
VEN,BOG,145,9855,41008941
VEN,BOG,42,308,1301370
VEN,BOG,99,125,526746
VEN,BOG,2,140,576887
VEN,BOG,52,10400,45621264
VEN,BOG,385,26855,113834317
VEN,BOG,246,30000,127165500
VEN,BOG,592,41415,175551125
VEN,BOG,3057,150612,638420404
VEN,BOG,21,1265,5374390
VEN,BOG,45,2415,10259720
VEN,BOG,341,16000,66992160
VEN,BOG,2839,118002,494075554
VEN,BOG,864,25321,106020536
VEN,BOG,1260,183107,766672515
VEN,BOG,600,16500,72379890
VEN,BOG,20,705,3090841
VEN,BOG,108,30115,125124439
VEN,BOG,209,8839,35829604
VEN,BOG,172,2280,9393077
VEN,BOG,272,4802,20276587
VEN,BOG,223,5383,22727510
VEN,BOG,850,17692,72902009
VEN,BOG,400,10164,42556770
VEN,BOG,274,228414,989725060
VEN,BOG,39,18327,76199617
VEN,MAI,3360,12630,53535404
VEN,MAI,3,3917,16604338
VEN,MAI,2,2182,9247348
VEN,MAI,41200,65604,277333694
VEN,MAI,12950,24734,104562378
VEN,MAI,51200,60734,261536376
VEN,MAI,29700,34987,144166484
VEN,MAI,3200,5412,23070738
VEN,MAI,84200,105623,442009630
VEN,MAI,29700,38877,160198580
VNM,BOG,8850,1924,8177200
VNM,BOG,2705,25035,105945676
VNM,BOG,550,3580,15214387
VNM,BOG,91,67921,286115822
VNM,BOG,20,314,1326783
VNM,BOG,950,228,962477
VNM,BOG,6600,858,3629863
VNM,BOG,9150,1581,6701622
VGB,BOG,520,585,2478540
VGB,BOG,5,545,2245738
VGB,BOG,128,8749,36801237
VGB,BOG,22,2519,10677663
VGB,BOG,2,174,737560
VGB,BOG,6,468,1928450
VGB,BOG,5,285,1174377
VGB,BOG,6,468,1983782
VGB,BOG,27,1367,5751236
VGB,BOG,19,1478,6115105
VGB,BOG,15,855,3624217
VGB,BOG,8,612,2521819
VGB,BOG,60,1,2472
COD,BOG,375,99200,418877791
XCF,BOG,893,9640,40502749
XCF,BOG,3097,112562,471298973
XCF,BOG,22,6904,29335648
XCF,BOG,1,522,2218870
XCF,BOG,24,4146,17617374
XCF,BOG,110,9832,41775021
XCF,BOG,234,51729,219797881
XCF,BOG,73,52085,221308188
XCF,BOG,2,37,155683
XCF,BOG,3,862,3664508
XCF,BOG,526,4236,17997319
XCF,BOG,459,1748,7429249
XCF,BOG,54,2493,10591227
XCF,BOG,10,2445,10390505
XCF,BOG,30,2802,11905103
XCF,BOG,2,872,3706998
XCF,BOG,17,516,2193291
XCF,BOG,146,1259,5349491
XCF,BOG,38,1836,7801164
XCF,BOG,18,480,2039520
XCF,BOG,40,1620,6883380
XCF,BOG,2,133824,563733305
XCF,BOG,3,184876,778791961
XCF,BOG,378,9300,39344673
XCF,BOG,450,12000,50767319
XCF,BOG,387,3303,13388596
XCF,BOG,422,8478,35867873
XCF,BOG,5290,3864,16430076
XCF,BOG,8,85363,361545414
XCF,BOG,12,33065,139347781
XCF,BOG,50,13120,55393821
XCF,BOG,1,13992,59450308
XCF,BOG,6,51281,217132194
XCF,BOG,2,1665,7014655
XCF,BOG,2,1695,7169430
XCF,BOG,2,6588,27990712
XCF,BOG,3,217752,884251905
XCF,BOG,5,228793,961280653
ABW,BGA,9,8454,36797334
BEL,CTG,82660,92486,391273127
BEL,CTG,80,17522,74128918
BEL,CTG,1,13725,58067068
KOR,CTG,73800,143954,631478438
KOR,CTG,282,172194,755356532
KOR,CTG,2,100613,441353356
CHL,BGA,130,1575,6663211
CHL,BGA,262,2743,11604563
CHL,BGA,26,13000,54762500
CHL,BGA,50,35100,148783635
CHL,BGA,9,9622,40787486
CHN,CTG,423650,2263765,9595762051
ECU,BGA,1,940,4122232
USA,BGA,114,1813,7951260
USA,BGA,320,4146,18188189
USA,BGA,192,3504,15370857
USA,BGA,133,1928,8459674
USA,BGA,347,4854,21290654
USA,BGA,448,6003,26333997
USA,BGA,60,44943,189533420
USA,BOG,3368,13243,54571019
USA,BOG,88,1118,4605205
USA,BOG,400,4298,17712073
USA,BOG,453,3344,13777293
USA,BOG,1110,12582,51847701
HND,BGA,296,8080,34183329
IND,CTG,128613,2880763,12178110516
MEX,BOG,4490,21590,94710183
MEX,BOG,615,3567,15647216
MEX,BOG,364,1638,7185349
MEX,BOG,3264,13872,58057140
MEX,BOG,5148,22441,94597084
MEX,BOG,4143,17936,74461656
MEX,BOG,3255,10593,44085034
MEX,BOG,2119,8154,34274751
PAN,BGA,30,458,1856622
PAN,BGA,72,262,1062085
PAN,BGA,135,2110,8553434
PAN,BGA,19,17576,76255762
PAN,BGA,65,2286,9347000
PAN,BGA,48,2540,11142116
PAN,BGA,70,2101,9216373
PAN,BGA,96,1426,5874356
PAN,BGA,50,814,3352784
PAN,BGA,133,1777,7324237
PAN,BGA,65,1126,4722954
PAN,BGA,15,446,1954257
PAN,BGA,16,662,2904846
PAN,BGA,116,2272,9966492
PAN,BGA,203,1973,8217903
PAN,BGA,12,228,1000158
PAN,BGA,660,6916,28497796
PAN,BGA,150,1648,6792842
PAN,BGA,15,1008,4419560
PAN,BGA,4,480,2105597
PAN,BGA,3,105,442467
PAN,BGA,1284,28535,118107344
PER,BOG,223,6924,28531173
PER,BOG,318,8644,35618639
PRI,BGA,175,18,76290
PRI,BGA,28,473,2060252
PRI,BGA,120,1000,4359400
PRI,BGA,652,6590,28463032
PRI,BGA,159,2727,11886950
PRI,BGA,72,1522,6635443
PRI,BGA,37,769,3351071
PRI,BGA,50,542,2364974
PRI,BGA,18,172,751996
PRI,BGA,1612,6956,30321807
PRI,BGA,265,4583,19978258
PRI,BGA,10,10,43594
PRI,BGA,61,549,2392439
PRI,BGA,436,1526,6652444
PRI,BGA,327,2230,9450516
PRI,BOG,1660,22763,92275739
PRI,BOG,48,720,2918707
DOM,BGA,2,1853,7839851
VEN,BGA,210,62898,275912141
CRI,PEI,1936,23725,100566377
CRI,PEI,120,1408,5966605
CRI,PEI,730,6751,28615629
CRI,PEI,80,1034,4381275
CRI,PEI,416,4716,19989060
CRI,PEI,150,1554,6587173
CRI,PEI,30,140,592591
CRI,PEI,40,186,790122
CRI,PEI,75,596,2524235
CRI,PEI,11,118,498616
CRI,PEI,2,16,68797
CRI,PEI,11,112,475175
CRI,PEI,3,28,116865
ECU,BUN,242,331116,1398001552
ECU,BUN,290,327660,1380267750
USA,PEI,240,763,3242614
USA,PEI,226,206736,896129607
MEX,CTG,1,164344,680618302
MEX,CTG,1,98,416110
MEX,CTG,6,7,28064
MEX,CTG,4,510,2166440
MEX,CTG,10,57,241519
MEX,CTG,6,407,1728730
MEX,CTG,5,215,915688
MEX,CTG,4,1770,7527475
MEX,CTG,85,1891,8039299
MEX,CTG,30,339,1442734
MEX,CTG,15,312,1328566
MEX,CTG,15,483,2051846
MEX,CTG,7,332,1410546
MEX,CTG,2,207754,875470809
MEX,CTG,57,9315959,39226844271
MEX,CTG,1,166357,705162666
MEX,CTG,1,164344,690495364
MEX,CTG,5,519386,2140192339
MEX,PEI,40,33,139410
MEX,PEI,3,21,88804
MEX,PEI,4,57,243595
MEX,PEI,1,86,364054
MEX,PEI,3,86,366901
MEX,PEI,1,100,424433
MEX,PEI,2,78,330912
MEX,PEI,10,180,765967
MEX,PEI,33,690,2933425
MEX,PEI,0,79,326883
MEX,PEI,19,3488,14444148
MEX,PEI,19,48,197753
MEX,PEI,20,51,218399
MEX,PEI,79,128,529151
MEX,PEI,50,967,4002941
MEX,PEI,1,12,53112
MEX,PEI,10,98,416402
MEX,PEI,1,1,2568
MEX,PEI,4,6,23523
MEX,PEI,5,5,19423
MEX,PEI,475,622,2577336
MEX,PEI,4,612,2532857
MEX,PEI,10,12,52263
MEX,PEI,2,8,35947
MEX,PEI,38,206,854543
MEX,PEI,10,106,449544
MEX,PEI,2,19,79711
MEX,PEI,10,41,175271
PAN,PEI,7824,5977,25414742
PAN,PEI,52,1853,7724909
PAN,PEI,83,3652,15078449
PAN,PEI,433,642,2644408
PAN,PEI,1,1,2195
PAN,PEI,1,46,187941
PAN,PEI,291,28160,116848394
PAN,PEI,8,2352,9715064
PAN,PEI,22000,6780,29741555
PAN,PEI,114,15560,64424170
PAN,PEI,40,1154,4805800
PAN,PEI,58,54805,238395947
PER,BUN,24,63840,280044374
PER,IPI,1,224909,911728729
PER,IPI,1,157468,638338858
DOM,PEI,2,2020,8862676
VEN,BUN,168,180600,787307639
DEU,SMR,86400,39312,165170547
DEU,SMR,23712,34036,143992577
DEU,SMR,7616,30907,130769300
DEU,SMR,11232,59182,250614600
DEU,SMR,2336,9484,38511450
DEU,SMR,2333,12339,50107800
DEU,SMR,23424,35049,146749969
DEU,SMR,2336,9484,41601504
DEU,SMR,2992,15704,68887494
DEU,SMR,86400,39303,172408459
DEU,SMR,75495290,8395170,34593304993
DEU,SMR,19600,43338,183705189
DEU,SMR,72874,134564,575567664
DEU,SMR,68500,119973,523009599
DEU,SMR,199846,108574,451051739
DEU,SMR,301641,163878,683388194
DEU,SMR,455059,243594,1014762837
DEU,SMR,226432,117903,497797922
DEU,SMR,1370527,659214,2828756251
DEU,SMR,188827,104625,424864339
DEU,SMR,1605760,846963,3547002133
DEU,SMR,23760,43956,185586188
DEU,SMR,229046,126475,534660841
DEU,SMR,11300,15021,63870644
DEU,SMR,865476,470761,1993357355
DEU,SMR,46464,30141,132218319
DEU,SMR,43184,75734,319140804
DEU,SMR,168,302,1274305
DEU,SMR,123408,216531,914234277
DEU,SMR,312,562,2347509
DEU,SMR,2100,4200,17055486
DEU,SMR,38400,67440,273862375
DEU,SMR,192,346,1403423
DEU,SMR,19920,14874,62275912
ARG,CTG,144011,171360,747027525
ARG,CTG,123595,162177,706993978
ARG,CTG,196839,224719,955524010
ARG,CTG,200460,191046,826430184
ARG,CTG,120669,138552,604005594
ARG,CTG,259438,279674,1226835451
ARG,SMR,150708,169396,738464007
AUS,SMR,191940,46083,189150567
AUS,SMR,2094,17632,74897263
BRB,SMR,864,2458,10398416
BRB,SMR,5489,15180,66589499
BRB,SMR,330,1253,5495608
BRB,SMR,0,7,32812
BRB,SMR,0,3,12809
BRB,SMR,23,24,107473
BRB,SMR,10,2,8773
BEL,SMR,24000,21588,87666985
BEL,SMR,5700,18833,79858285
BEL,SMR,583,3086,13076083
BEL,SMR,22080,27327,115522478
BEL,SMR,44280,54051,228496432
BEL,SMR,3458,11484,50374649
BEL,SMR,292,1543,6768836
BEL,SMR,19951,3370,14783044
BEL,SMR,22080,23366,98884211
BEL,SMR,44160,48190,203940708
BEL,SMR,20312,3056,13323329
BEL,SMR,172995,1086873,4738112500
BEL,SMR,103227,493984,2086173431
BEL,SMR,76932,452250,1971537909
BEL,SMR,37482,124392,519783300
BEL,SMR,25672,69739,287367918
BEL,SMR,1960,6097,25529749
BEL,SMR,6127,37735,157998832
BEL,SMR,23232,38343,158796300
BEL,SMR,2824,8303,34762902
BEL,SMR,4284,25650,107395299
BEL,SMR,51517,170758,734809428
BEL,SMR,134019,643655,2694989796
BEL,SMR,76623,379481,1664653597
BEL,SMR,134092,764612,3333248419
BEL,SMR,20758,118366,503020664
BEL,SMR,301642,163878,696317622
BEL,SMR,129600,57024,241246305
BEL,SMR,1162990,631838,2633555843
BEL,SMR,736634,283494,1192900083
BEL,SMR,359640,154824,653661606
BEL,SMR,41962,22320,94837680
BEL,SMR,1916533,945670,4002047959
BEL,SMR,167,22425,97757452
BEL,SMR,24,2333,10170873
BEL,SMR,40296,19876,87191447
BEL,SMR,2464352,1148746,4849538766
BEL,SMR,369705,219754,910220313
BEL,SMR,1002542,584601,2405334855
BEL,SMR,203250,88828,376389067
BEL,SMR,784562,338938,1436952812
BEL,SMR,209808,138272,587519428
BEL,SMR,894916,501813,2127006508
BEL,SMR,40650,17766,75541100
BEL,SMR,2107977,1041920,4389778516
BEL,SMR,24000,28696,120567987
BOL,SMR,11489,26950,114013247
BRA,CTG,130600,134257,588938934
BRA,SMR,33002260,3242974,13689858647
BRA,SMR,20004890,2256144,9296711224
BRA,SMR,36387380,3890748,16492297626
BRA,SMR,87380,145401,615221058
BRA,SMR,174975,195044,825452736
BRA,SMR,100000,111800,487380919
CAN,SMR,26,1742,7063271
CAN,SMR,375,1552,6293462
CAN,SMR,2000,2800,11350528
CAN,SMR,1600,2096,8496681
CAN,SMR,490,853,3458668
CAN,SMR,120,536,2172815
CAN,SMR,1638,6169,25006024
CAN,SMR,40,763,3092614
CAN,SMR,53,826,3350027
CAN,SMR,584,8726,35374731
CAN,SMR,173,1704,6907607
CAN,SMR,396,804,3259223
CAN,SMR,51608830,6160343,25384430883
CAN,SMR,73348,57600,242122463
CAN,SMR,258640,319445,1373950468
CAN,SMR,90000,145800,629326745
CAN,SMR,107750,135550,576046066
CAN,SMR,55011,43200,180933120
KOR,CTG,150850,83030,349887530
KOR,CTG,150500,82188,346214970
KOR,SMR,164392000,13090689,53941753712
KOR,SMR,163295000,13855399,58730956568
KOR,SMR,151173,95183,398799574
CHL,CTG,86031,90160,395503415
CHL,SMR,73142800,7812632,32980165374
CHL,SMR,69712050,7973310,32854979993
DNK,SMR,198634,122336,528465998
DNK,SMR,38959,25170,104142033
DNK,SMR,198634,122336,515421075
DMA,CTG,21260,30402,128067582
DMA,CTG,9235,16680,68733260
ESP,CTG,101625,44414,180044102
ESP,CTG,264225,115477,472741637
ESP,CTG,19220,105931,448296941
ESP,CTG,2,10,42320
ESP,SMR,1824,6936,28163968
ESP,SMR,69423200,6994887,28355591301
USA,CTG,19213,132579,559758528
USA,SMR,199758,823517,3460029742
USA,SMR,73180,138432,581761864
USA,SMR,18295,34608,151813529
USA,SMR,195380,368810,1564120858
USA,SMR,19731,20445,84671536
USA,SMR,31224,6822,27912733
USA,SMR,306963,59357,242733038
USA,SMR,997557,220305,924012366
USA,SMR,126946,31874,133826145
USA,SMR,11112,4117,17087335
USA,SMR,93700,22266,94547048
USA,SMR,188,2952,12402917
USA,SMR,1696,6268,26161651
USA,SMR,21696,41880,172571566
USA,SMR,43200,67200,288075312
USA,SMR,554,1360,5521348
USA,SMR,4159,10664,43305097
USA,SMR,45864,104570,433069004
USA,SMR,6782,16567,69781280
USA,SMR,1109,3649,15504431
USA,SMR,23574,49914,204172283
USA,SMR,105735,260361,1081100029
USA,SMR,1109,2774,11263443
USA,SMR,15308,5920,25154632
USA,SMR,554,1488,6322767
USA,SMR,17741,38049,161668671
USA,SMR,3881,10731,45594234
USA,SMR,4,25,106225
USA,SMR,111200,113504,494811299
USA,SMR,165528,313120,1312038164
USA,SMR,499312,769523,3278768595
USA,SMR,23660,31146,132362870
USA,SMR,24494,25164,106666421
USA,SMR,21773,24420,103087526
USA,SMR,16440,3323,13977227
USA,SMR,163639,31534,132368820
USA,SMR,568031,129625,563045744
USA,SMR,148539,27745,117415288
USA,SMR,42804,13518,56766924
USA,SMR,24610,9118,38656236
USA,SMR,14070,2040,8449138
USA,SMR,819,7196,29969770
USA,SMR,150,1815,7961788
USA,SMR,978,3307,14504930
USA,SMR,489,1775,7785444
USA,SMR,21696,44595,183759049
USA,SMR,117584,212485,904731342
USA,SMR,489,1503,6593150
USA,SMR,1957,5234,22591180
USA,SMR,2566,8976,37973955
USA,SMR,35832,84891,359140206
USA,SMR,10491,25650,111860822
USA,SMR,1386,4146,18066489
USA,SMR,583,1951,8271226
USA,SMR,45381,97809,426994722
USA,SMR,53091,139891,600428787
USA,SMR,4934,12327,52253915
USA,SMR,1109,3316,14057383
USA,SMR,647,1736,7358940
USA,SMR,7458,15281,64775011
USA,SMR,28903,90756,384700053
USA,SMR,1109,2774,11757213
USA,SMR,10,20,84777
USA,SMR,10,20,84777
USA,SMR,29,40,169554
USA,SMR,44800,77000,321585232
USA,SMR,24471,62228,262417459
USA,SMR,22400,49700,209434309
USA,SMR,2996,5890,23878673
USA,SMR,900,1714,7236662
USA,SMR,6446,10383,43836905
USA,SMR,8669,22042,93064363
USA,SMR,365,201790,857407495
USA,SMR,2342,4386,18588155
USA,SMR,1800,3470,14650652
USA,SMR,326,668,2819512
USA,SMR,1142,1833,7737402
USA,SMR,3772,10473,44437922
USA,SMR,4040,5930,25100552
USA,SMR,69025,65726,278916124
USA,SMR,937,6892,29167584
USA,SMR,3084,6171,26115487
USA,SMR,1800,4346,18392142
USA,SMR,345,678,2869276
USA,SMR,163,334,1412970
USA,SMR,2350,3778,15989441
USA,SMR,2840,6090,25773840
USA,SMR,334,4040,17167660
USA,SMR,8095,15069,64076445
USA,SMR,2700,5205,22132128
USA,SMR,1371,2677,11381314
USA,SMR,1289,2171,9233031
USA,SMR,14898,24002,102059982
USA,SMR,28770,78846,335258332
USA,SMR,13668,15896,66986363
USA,SMR,7,80,337118
USA,SMR,35866,62407,260827816
USA,SMR,52480,91429,385735700
USA,SMR,5695,22716,96028123
USA,SMR,7729,30503,128948458
USA,SMR,2034,8267,34948552
USA,SMR,814,3227,13643732
USA,SMR,212227,867309,3687419559
USA,SMR,23547,42723,173188788
USA,SMR,100551950,10599060,44927826117
USA,SMR,7,4115,17289086
USA,SMR,16,20526,86239975
USA,SMR,10,41816,175691473
USA,SMR,6,8922,37486303
USA,SMR,13,14802,62191215
USA,SMR,11,10101,42440285
USA,SMR,2,1927,8098029
USA,SMR,20,84097,353334934
USA,SMR,5,10802,45386188
USA,SMR,2,1927,8098113
USA,SMR,1,547,2297397
USA,SMR,9,17267,72548743
USA,SMR,1,1503,6314185
USA,SMR,1,1503,6314185
USA,SMR,2,2505,10526513
USA,SMR,17,41674,175095149
USA,SMR,2,5587,23473192
USA,SMR,29,25671,107857098
USA,SMR,19,14684,61696359
USA,SMR,3,1033,4341483
USA,SMR,4,4282,17989019
USA,SMR,3,2742,11518747
USA,SMR,1,65304,264726743
USA,SMR,1,80000,337767200
USA,SMR,1,50000,206031000
USA,SMR,2,82200,338714964
USA,SMR,1,25000,103015500
USA,SMR,1,11583,48904468
USA,SMR,37,312030,1301992259
USA,SMR,1,6207,25576688
USA,SMR,36,64890,267387032
USA,SMR,1,206291,870979168
USA,SMR,2,93900,386926218
USA,SMR,102999120,10852575,44719337844
USA,SMR,271,9485,40205492
USA,SMR,3,4515,19138408
USA,SMR,3,4030,17056939
USA,SMR,5,18490,78376336
USA,SMR,2,2004,8494655
USA,SMR,1,8000,33711760
USA,SMR,1,5000,21194250
USA,SMR,1,16712,70839661
USA,SMR,36,64890,273831671
USA,SMR,1274040,334954,1409933510
USA,SMR,200666,33105,138075474
USA,SMR,173864,43912,182138644
USA,SMR,81704,13369,55439020
USA,SMR,8845,31646,132266848
USA,SMR,51744,28125,114010054
USA,SMR,6318,18107,76449046
USA,SMR,13566,34560,146256883
USA,SMR,981,3613,15288415
USA,SMR,2942,6664,28200155
USA,SMR,2942,8575,36289989
USA,SMR,54300,14575,60556921
USA,SMR,164306,35685,149568456
USA,SMR,173658,48954,204664717
USA,SMR,130784,22109,92440128
USA,SMR,19858,35324,147770796
USA,SMR,21600,40788,168071849
USA,SMR,6318,20763,88285379
USA,SMR,19560,13215,56014495
USA,SMR,6374,20232,88197811
USA,SMR,13,7,28575
USA,SMR,19259,87888,362154905
USA,SMR,151882,330030,1421572876
USA,SMR,61080,80675,353892918
USA,SMR,22227,46827,197707808
USA,SMR,140030,53211,224693586
USA,SMR,31540,68158,288131716
USA,SMR,44454,88128,364703414
USA,SMR,1800,1800,7609302
USA,SMR,18160,29056,122831044
USA,SMR,18000,89460,392430604
USA,SMR,90218,178259,751168895
USA,SMR,57773,80040,344281063
USA,SMR,65811,138334,584060287
USA,SMR,26,2550,10507581
USA,SMR,125094,63000,268639033
USA,SMR,23865761,11034483,46672197506
USA,SMR,172051,345736,1471746506
USA,SMR,7200,19584,85374490
USA,SMR,2,29000,122727130
USA,SMR,54000,81720,356250165
USA,SMR,1634,4400,18620668
USA,SMR,68253,132870,567651218
USA,SMR,36000,52200,221797800
USA,SMR,45109,93247,393698071
USA,SMR,33,5082,21541836
USA,SMR,19000,17380,73379924
USA,SMR,22400,39200,164699976
USA,SMR,21734,42595,176980085
USA,SMR,150,657975,2795735775
USA,SMR,619,3147165,13225335057
USA,SMR,43507,86846,368534780
USA,SMR,6,762108,3221727738
USA,SMR,4,508072,2145125710
USA,SMR,21,76598,326080508
USA,SMR,594,2749074,11597521548
USA,SMR,3200,11270,47922755
USA,SMR,21,93034,394357171
USA,SMR,75,369375,1565725219
USA,SMR,8,20,85042
USA,SMR,8,20,85042
USA,SMR,318910,457008,1923844668
USA,SMR,18630,29900,125191599
USA,SMR,49032,56160,237073262
USA,SMR,250301,422746,1784814881
USA,SMR,38429,146736,618340428
USA,SMR,95937,480001,2063714282
USA,SMR,67320,98520,412582513
USA,SMR,454,740,3123829
USA,SMR,18377,51017,215832692
USA,SMR,67320,98520,427437911
FIN,SMR,41923,159246,669075166
FRA,SMR,23136,12006,48754284
FRA,SMR,92160,80100,337624907
FRA,SMR,1216,2896,12031626
FRA,SMR,12616,45803,190308135
FRA,SMR,293300,149460,613837475
FRA,SMR,318498,174357,729062558
FRA,SMR,148181,75699,320707083
FRA,SMR,58442,35761,151340749
GTM,SMR,22010300,1965549,8297347500
GTM,SMR,18877000,1786698,7564381348
GTM,SMR,41998010,4226418,17915151219
GTM,SMR,2578400,246698,1041410159
GTM,SMR,36865160,3237176,13145622837
GUY,SMR,87136,90447,396760983
HND,SMR,145,1094,4627230
HND,SMR,109,1104,4670593
HND,SMR,115,742,3141228
HND,SMR,96,1026,4500713
HND,SMR,628,2876,12165119
HND,SMR,2100,6550,28732623
HND,SMR,596,5435,22991673
IND,SMR,7400220,299475,1264200981
IRL,SMR,19200,34560,140342285
IRL,SMR,19200,33600,147391776
ISR,SMR,96250,462049,2014254667
ISR,SMR,175666000,17547544,74571973170
ITA,SMR,1672,4598,19482140
ITA,SMR,288,1526,6444598
ITA,SMR,836,2299,10084931
ITA,SMR,156730,103773,442450573
ITA,SMR,2944511,1256659,5374154477
JPN,SMR,60137000,10499484,43264385161
JPN,SMR,81248000,14277891,58833764243
MEX,CTG,107230,115701,507541694
MEX,SMR,141733770,18697986,77993253223
MEX,SMR,152954800,20118911,84124785208
MEX,SMR,75960490,10207980,43380956003
MEX,SMR,196081,221572,965918928
MEX,SMR,2500518,2329647,10106950449
MEX,SMR,2300648,2171741,9526690077
NLD,SMR,23136,11840,50317459
NLD,SMR,220,1342,5688005
NLD,SMR,12725,50786,214222108
NLD,SMR,4692,23341,97896661
NLD,SMR,5100,1504,6348195
NLD,SMR,19398,31251,137086634
NLD,SMR,80,488,1981685
NLD,SMR,7011,26613,108310836
NLD,SMR,4649,24682,100308129
NLD,SMR,5700,1690,6863452
NLD,SMR,25803,24156,102393661
NLD,SMR,46464,54428,230665135
NLD,SMR,12160,30410,123489394
NLD,SMR,18,13,56266
NLD,SMR,128592,126945,540901050
NLD,SMR,140192,160033,661960302
NLD,SMR,80,488,2140690
NLD,SMR,18806,55747,238702117
NLD,SMR,4849,23983,104448716
NLD,SMR,37848,82328,352853461
NLD,SMR,12900,3823,16239776
NLD,SMR,70752,59359,248425375
NLD,SMR,48600,49680,201390797
NLD,SMR,12616,24087,101935461
NLD,SMR,12616,20999,88488777
NLD,SMR,583,3298,13589022
NLD,SMR,21640,10352,45128509
NLD,SMR,1180,11678,47339809
NLD,SMR,7110,32963,139723475
NLD,SMR,2,11,46034
NLD,SMR,17329,1526,6469926
NLD,SMR,4,6,25772
NLD,SMR,134,506,2093832
NLD,SMR,21555,101616,429400804
NLD,SMR,1890,9237,37444014
NLD,SMR,67,264,1087473
NLD,SMR,7448,34096,140497442
NLD,SMR,44000,96388,402641943
NLD,SMR,21760,55868,235878795
NLD,SMR,42280,88937,370803142
NLD,SMR,109760,279368,1159376059
NLD,SMR,22240,53126,224301824
NLD,SMR,330439500,55893634,230316000000
NLD,SMR,253497700,53021661,217948000000
NLD,SMR,600,1950,8164670
NLD,SMR,16800,39973,169439551
NLD,SMR,38894,114139,483817846
NLD,SMR,9040,29317,123609109
NLD,SMR,13078,67259,282603713
NLD,SMR,165240,28400,117024289
NLD,SMR,116160,168738,708377234
NLD,SMR,41789,84509,357311860
NLD,SMR,10412,36225,153552172
NLD,SMR,165473,568712,2392168924
NLD,SMR,1170,4663,19765673
NLD,SMR,116074,485966,2036449560
NLD,SMR,18,4,16215
NLD,SMR,6120,19581,81523670
NLD,SMR,12506,64451,266114946
NLD,SMR,45984,67904,285867712
NLD,SMR,49384,95344,404147219
NLD,SMR,41431,118452,493200057
NLD,SMR,26753,54486,230959041
NLD,SMR,33212,131926,564642147
NLD,SMR,1,25,103016
NLD,SMR,25000,28225,119148733
NLD,SMR,43200,20736,87725929
NLD,SMR,86400,41472,174278822
NLD,SMR,148478,72576,309123164
NLD,SMR,21060,22805,96066062
NLD,SMR,655863,634567,2572382849
NLD,SMR,1013717,915133,4014377414
NLD,SMR,105844,54822,231752706
NLD,SMR,18623,14491,58845081
NLD,SMR,272298,142418,605597506
NLD,SMR,272765,142128,601241121
NLD,SMR,55726,43350,185378437
NLD,SMR,60300,147099,620050726
NLD,SMR,40650,17766,75102289
NLD,SMR,20369,8640,36552470
NLD,SMR,20500,77285,326304226
NLD,SMR,19591,12096,51433281
NLD,SMR,105252,54673,223378362
NLD,SMR,19591,12096,52731302
NLD,SMR,40110,67554,287083210
NLD,SMR,216000,108000,455910120
NLD,SMR,20950,30010,127514614
NLD,SMR,46176,66317,277021314
NLD,SMR,22976,33404,146531991
NLD,SMR,45088,96865,409769634
NLD,SMR,67344,140333,595487256
NLD,SMR,23828,47726,197654385
NLD,SMR,137568,286925,1222483374
NLD,SMR,42240,88387,381640904
NLD,SMR,21728,52928,214931488
NLD,SMR,21120,44194,179462697
PAN,SMR,61903170,4874119,20660658221
PAN,SMR,36,32047,139136821
PER,SMR,30645930,2981982,12640175460
POL,SMR,2688,11744,49581384
POL,SMR,1344,5894,23935101
POL,SMR,126599580,23651003,100253000000
POL,SMR,125040680,22788012,92538241511
POL,SMR,66000000,11178963,45316832281
POL,SMR,14970300,863727,3646128436
PRT,SMR,18793,9324,39360240
PRT,SMR,681477,274618,1179769195
PRI,SMR,4147,19915,84067082
PRI,SMR,2916,15960,67520536
PRI,SMR,13432,71544,302676792
PRI,SMR,1380,5559,23468311
PRI,SMR,86,456,1924532
PRI,SMR,98,236,995404
PRI,SMR,82636200,5948165,25161415387
GBR,SMR,129015,122976,519591871
GBR,SMR,96624,105408,444648891
GBR,SMR,48000,52272,220095217
GBR,SMR,11560,1965,7965638
GBR,SMR,652830,133173,544093731
GBR,SMR,798,1740,7392793
GBR,SMR,55380,14311,58404313
GBR,SMR,600,1931,8205371
GBR,SMR,120,54,227619
GBR,SMR,53544,12243,51210941
GBR,SMR,1500,5139,21836843
GBR,SMR,284502,64840,276094372
GBR,SMR,15960,3830,16236491
GBR,SMR,46883,43890,178229829
GBR,SMR,21680,40863,165650295
GBR,SMR,11640,2352,10318038
GBR,SMR,484100,111180,487706841
GBR,SMR,43800,11325,49677214
GBR,SMR,11760,2752,12071386
GBR,SMR,55800,9486,40209731
GBR,SMR,23490,5638,23896941
GBR,SMR,23782,22264,94373756
GBR,SMR,72222,66000,279764100
GBR,SMR,24000,25792,107993204
GBR,SMR,113020,25352,104466865
GBR,SMR,19110,4412,18178651
GBR,SMR,173424,35414,150113956
GBR,SMR,3080,739,3133358
GBR,SMR,230250,227286,962996502
GBR,SMR,192756,177024,751154120
GBR,SMR,96000,139531,583801027
GBR,SMR,305442,67427,292542075
GBR,SMR,168,363,1473299
GBR,SMR,84,268,1087421
GBR,SMR,120,54,223411
GBR,SMR,120,53,215498
GBR,SMR,4320,14293,60341356
GBR,SMR,1620,5507,22324827
GBR,SMR,572562,121105,511782692
GBR,SMR,34290,8230,34884040
GBR,SMR,3100,489,2014983
GBR,SMR,1007650,196426,816878881
GBR,SMR,180840,44771,186086810
GBR,SMR,228720,51236,212883669
GBR,SMR,34605,5883,24936519
GBR,SMR,9330,2239,9491633
GBR,SMR,23500,22000,89338260
GBR,SMR,52000,47520,195811862
GBR,SMR,81684,17623,72619499
GBR,SMR,3240,10976,46635579
GBR,SMR,142545,28813,120180587
GBR,SMR,10920,2621,11109178
GBR,SMR,885630,162878,681672489
GBR,SMR,185970,46518,194537804
GBR,SMR,242088,55736,234620998
GBR,SMR,11745,1997,8463500
GBR,SMR,14560,3494,14812237
GBR,SMR,22400,40797,165382463
GBR,SMR,3600,12200,49455426
GBR,SMR,19380,3295,13965315
GBR,SMR,65815,72275,299321936
GBR,SMR,65320,70878,301211455
GBR,SMR,65079,11676,48110834
GBR,SMR,1300,247,1045297
GBR,SMR,195237,35027,152052080
GBR,SMR,2888,858,3761649
GBR,SMR,65079,11676,48110834
GBR,SMR,2888,865,3565531
GBR,SMR,7830,29228,123556929
GBR,SMR,2160,563,2393759
GBR,SMR,3948,8649,36751428
GBR,SMR,1248,4036,17149601
GBR,SMR,255133,67206,284633875
GBR,SMR,2400,8263,35107745
GBR,SMR,125520,35146,149868167
GBR,SMR,131560,19805,83840111
GBR,SMR,9635,19788,81951404
GBR,SMR,1104,2553,10573775
GBR,SMR,810,134,568292
GBR,SMR,17110,28036,118101987
GBR,SMR,142140,21947,93029193
GBR,SMR,69710,12800,54293662
GBR,SMR,4872,10828,46007067
GBR,SMR,2520,8267,35128523
GBR,SMR,8635,14241,59989033
GBR,SMR,79200,11970,50739034
GBR,SMR,252385,46481,196162272
GBR,SMR,3780,8206,34868144
GBR,SMR,1104,3538,15033132
GBR,SMR,475185,127684,538917395
GBR,SMR,12420,38432,158364780
GBR,SMR,8360,27675,116824552
GBR,SMR,33000,9240,39260760
GBR,SMR,366640,55269,234067727
GBR,SMR,4500,22263,97660738
GBR,SMR,1620,267,1133895
GBR,SMR,12791,53845,221876762
GBR,SMR,70600,12934,53324715
GBR,SMR,2240,4871,20237965
GBR,SMR,2664,8551,35529972
GBR,SMR,8635,14241,59989033
GBR,SMR,4800,16402,68148204
GBR,SMR,79200,11970,50739034
GBR,SMR,96,1,4945
GBR,SMR,117,1,4821
GBR,SMR,17791,29247,123203493
GBR,SMR,140160,21295,90267159
GBR,SMR,10801,22052,93475798
GBR,SMR,810,134,568292
GBR,SMR,456236,183168,774911611
GBR,SMR,21735,30212,131704667
GBR,SMR,872456,343817,1441191305
GBR,SMR,62943,33034,140359766
GBR,SMR,909192,351926,1494488334
GBR,SMR,62943,33034,139470832
GBR,SMR,1457118,743138,3130469794
GBR,SMR,2714461,1223792,5197692789
GBR,SMR,41400,53199,228419671
GBR,SMR,71669,34992,148871598
GBR,SMR,42890,9619,40518984
GBR,SMR,253107,104565,442375004
GBR,SMR,23890,11664,49441946
GBR,SMR,41260,9284,39452183
GBR,SMR,1634122,815262,3434487915
GBR,SMR,47392,108605,447519070
GBR,SMR,18000,14380,60575750
DOM,SMR,12850,74681,315966635
DOM,SMR,28800,4032,17131968
DOM,SMR,227,2376,10071508
DOM,SMR,830,3021,12781307
DOM,SMR,238,550,2325905
DOM,SMR,100,1509,6383990
DOM,SMR,229,1726,7301060
DOM,SMR,2275,7189,30414025
DOM,SMR,310,24835,104838390
DOM,SMR,10,213,901543
DOM,SMR,2963,16762,70636251
DOM,SMR,39120,188843,789918972
DOM,SMR,1572,3982,16492831
DOM,SMR,5737,20175,84605015
DOM,SMR,223,838,3543644
DOM,SMR,91,218,905711
DOM,SMR,57,824,3473238
DOM,SMR,486,4651,19510369
DOM,SMR,220,16435,69257608
DOM,SMR,1000,1970,8301521
DOM,SMR,4905,10980,46073210
DOM,SMR,220,999,4161037
DOM,SMR,6407,15999,67028188
DOM,SMR,10,6230,26254929
DOM,SMR,513,29793,123401718
DOM,SMR,312,24980,105680638
DOM,SMR,100,7091,29881936
DOM,SMR,327,7319,30310464
DOM,SMR,80,2623,10864835
DOM,SMR,48,257,1068727
DOM,SMR,4,205,848993
DOM,SMR,400,131,541699
DOM,SMR,250,95,393436
DOM,SMR,18,936,3876751
DOM,SMR,48393810,5245963,21616621953
DOM,SMR,12800,2260,9564252
DOM,SMR,27400,4384,18467600
DOM,SMR,4200,1092,4600050
DOM,SMR,8450,1622,7112969
DOM,SMR,46440,89287,371124564
DOM,SMR,26500,85610,375541963
DOM,SMR,23969,45408,199189457
DOM,SMR,1,974,4129191
DOM,SMR,26000,36900,152818767
DOM,SMR,25500,36245,158994492
DOM,SMR,490,923,4049808
SWE,SMR,156730,101088,434010714
SWE,SMR,275726,144602,630376651
SWE,SMR,381802,186624,793097879
SWE,SMR,156730,101088,429679093
SWE,SMR,275746,134784,572697216
SWE,SMR,403013,196992,811729175
CHE,SMR,6105,23770,98909434
CHE,SMR,540,4199,17498497
CHE,SMR,2444,9919,41077809
CHE,SMR,180,1418,5871719
CHE,SMR,1106817,466010,1979706832
SUR,SMR,7416,18636,81749796
SUR,SMR,21973,71592,305604807
TTO,SMR,21142,102032,414336028
TUR,SMR,162667130,14318896,60597138644
TUR,SMR,508497,182023,768814486
TUR,SMR,66000000,10137657,42972005679
XCF,SMR,2865,3237,13407673
XCF,SMR,276355,282030,1163296643
XCF,SMR,32565,36798,157990367
XCF,SMR,69008,71768,297223474
BEL,RCH,65749000,6846443,28666126855
BRA,RCH,82500000,18139550,76586812660
CAN,RCH,28828500,1938119,8114923592
CAN,RCH,28828500,1938119,8114923592
KOR,RCH,83764500,5981623,25045115108
KOR,RCH,83764500,5981623,25045115108
CHL,RCH,52105000,4955707,20749592882
CHN,RCH,54968000,3246410,13704363048
CHN,RCH,166859000,11850326,49617434219
CHN,RCH,161787000,10839729,45386053720
TWN,RCH,38697000,5212873,21826350835
TWN,RCH,38697000,5212873,21826350835
MAR,RCH,34507500,2718846,11383835139
MAR,RCH,34507500,2718846,11383835139
MAR,RCH,36095500,3017584,12634653546
MAR,RCH,36095500,3017584,12634653546
MEX,RCH,9241950,1081308,4564623411
NLD,RCH,83863500,9363796,39206307113
NLD,RCH,83863500,9363796,39206307113
POL,RCH,24500000,3381000,14831297460
TUR,RCH,167193000,16037153,67147718140
TUR,RCH,30205000,4038665,16909931788
TUR,RCH,30205000,4038665,16909931788
USA,ADZ,42,51152,217345995
DEU,BUN,41996,147526,625340288
DEU,BUN,86763,395945,1672625262
DEU,BUN,62720,464594,1957784841
DEU,BUN,146945,605084,2585588169
DEU,BUN,14100,311610,1309238763
DEU,BUN,42816,195694,827464455
DEU,BUN,229928,926831,3926400175
DEU,BUN,79402,391359,1654429068
DEU,BUN,63179,233301,991297691
DEU,BUN,72000,1195920,5081464080
DEU,BUN,125226,471136,1939352020
DEU,BUN,98082,445795,1832262385
DEU,BUN,132500,124682,529864467
DEU,BUN,120000,92400,391669740
DEU,BUN,84116,321571,1358456753
DEU,BUN,210000,841369,3570789622
DEU,BUN,57693,250693,1060579403
DEU,BUN,43123,115816,486604609
DEU,BUN,58346,221716,939592461
DEU,BUN,64509,267367,1119468721
DEU,BUN,125825,476830,2048863825
DEU,BUN,21004,82285,344526987
DEU,BUN,40165,160890,675813106
DEU,BUN,62922,243808,1026976175
DEU,BUN,20965,80399,336633259
DEU,BUN,19244,79831,339257834
DEU,BUN,5714,72218,304861694
DEU,BUN,480000,338400,1428755256
DEU,BUN,500000,352500,1546297650
DEU,BUN,159000,160590,682346910
DEU,BUN,96982,418145,1745194815
DEU,BUN,125000,108750,460974938
DEU,BUN,3368,65707,278520210
DEU,BUN,19932,84281,354108814
DEU,BUN,20000,14100,59767785
DEU,BUN,75000,42479,180524494
DEU,BUN,125000,108750,460226738
ABW,BUN,47785,37753,160275932
ABW,BUN,5200,2446,10386457
ABW,BUN,1294,52843,230364690
ABW,BUN,60,127,551900
ABW,BUN,40,20,87188
ABW,BUN,11,101,442130
ABW,BUN,69,200,872316
ABW,BUN,40,400,1743759
ABW,BUN,5,36,159118
ABW,BUN,100,290,1264226
ABW,BUN,22,33,143860
ABW,BUN,8,602,2626103
ABW,BUN,100,20,87188
ABW,BUN,11295,8901,37846365
ABW,BUN,135,28771,122248404
ABW,BUN,45,4738,20131337
SAU,BUN,138558,785118,3315223350
SAU,BUN,19222,82954,352727491
SAU,BUN,58381,351137,1518982243
SAU,BUN,176,703,2988396
SAU,BUN,24032,108741,442279798
SAU,BUN,550,1500,6091245
ARG,BUN,2988,20261,83485986
ARG,BUN,4000,23760,97905931
ARG,BUN,26899,189212,779668856
ARG,BUN,4948,29123,123115632
ARG,BUN,17779,126750,535820964
ARG,BUN,19331,87365,380859286
ARG,BUN,19283,99271,420111005
ARG,BUN,101786,209719,919965948
ARG,BUN,18684,7404,31482985
ARG,BUN,32716,12607,53605376
ARG,BUN,3240,36343,147324584
ARG,BUN,1159,6551,26554682
ARG,BUN,16656,7024,29589274
ARG,BUN,36916,17317,72948284
AUS,BUN,19002,75301,317872904
AUS,BUN,40022,172976,737346795
AUS,BUN,19211,80428,336753761
AUS,BUN,59885,284139,1170828805
AUS,BUN,38262,169017,726224528
AUS,BUN,34370,175823,739709216
AUS,BUN,19003,69335,292688387
AUS,BUN,256051,1251632,5368844520
AUS,BUN,2921,16737,71116873
AUS,BUN,12172,60598,265823437
AUS,BUN,19237,85033,358201681
AUS,BUN,20042,85736,360220317
AUS,BUN,18961,89580,376373057
AUS,BUN,19016,92020,388453448
AUS,BUN,98601,430475,1845664963
AUS,BUN,17085,104556,458652895
AUS,BUN,67164,327825,1414756161
AUS,BUN,2105,16475,72268513
AUS,BUN,17924,97296,412399091
AUS,BUN,4201,22585,99072716
AUS,BUN,27726,139915,613760718
AUS,BUN,12852,70517,297158082
AUS,BUN,2030,13874,58462723
AUS,BUN,11340,12928,54572441
AUS,BUN,10000,19403,79952678
BHS,BUN,52000,36848,156194162
BHS,BUN,60000,31365,132125062
BHS,BUN,26500,17217,72691935
BHR,BUN,125000,86875,366794069
BHR,BUN,5824,15047,63678876
BGD,BUN,10,1800,7454574
BGD,BUN,12,900,3727287
BGD,BUN,12,120,496972
BGD,BUN,10,90,372729
BGD,BUN,6,15760,65268937
BGD,BUN,20,16925,70093703
BGD,BUN,4,2860,11844490
BGD,BUN,10,250,1035358
BGD,BUN,240,4320,17890978
BEL,BUN,62855,233596,981462156
BEL,BUN,167731,663712,2795884947
BEL,BUN,20985,73897,313239019
BEL,BUN,19870,78412,329450328
BEL,BUN,41941,163989,686624881
BEL,BUN,41782,304662,1279729834
BEL,BUN,83845,313312,1319825705
BEL,BUN,59353,305348,1262036628
BEL,BUN,210016,868596,3690665126
BEL,BUN,42026,177472,734986208
BEL,BUN,19902,74194,313647988
BEL,BUN,16382,108414,457734425
BEL,BUN,104862,394048,1665793645
BEL,BUN,2948,28272,119365071
BEL,BUN,105145,402178,1704770647
BEL,BUN,39895,142923,607279147
BEL,BUN,380000,380100,1631960081
BEL,BUN,468000,512460,2226083096
BEL,BUN,568000,621960,2631270196
BEL,BUN,240000,251200,1043720927
BEL,BUN,19890,76911,318522144
BEL,BUN,19900,81470,346225149
BEL,BUN,26954,118099,504213199
BEL,BUN,12114,59689,261835963
BEL,BUN,61797,240550,1019807394
BEL,BUN,39832,149722,632141110
BEL,BUN,39832,154814,627579571
BEL,BUN,19275,92636,391609092
BEL,BUN,124803,482653,2026373846
BEL,BUN,41945,160856,680002779
BEL,BUN,80000,57200,240955000
BEL,BUN,48000,27871,117076592
BEL,BUN,18000,21236,89645438
BEL,BUN,464925,488171,2061767772
BEL,BUN,2,8,33604
BEL,BUN,24000,13750,57923855
BEL,BUN,37436,59219,250694205
BEL,BUN,1,4,16850
BEL,BUN,80000,88000,372293680
BEL,BUN,79500,51278,216965871
BEL,BUN,500000,356074,1509289199
BEL,BUN,39889,143517,607164117
BEL,BUN,10000,8300,35182455
BLZ,BUN,14000,10517,44302020
BLZ,BUN,24000,8496,35942247
BOL,BUN,22000,41800,172241916
BOL,BUN,2546,102308,434708009
BOL,BUN,278,3047,12945386
BOL,BUN,108,28786,122402023
BOL,BUN,17205,84023,355199765
BOL,BUN,2200,19140,78868667
BOL,BUN,716,2707,11441600
BOL,BUN,3040,1553,6399323
BOL,BUN,373,1562,6604705
BOL,BUN,12940,32029,135219422
BOL,BUN,212,515,2176260
BOL,BUN,340,920,3889368
BOL,BUN,450,1391,5861801
BOL,BUN,414,1486,6121593
BOL,BUN,1285,7260,29913641
BOL,BUN,478,1422,5859522
BOL,BUN,13,80,336669
BOL,BUN,1,20,82412
BOL,BUN,100,66,279008
BOL,BUN,26979,130536,551887865
BOL,BUN,3000,10560,44673296
BOL,BUN,10000,32298,136642188
BOL,BUN,88,429,1812705
BOL,BUN,188,445,1880005
BOL,BUN,3300,12474,52772629
BOL,BUN,4050,28875,122158864
BOL,BUN,13770,3121,13148055
BOL,BUN,5702,9124,38434176
BOL,BUN,170,826,3495330
BOL,BUN,378,1742,7367607
BOL,BUN,6122,30433,128749223
BOL,BUN,440,1896,8022929
BOL,BUN,440,2385,10089159
BOL,BUN,2434,59394,251760138
BOL,BUN,2863,46328,203225184
BOL,BUN,1,1038,4209830
BOL,BUN,80,2667,11698257
BOL,BUN,3000,19784,86787261
BOL,BUN,19441,95357,418298869
BOL,BUN,148200,101586,430607816
BOL,BUN,7747,42500,180712677
BOL,BUN,2,522,2219463
BOL,BUN,800,17864,72541205
BOL,BUN,116,59,238858
BOL,BUN,0,1,2071
BOL,BUN,4,7,28832
BOL,BUN,16,8,32933
BOL,BUN,38,19,78252
BOL,BUN,70,1195,5058643
BOL,BUN,10,311,1317878
BOL,BUN,119,19251,81469189
BOL,BUN,7760,37675,159387386
BOL,BUN,760,2493,10546065
BOL,BUN,249,9428,40066266
BOL,BUN,198000,163350,692416148
BOL,BUN,4700,6519,27632597
BOL,BUN,5385,149529,633831426
BOL,BUN,148650,24900,105546093
BOL,BUN,84800,3474,14726358
BOL,BUN,4600,1915,8348469
BOL,BUN,11700,25187,109801690
BOL,BUN,801,5785,24523358
BOL,BUN,34766,208780,883551712
BOL,BUN,198,4853,21286531
BOL,BUN,16735,52798,222382862
BOL,BUN,20441,67897,286107806
BOL,BUN,396,1908,7988815
BOL,BUN,48840,110085,464790298
BOL,BUN,72000,63504,268119603
BOL,BUN,21660,37153,156862381
BOL,BUN,63,15678,68772081
BOL,BUN,63,16182,70982958
BOL,BUN,10360,42253,176913817
BOL,BUN,4080,2399,10128963
BOL,BUN,2,6,26177
BOL,BUN,1,5,20055
BOL,BUN,2,3,14693
BOL,BUN,1028,1609,6780278
BOL,BUN,35950,58984,249893997
BOL,BUN,1700,5027,21373896
BOL,BUN,19810,34725,146956512
BOL,BUN,26438,204341,855578522
BOL,BUN,239,10778,45126756
BOL,BUN,193,6170,25831758
BOL,BUN,28,791,3312804
BOL,BUN,4471,17767,74390146
BOL,BUN,292,829,3470696
BOL,BUN,50,242,1014471
BOL,BUN,66,411,1722494
BOL,BUN,7,35,148471
BOL,BUN,1305,15919,66652300
BOL,BUN,43,1460,6111653
BOL,BUN,36,1361,5699986
BOL,BUN,8,232,973312
BOL,BUN,729,8899,37259700
BOL,BUN,1066,1854,7763010
BOL,BUN,814,6265,26231827
BOL,BUN,2834,11955,50057296
BOL,BUN,117,1326,5552854
BOL,BUN,4,86,361800
BOL,BUN,4,244,1021589
BOL,BUN,15,749,3137745
BOL,BUN,11759,40801,170835912
BOL,BUN,153,2474,10358035
BOL,BUN,223,1998,8366902
BOL,BUN,1312,11534,47529250
BOL,BUN,2628,2509,10572682
BOL,BUN,2880,1555,6553566
BOL,BUN,438,447,1873645
BOL,BUN,22,16,64982
BOL,BUN,15276,21630,91146148
BOL,BUN,4829,40080,168898025
BOL,BUN,10359,39922,168228003
BOL,BUN,984,7415,31046344
BOL,BUN,46,2190,9169803
BOL,BUN,549,13424,56204706
BOL,BUN,4,108,450187
BOL,BUN,1583,10292,43093084
BOL,BUN,67,327,1370995
BOL,BUN,6099,36541,154642447
BOL,BUN,16763,49424,209093880
BOL,BUN,43685,32941,133769222
BOL,BUN,95,4929,20891469
BOL,BUN,22,1135,4809526
BOL,BUN,594,14755,62546309
BOL,BUN,644,12276,52034427
BOL,BUN,131,2492,10562366
BOL,BUN,3905,74424,315470943
BOL,BUN,84,1602,6790722
BOL,BUN,158,3020,12802429
BOL,BUN,1200,2589,10930062
BOL,BUN,6525,12607,53228226
BOL,BUN,4750,4810,20307957
BOL,BUN,76,375,1581806
BOL,BUN,907,3427,14468891
BOL,BUN,100,402,1699011
BOL,BUN,20910,323110,1373892800
BOL,BUN,60,158,666964
BOL,BUN,2280,8400,35467667
BOL,BUN,515,3604,15218059
BOL,BUN,200,1317,5561632
BOL,BUN,195,799,3506213
BOL,BUN,13890,41350,181386329
BOL,BUN,78,37,164237
BOL,BUN,246,814,3571882
BOL,BUN,2,2,8444
BOL,BUN,6,1,4222
BOL,BUN,2,1,4222
BOL,BUN,1500,88140,373612239
BOL,BUN,2150,8702,36671695
BOL,BUN,218729,446001,1872705362
BOL,BUN,1087,27882,121547221
BOL,BUN,143,3944,17193386
BOL,BUN,60429,121198,512349818
BOL,BUN,393,12070,52616781
BOL,BUN,31,1109,4836188
BOL,BUN,80,824,3501176
BOL,BUN,672,2770,11717097
BOL,BUN,690,1687,7164477
BOL,BUN,3512,26630,112938119
BOL,BUN,678,4570,19334734
BOL,BUN,515,7835,33231043
BOL,BUN,42,1099,4791024
BOL,BUN,994,3847,16771571
BOL,BUN,81,3261,14216352
BOL,BUN,3453,26785,110369323
BOL,BUN,411,6707,28254501
BOL,BUN,41077,88743,371243484
BOL,BUN,12,4,16176
BOL,BUN,47,450,1960161
BOL,BUN,3,49,211867
BOL,BUN,150,3,13078
BOL,BUN,250,225,980864
BOL,BUN,24,384,1674010
BOL,BUN,22,168,731723
BOL,BUN,15,8,33349
BOL,BUN,15,4,19617
BOL,BUN,31,296,1291080
BOL,BUN,500,884,3741019
BOL,BUN,150,2513,10635829
BOL,BUN,2000,2117,8961070
BOL,BUN,5663,342495,1493071177
BOL,BUN,20280,43956,191620173
BOL,BUN,18600,35814,151563604
BOL,BUN,16000,18740,79307118
BOL,BUN,758,1045,4424398
BOL,BUN,3108000,54235,219854052
BOL,BUN,24820,24398,107025994
BOL,BUN,95292,107966,473609388
BOL,BUN,45423,53735,235718930
BOL,BUN,4822,229600,1000920420
BOL,BUN,20,42,183967
BOL,BUN,150,75,326955
BOL,BUN,2,6,26156
BOL,BUN,10,73,318236
BOL,BUN,200,300,1307820
BOL,BUN,6,672,2929517
BOL,BUN,16,560,2441264
BOL,BUN,27,2970,12947417
BOL,BUN,300,60,261563
BOL,BUN,8000,9120,38779061
BOL,BUN,2000,4900,20835241
BOL,BUN,9000,15390,65439665
BOL,BUN,4000,7520,31975717
BOL,BUN,1000,1940,8249055
BOL,BUN,52059,112575,482278006
BOL,BUN,3168,6710,29251573
BOL,BUN,2000,18000,78469200
BOL,BUN,371,14850,64737089
BOL,BUN,1526,37550,163695470
BOL,BUN,4322,16218,70700749
BOL,BUN,1723,5696,24832450
BOL,BUN,1999,7658,33385593
BOL,BUN,10228,37005,161318638
BOL,BUN,18185,36242,154103353
BOL,BUN,260,1200,5231280
BOL,BUN,4019,15341,66876248
BOL,BUN,1,105,445423
BOL,BUN,264,997,4238038
BOL,BUN,23,1369,5818198
BOL,BUN,179,8174,34729626
BOL,BUN,13,177,751691
BOL,BUN,1,24,101976
BOL,BUN,681,23443,99609987
BOL,BUN,1587,36528,160237364
BOL,BUN,303,1295,5681646
BOL,BUN,734,24559,107732290
BOL,BUN,1549,23657,103777321
BRA,BUN,396,1802,7625798
BRA,BUN,762,13295,56262094
BRA,BUN,364,3459,14638511
BRA,BUN,314,9264,39205816
BRA,BUN,480,2382,10080637
BRA,BUN,39,703,2973509
BRA,BUN,23,309,1306409
BRA,BUN,16,3988,16878662
BRA,BUN,440,138208,587674556
BRA,BUN,68664,96998,412444736
BRA,BUN,199913,455800,1924426849
BRA,BUN,100000,207000,866711070
BRA,BUN,8,6576,27533778
BRA,BUN,813,263794,1111232688
BRA,BUN,67,17186,72396741
BRA,BUN,70000,126484,536148399
BRA,BUN,44860,323033,1369286821
BRA,BUN,5000,22720,96304976
BRA,BUN,75000,126409,544997644
BRA,BUN,30,940,3959750
BRA,BUN,108,971,4089495
BRA,BUN,457,19690,82943704
BRA,BUN,25150,17796,74511821
BRA,BUN,25000,43798,180474915
BRA,BUN,2693,3659,15078461
BRA,BUN,46797,30626,126199344
BGR,BUN,26500,26765,113724485
CAN,BUN,96845,432785,1831174907
CAN,BUN,78983,342211,1442003283
CAN,BUN,19253,76190,313948472
CAN,BUN,104531,378163,1593568759
CAN,BUN,38460,161440,678293743
CAN,BUN,153622,643692,2760107294
CAN,BUN,1,18918,80192090
CAN,BUN,1,29314,124259726
CAN,BUN,27720,135106,574708971
CAN,BUN,7004,37580,164852130
CAN,BUN,38567,141141,599708874
CAN,BUN,117592,460963,1926191413
CAN,BUN,19132,77060,338035800
CAN,BUN,19925,88600,374547008
CAN,BUN,6135,17506,74204672
CAN,BUN,6345,15716,66787677
CAN,BUN,104740,407439,1732465597
CAN,BUN,19263,100647,426628765
CAN,BUN,103895,614527,2614492926
CAN,BUN,8127,84030,357045510
CAN,BUN,76892,309478,1302363498
CAN,BUN,38447,164562,721877894
CAN,BUN,19316,81548,341444218
CAN,BUN,19268,99782,411164817
CAN,BUN,38505,161881,686187539
CAN,BUN,19328,97920,416363972
CAN,BUN,21500,23865,99922994
CAN,BUN,21500,12900,54681165
CAN,BUN,83000,61950,261055442
CAN,BUN,134130,254979,1104784161
CAN,BUN,2454,8923,37588980
CAN,BUN,1020,5998,25268681
CAN,BUN,500,25316,110784731
CAN,BUN,38485,140300,604291659
CAN,BUN,1440,4341,18444909
CAN,BUN,53852,46666,201222802
CAN,BUN,6720,9354,41033870
CAN,BUN,288,1945,8231182
CAN,BUN,5161,18118,76674832
CAN,BUN,20048,38304,167314062
CAN,BUN,1800,5382,22778579
CAN,BUN,9180,25530,108476970
CAN,BUN,720,2473,10465662
CAN,BUN,3789,3857,16350092
CAN,BUN,23669,24638,106841021
CAN,BUN,30317,32682,142026898
CAN,BUN,939,98356,416238626
CAN,BUN,235,273,1199225
COG,BUN,42635,81741,342249547
COG,BUN,42635,81741,344333120
KOR,BUN,22037,179822,764618988
KOR,BUN,19852,155640,661793927
KOR,BUN,19928,116423,493499973
KOR,BUN,20000,60000,243649800
KOR,BUN,2000,3020,12263707
KOR,BUN,19250,88187,369241149
KOR,BUN,18400,113528,475342871
KOR,BUN,316421,1282089,5336028399
KOR,BUN,495548,1945882,8221327191
KOR,BUN,19282,73966,304784914
KOR,BUN,50446,185170,786787585
KOR,BUN,18260,104666,438235872
KOR,BUN,3150,60937,258302930
KOR,BUN,10700,153521,632601703
KOR,BUN,254586,1076294,4555859072
KOR,BUN,76965,314328,1295226573
KOR,BUN,779246,3235839,13709424765
KOR,BUN,19262,95554,401473334
KOR,BUN,76908,326368,1344839167
KOR,BUN,500,6262,26387880
KOR,BUN,6096,137784,585543870
KOR,BUN,19226,77990,328531106
KOR,BUN,6840,170025,722437500
KOR,BUN,1296,8770,38230194
KOR,BUN,3930,4107,18015355
KOR,BUN,1423,1558,6835250
KOR,BUN,2127,1967,8630622
KOR,BUN,7315,6986,30644461
KOR,BUN,1041,1131,4959251
KOR,BUN,41068,326175,1386926051
KOR,BUN,23000,17168,75309696
KOR,BUN,20970,149320,629230717
KOR,BUN,70000,45150,191384078
KOR,BUN,23400,80100,340372377
KOR,BUN,71346,401615,1700280071
KOR,BUN,17500,107099,453978631
KOR,BUN,20949,155598,661617210
KOR,BUN,16742,23961,101883223
KOR,BUN,19269,106468,432348448
CIV,BUN,137520,226184,957205511
CRI,BUN,20000,7440,31617842
CRI,BUN,25000,12223,50366338
CRI,BUN,26600,9523,39872059
CRI,BUN,288370,566008,2387594463
CRI,BUN,2130,4130,18004496
CRI,BUN,9044,21472,93606911
CRI,BUN,175,692,2865870
CRI,BUN,705,28917,119758352
CRI,BUN,4560,3765,15999525
CRI,BUN,1680,3223,13693847
CRI,BUN,1658,15784,67065621
CRI,BUN,52095,100082,423409560
CRI,BUN,146630,397584,1689333014
CRI,BUN,20,39,165711
CRI,BUN,3,47,200638
CRI,BUN,50,46,197281
CRI,BUN,0,8,33992
CRI,BUN,2475,273,1161209
CRI,BUN,1550,39,165711
CRI,BUN,2321,48,205737
CRI,BUN,44,128,545657
CRI,BUN,25000,17265,72288728
CRI,BUN,1,76654,324922943
CRI,BUN,510,29936,130504132
CRI,BUN,9173,22920,96771274
CRI,BUN,692,147444,646785732
CRI,BUN,188,46021,201878480
CRI,BUN,46,14021,61504483
CRI,BUN,60,8949,39256045
CRI,BUN,1,34,148401
CRI,BUN,900,193064,811769992
CRI,BUN,166,41103,172185129
CRI,BUN,100,30020,125797885
CRI,BUN,199,29774,125688974
CRI,BUN,39,7135,29873772
CRI,BUN,110,354,1555071
CRI,BUN,1,7,31101
CRI,BUN,3,4,16976
CRI,BUN,12,2600,11047716
CRI,BUN,419,102502,442036504
CRI,BUN,228,66954,292532205
CRI,BUN,93,14122,60775337
CRI,BUN,18,590,2431001
CRI,BUN,40,45,184480
CRI,BUN,153,490,2018898
CRI,BUN,10,71,292152
CRI,BUN,70,91,375059
CRI,BUN,3152,15579,66036027
CRI,BUN,4620,25396,107649835
CRI,BUN,5040,3931,16565959
CRI,BUN,4284,2399,10109483
CRI,BUN,2436,2322,9786861
CRI,BUN,1,41000,169798630
CRI,BUN,648,2317,9795708
CRI,BUN,50994,183189,768871703
CRI,BUN,318,717,3029136
CRI,BUN,1803,4394,18654491
CRI,BUN,9256,13380,56490044
CRI,BUN,750,1497,6289942
CRI,BUN,580,15776,66283337
CRI,BUN,18,666,2798219
CRI,BUN,156643,160630,677966140
CRI,BUN,253,874,3694316
CRI,BUN,474,1792,7577174
CRI,BUN,116,718,3037380
CRI,BUN,1404,4005,16812376
CRI,BUN,1330,4451,18635544
CRI,BUN,4415,7672,32218053
CRI,BUN,960,1500,6341085
CRI,BUN,1080,4600,19260246
CRI,BUN,40000,23962,101404772
CRI,BUN,30225,54833,231377517
CRI,BUN,14554,27473,115967684
CRI,BUN,34262,82614,348132875
CRI,BUN,1350,1183,4954196
CRI,BUN,3845,3511,14701471
CRI,BUN,32400,19712,82536016
CRI,BUN,9424,30747,127752854
CRI,BUN,3373,23762,98728355
CRI,BUN,2200,22799,95461148
CRI,BUN,405025,388127,1669658928
CRI,BUN,4760,35974,152023738
CRI,BUN,2,4220,17782953
CRI,BUN,4,50790,214027536
CRI,BUN,1,22156,93364719
CRI,BUN,5880,3035,12813199
CRI,BUN,958,16260,68735248
CRI,BUN,4562,12001,50571854
CRI,BUN,206,8003,33253647
CRI,BUN,1,149,618671
CRI,BUN,20,5508,23252134
CRI,BUN,0,7,27423
CRI,BUN,205,7409,31322339
CRI,BUN,154,5534,23394926
CRI,BUN,21,2017,8528548
CRI,BUN,5,15,63210
CRI,BUN,51,1341,5573021
CRI,BUN,18,204,847608
CRI,BUN,1,40,169096
CRI,BUN,1,90,380465
CRI,BUN,24600,27060,113990250
CRI,BUN,12998,52089,220439085
CRI,BUN,60,348,1465950
CRI,BUN,84,299,1258695
CRI,BUN,1260,5795,24413122
CRI,BUN,312,963,4055121
CRI,BUN,2640,8627,36340395
CRI,BUN,192,1028,4332135
CRI,BUN,256,4253,17915636
CRI,BUN,7279,12866,54450473
CRI,BUN,3600,6195,26217054
CRI,BUN,52015,95067,402137022
CRI,BUN,21976,53801,227364608
CRI,BUN,26110,62702,265354930
CRI,BUN,1100,11400,48021152
CRI,BUN,9,36,151650
CRI,BUN,321,1327,5591336
CRI,BUN,20,4,15165
CRI,BUN,20,4,15165
CRI,BUN,2,7,28814
CRI,BUN,120000,225000,951162750
CRI,BUN,20000,40000,167480400
CRI,BUN,46800,29763,125378322
CRI,BUN,93200,59694,242199953
CRI,BUN,3300,31808,134273129
CRI,BUN,16,9748,42496172
CRI,BUN,119,61665,268822052
CRI,BUN,13896,20463,88525264
CRI,BUN,12581,9969,43730219
CRI,BUN,44160,27762,117679759
CRI,BUN,370,18479,80555827
CRI,BUN,1885,98501,429405041
CRI,BUN,640,51222,223295007
CRI,BUN,820,32192,140338241
CRI,BUN,24000,10710,44353721
CRI,BUN,20160,39125,171626318
CRI,BUN,23760,65198,284225905
CRI,BUN,36846,31345,137498805
CRI,BUN,221,129,567151
CRI,BUN,20239,19874,87180086
CRI,BUN,43804,39104,166151366
CRI,BUN,1885,89531,391259401
CRI,BUN,0,20,87188
CRI,BUN,10,135,588519
CRI,BUN,15,44,189634
CRI,BUN,15,1130,4923942
CRI,BUN,54,456,1937544
CRI,BUN,288,1442,6126718
CRI,BUN,36,88,375527
CRI,BUN,72,188,798472
CRI,BUN,2607,11486,48802654
CRI,BUN,458,8862,37653618
CRI,BUN,26675,58261,245981539
CRI,BUN,180,1620,6883380
CRI,BUN,72,1213,5154887
CRI,BUN,60,146,619504
CRI,BUN,2676,9556,40605314
CRI,BUN,378,2539,10786511
CRI,BUN,253,3059,12997394
CRI,BUN,3318,3329,13715607
CRI,BUN,30432,19157,78938841
CRI,BUN,4400,40898,168527177
HRV,BUN,24000,14400,60874416
CUB,BUN,32000,50741,215082640
CUB,BUN,25000,17500,76766550
CUB,BUN,132500,97520,427787083
CUB,BUN,25000,18875,80008294
CUB,BUN,32000,50741,209083555
CUB,BUN,25000,17500,74059475
CUW,BUN,15,12339,50845566
CUW,BUN,6668,14827,62745726
CUW,BUN,1691,5481,23196697
CUW,BUN,83280,74113,312200044
CUW,BUN,120,714,3021627
CUW,BUN,234,625,2646251
CUW,BUN,792,2653,11225724
CUW,BUN,374,1008,4267519
CUW,BUN,3648,10058,42567270
CUW,BUN,3566,9514,40264655
CUW,BUN,960,989,4184572
CUW,BUN,163550,118023,500282726
CUW,BUN,35425,26854,113829484
CUW,BUN,3943,11451,48340825
CUW,BUN,8220,34609,146097664
CUW,BUN,52450,42596,180991849
CUW,BUN,10425,8354,35410759
CUW,BUN,27592,22496,92696396
CHL,BUN,101720,19702,82492471
CHL,BUN,24000,30720,129964339
CHL,BUN,20000,80159,339121466
CHL,BUN,98620,19070,80331532
CHL,BUN,12697,42936,176924300
CHL,BUN,20308,92505,381178365
CHL,BUN,8688,44079,181634292
CHL,BUN,23021,50000,202688000
CHL,BUN,26860,22599,95534618
CHL,BUN,4000,5830,24664456
CHL,BUN,737,10523,42657716
CHL,BUN,2100,86853,369038397
CHL,BUN,15750,8250,33501848
CHL,BUN,44000,11550,46902586
CHL,BUN,25604,108560,461271865
CHL,BUN,115120,20708,84090043
CHL,BUN,77,720,3047018
CHL,BUN,1925,14747,59780799
CHL,BUN,52000,9885,40731010
CHL,BUN,422034,92961,386246048
CHL,BUN,1200,10055,41776260
CHL,BUN,7680,26719,111017504
CHL,BUN,13080,62216,262084900
CHL,BUN,1082,4301,18274737
CHL,BUN,81743,72123,298691569
CHL,BUN,80000,147050,617834482
CHL,BUN,24300,42525,178670063
CHL,BUN,2372,28752,116554437
CHL,BUN,3369,123749,525810351
CHL,BUN,24000,11760,51587122
CHL,BUN,900,153,644737
CHL,BUN,564108,96915,408398925
CHL,BUN,24120,6150,25915915
CHL,BUN,600,102,429825
CHL,BUN,32671,140022,591925531
CHL,BUN,562240,102270,431884233
CHL,BUN,6120,1029,4442351
CHL,BUN,5040,1381,5867699
CHL,BUN,105,1164,4945836
CHL,BUN,53978,53520,225967397
CHL,BUN,570,1108,4707892
CHL,BUN,11530,25477,108253473
CHL,BUN,6217,18959,80557853
CHL,BUN,608,4401,18602883
CHL,BUN,10,8806,37266728
CHL,BUN,463,7331,30992983
CHL,BUN,11610,75689,306823500
CHL,BUN,3600,612,2609596
CHL,BUN,1002912,173745,739133128
CHL,BUN,56770,14432,61228753
CHL,BUN,2640,554,2417873
CHL,BUN,1059280,208132,873366035
CHL,BUN,100760,19545,82334998
CHL,BUN,194,1800,7582500
CHL,BUN,356626,340348,1444870996
CHL,BUN,8064,16289,68364138
CHL,BUN,44428,95382,402114461
CHL,BUN,1363,3265,13522100
CHL,BUN,33170,95028,401766204
CHL,BUN,58005,69918,296370812
CHL,BUN,26160,21698,91401814
CHL,BUN,9500,31992,131826793
CHL,BUN,66680,11705,49534362
CHL,BUN,13080,3924,16606250
CHL,BUN,22005,75642,311691938
CHL,BUN,925,15324,64552603
CHL,BUN,10,220,928856
CHL,BUN,356020,23087,95131847
CHL,BUN,24900,35376,155182484
CHL,BUN,254400,29056,127458574
CHL,BUN,7092,26874,113204914
CHL,BUN,1013,4526,19063795
CHL,BUN,7272,30560,129871223
CHL,BUN,9143,44156,187648580
CHL,BUN,24541,55953,238545529
CHL,BUN,2110,6838,29057817
CHL,BUN,1861,14703,63838541
CHL,BUN,5563,35807,155407584
CHL,BUN,158898,114730,472759804
CHL,BUN,19500,5460,23144121
CHL,BUN,530,7402,32471154
CHL,BUN,15118,73063,296698371
CHL,BUN,593270,124543,523798675
CHL,BUN,1714042,374207,1612203737
CHL,BUN,388,16071,68121711
CHL,BUN,65,10213,43291121
CHL,BUN,977,11675,49487726
CHL,BUN,1,1,4663
CHL,BUN,3,3,14412
CHL,BUN,76,4540,19130455
CHL,BUN,9000,33281,145083491
CHL,BUN,5000,15450,65490232
CHL,BUN,251,16091,67805306
CHL,BUN,222,3008,12675074
CHL,BUN,40,3068,12928291
CHL,BUN,44,1678,7069525
CHL,BUN,15,1234,5201303
CHL,BUN,78,11149,46980962
CHL,BUN,702,5239,22076230
CHL,BUN,2,35,147489
CHL,BUN,18,219,921974
CHL,BUN,51,461,1942767
CHL,BUN,14,33,138724
CHL,BUN,20,1702,7173104
CHL,BUN,508,17752,74804752
CHL,BUN,48,1355,5709845
CHL,BUN,5,320,1349482
CHL,BUN,32,10,43867
CHL,BUN,4,6,25958
CHL,BUN,29,370,1623064
CHL,BUN,11,12,52640
CHL,BUN,1008,22192,93482115
CHL,BUN,2,0,848
CHL,BUN,9,200,841446
CHL,BUN,5344,10800,45541828
CHL,BUN,100,185,779584
CHL,BUN,2,39,157398
CHL,BUN,110,30,126419
CHL,BUN,0,0,42
CHL,BUN,34,192,809082
CHL,BUN,102040,6708,29426198
CHL,BUN,5600,626,2748199
CHL,BUN,1000,95,416733
CHL,BUN,3000,13375,56871704
CHL,BUN,4004,18224,77489748
CHL,BUN,4406,22086,93910639
CHL,BUN,643,2071,8804378
CHL,BUN,223,1687,7172000
CHL,BUN,1050,178,752194
CHL,BUN,112500,19492,82137018
CHL,BUN,7400,1880,7922264
CHL,BUN,2300,10926,44291382
CHL,BUN,900,4248,17220372
CHL,BUN,234,941,3990411
CHL,BUN,2216,12349,52344923
CHL,BUN,12218,40550,171887232
CHL,BUN,23318,108582,459019771
CHL,BUN,324390,57156,246961488
CHL,BUN,6020,673,2950862
CHL,BUN,11080,2857,12328217
CHL,BUN,210,2328,10040094
CHL,BUN,24005,90042,367432610
CHL,BUN,300,2310,9753028
CHL,BUN,1000,2540,10296550
CHL,BUN,134,2396,9711147
CHL,BUN,25,308,1298293
CHL,BUN,1198,4569,19316340
CHL,BUN,18900,53594,226241513
CHL,BUN,2500,9255,39069387
CHL,BUN,60,138,583577
CHL,BUN,6691,12897,53700352
CHL,BUN,1542,8298,35078882
CHL,BUN,39904,83152,349991682
CHL,BUN,1368,3276,13567325
CHL,BUN,20530,59488,250199458
CHL,BUN,108,994,4198489
CHL,BUN,72,470,1982525
CHL,BUN,72,790,3336127
CHL,BUN,5000,13000,54887170
CHL,BUN,96,1511,6378269
CHL,BUN,66,472,1991180
CHL,BUN,1900,5509,23259452
CHL,BUN,14,91,382648
CHL,BUN,215,17559,74608616
CHL,BUN,42,609,2572055
CHL,BUN,503,8252,34884845
CHL,BUN,154662,260985,1106277624
CHL,BUN,1455,58687,248763694
CHL,BUN,566,13284,56078971
CHL,BUN,25561,116115,489303820
CHL,BUN,100380,5208,22844453
CHL,BUN,6680,632,2772369
CHL,BUN,52000,9885,41899676
CHL,BUN,121810,22561,95240468
CHL,BUN,48,10,40693
CHL,BUN,3860,14050,59557538
CHL,BUN,24,5,20346
CHL,BUN,1,1700,7176363
CHL,BUN,283,84266,358046744
CHL,BUN,1643,25792,108685450
CHL,BUN,2,1,4239
CHL,BUN,10,5,21194
CHL,BUN,140,0,591
CHL,BUN,623,294,1246222
CHL,BUN,154458,254562,1116676548
CHL,BUN,39146,162636,691038537
CHL,BUN,188140,36549,153960978
CHL,BUN,11040,36376,153233900
CHL,BUN,716,2846,12093079
CHL,BUN,200,154,654346
CHL,BUN,2100,244,1036756
CHL,BUN,200,180,764820
CHL,BUN,200,213,905037
CHL,BUN,300,1269,5391981
CHL,BUN,200,1502,6381998
CHL,BUN,227,1285,5294255
CHL,BUN,1000,4340,17883491
CHL,BUN,153,435,1790492
CHL,BUN,464,144,592998
CHL,BUN,240,213,878846
CHL,BUN,60,257,1060648
CHL,BUN,100,337,1388649
CHL,BUN,1134,2378,9797557
CHL,BUN,1819,3432,14142091
CHL,BUN,3667,6540,26950338
CHL,BUN,368,543,2236013
CHL,BUN,600,6713,27661722
CHL,BUN,304,7506,30928385
CHL,BUN,300,13872,57161241
CHL,BUN,40,266,1097733
CHL,BUN,50,188,774677
CHL,BUN,3312,87440,360308661
CHL,BUN,66,4486,18483453
CHL,BUN,48,155,636883
CHL,BUN,21822,11590,47947991
CHL,BUN,186,4591,19002390
CHL,BUN,57410,51465,212708979
CHL,BUN,1015,787,3242227
CHL,BUN,96895,111359,459943693
CHL,BUN,1600,1440,5944448
CHL,BUN,129,2882,11876657
CHL,BUN,138000,2173,8977097
CHL,BUN,10800,45090,190613015
CHL,BUN,3,11,45507
CHL,BUN,289572,19263,81848997
CHL,BUN,370000,12469,51940847
CHL,BUN,247500,202950,836279829
CHL,BUN,4675,38619,160461165
CHL,BUN,28320,100053,405912236
CHL,BUN,25620,67354,283727882
CHL,BUN,2500,2000,8241240
CHL,BUN,20000,135000,573615000
CHL,BUN,1500,8340,35436660
CHL,BUN,24,64235,272933665
CHL,BUN,8280,112365,466871246
CHL,BUN,3796,29328,123222892
CHL,BUN,582,4080,17335920
CHL,BUN,7760,16228,68952092
CHL,BUN,130,936,3977064
CHL,BUN,1771,3130,13298690
CHL,BUN,559,2628,11166372
CHL,BUN,492,768,3263232
CHL,BUN,8689,20915,88865965
CHL,BUN,2018,10994,47928987
CHL,BUN,1154,3036,12442893
CHL,BUN,20310,74760,310622525
CHL,BUN,60000,19515,81709500
CHL,BUN,39996,41402,172024612
CHL,BUN,14,59,250011
CHL,BUN,600,18205,79362703
CHL,BUN,19,48,194580
CHL,BUN,4,4,16215
CHL,BUN,27280,7262,30857088
CHL,BUN,1,27691,116913894
CHL,BUN,1,95322,386412511
CHL,BUN,240,395,1677505
CHL,BUN,9495,20567,83374695
CHL,BUN,24,60,255960
CHL,BUN,15238,96353,407633319
CHL,BUN,500,30,127470
CHL,BUN,6,788,3346088
CHL,BUN,20,0,1622
CHL,BUN,50,1,4054
CHL,BUN,55703,96095,421535742
CHL,BUN,2070,10641,46678361
CHL,BUN,6000,3730,16361715
CHL,BUN,3000,257,1128424
CHL,BUN,200000,164000,693820040
CHL,BUN,50000,41000,173455010
CHL,BUN,20437,104199,449806196
CHL,BUN,1,20000,83740200
CHL,BUN,20252,119239,523060338
CHL,BUN,27611,222372,975470094
CHL,BUN,21462,143910,631282530
CHL,BUN,40341,281945,1236797994
CHL,BUN,192,418,1720565
CHL,BUN,166,387,1596658
CHL,BUN,19,49,201869
CHL,BUN,51,169,696632
CHL,BUN,20,37,151762
CHL,BUN,109,241,994388
CHL,BUN,179,527,2173297
CHL,BUN,15,54,222143
CHL,BUN,348,866,3568581
CHL,BUN,3034,6595,27177343
CHL,BUN,5642,12469,51379681
CHL,BUN,25,64,265574
CHL,BUN,40,81,334718
CHL,BUN,149,384,1582977
CHL,BUN,290,756,3114117
CHL,BUN,8,113,467196
CHL,BUN,7654,51757,213269611
CHL,BUN,35,213,877486
CHL,BUN,149,903,3720302
CHL,BUN,4,35,145705
CHL,BUN,3961,23447,96614240
CHL,BUN,671,4313,17772440
CHL,BUN,10,103,423641
CHL,BUN,55568,7070,31013028
CHL,BUN,1273,5547,22487423
CHL,BUN,305,1331,5397176
CHL,BUN,354,1544,6259005
CHL,BUN,1392,6065,24586379
CHL,BUN,92,402,1630422
CHL,BUN,1039,4529,18361101
CHL,BUN,425,1854,7517293
CHL,BUN,615,2682,10871374
CHL,BUN,285,1241,5028932
CHL,BUN,1468,6397,25933605
CHL,BUN,3920,17086,69263759
CHL,BUN,114,499,2021205
CHL,BUN,302,1315,5329073
CHL,BUN,95,415,1681094
CHL,BUN,266,1158,4693038
CHL,BUN,112,488,1976613
CHL,BUN,845,3255,13194989
CHL,BUN,502,2067,8379122
CHL,BUN,2142,44546,195406709
CHL,BUN,116,505,2046338
CHL,BUN,56,518,2272290
CHL,BUN,187,329,1356673
CHL,BUN,113,208,857501
CHL,BUN,963,1777,7320776
CHL,BUN,14752,23643,103713495
CHL,BUN,662,7300,32021741
CHL,BUN,102,1098,4450420
CHL,BUN,69,329,1445361
CHL,BUN,9180,176250,740519662
CHL,BUN,20000,31768,131992389
CHL,BUN,3,12,51324
CHL,BUN,716755,39588,172332802
CHL,BUN,2472164,13399,57340415
CHL,BUN,750,68,298249
CHL,BUN,7298500,60973,266124024
CHL,BUN,375000,307500,1300912575
CHL,BUN,33,65,283579
CHL,BUN,237,628,2736439
CHL,BUN,450,1016,4430415
CHL,BUN,210,555,2420295
CHL,BUN,60,166,722614
CHL,BUN,150,296,1290426
CHL,BUN,89,173,753435
CHL,BUN,90,285,1244391
CHL,BUN,996,2344,10218870
CHL,BUN,6433,15190,66220637
CHL,BUN,287,622,2712070
CHL,BUN,1978,17205,75003651
CHL,BUN,13,103,447318
CHL,BUN,57,480,2093253
CHL,BUN,79,580,2530457
CHL,BUN,11,73,318280
CHL,BUN,289,2237,9753765
CHL,BUN,12240,39598,172623565
CHL,BUN,15215,97202,423742617
CHL,BUN,2,20,84994
CHL,BUN,15,400,1699459
CHL,BUN,15,48,202711
CHL,BUN,25,183,776634
CHL,BUN,20,38,160639
CHL,BUN,6585,24782,102115144
CHL,BUN,44,88,373804
CHL,BUN,8,143,607879
CHL,BUN,195,12513,53178449
CHL,BUN,143,2219,9431636
CHL,BUN,0,87,369725
CHL,BUN,0,0,1275
CHL,BUN,0,25,104543
CHL,BUN,1,22,91539
CHL,BUN,23,134,568356
CHL,BUN,30,1547,6574726
CHL,BUN,450,702,2983296
CHL,BUN,35,608,2583611
CHL,BUN,1,104,440142
CHL,BUN,14420,37443,163227009
CHL,BUN,21,3330,14149622
CHL,BUN,3,470,1998681
CHL,BUN,3,96,407335
CHL,BUN,440,5112,21724518
CHL,BUN,40,218,926437
CHL,BUN,6,3822,16660057
CHL,BUN,2,339,1439717
CHL,BUN,10,22,91794
CHL,BUN,20686,96536,423470741
CHL,BUN,11,4027,17111967
CHL,BUN,307,8948,38024960
CHL,BUN,2,1464,6222850
CHL,BUN,347100,14599,63642227
CHL,BUN,1470,8346,35378756
CHL,BUN,70000,25000,105969215
CHL,BUN,90600,9476,40167542
CHL,BUN,78000,1910,8327195
CHL,BUN,16,38,162211
CHL,BUN,167,397,1688835
CHL,BUN,856,2156,9163522
CHL,BUN,529,1461,6209421
CHL,BUN,2004,4919,20904493
CHL,BUN,1242,2469,10492109
CHL,BUN,6056,14446,61391268
CHL,BUN,420,818,3475115
CHL,BUN,138,412,1748756
CHL,BUN,3353,7998,33989861
CHL,BUN,25617,61107,259688176
CHL,BUN,200,457,1942967
CHL,BUN,1070,2191,9310222
CHL,BUN,440,962,4088688
CHL,BUN,93,184,783774
CHL,BUN,60,155,659003
CHL,BUN,5,113,481662
CHL,BUN,5593,43678,185619386
CHL,BUN,4079,26798,113885216
CHL,BUN,206,1581,6717814
CHL,BUN,84,636,2703368
CHL,BUN,873,6775,28789915
CHL,BUN,4000,23560,100123168
CHL,BUN,17000,78160,332157334
CHL,BUN,30,60,254983
CHL,BUN,16668,116835,483862442
CHL,BUN,6140,2944,12506974
CHL,BUN,120,2970,12620167
CHL,BUN,17300,17946,76252936
CHL,BUN,43025,47878,203434217
CHL,BUN,390,329,1397709
CHL,BUN,294000,4630,19673507
CHL,BUN,1250,4238,18018699
CHL,BUN,40010,64182,270981336
CHL,BUN,10008,15262,64438382
CHL,BUN,278,480,2039983
CHL,BUN,4200,7120,30273265
CHL,BUN,144,286,1215460
CHL,BUN,720,2507,10661946
CHL,BUN,360,1166,4957809
CHL,BUN,144,431,1833884
CHL,BUN,15600,28685,121972647
CHL,BUN,776,4027,17124102
CHL,BUN,17935,102804,425756771
CHL,BUN,1,4075,17226614
CHL,BUN,47638,105130,445629749
CHL,BUN,2940,6439,27292260
CHL,BUN,15000,79500,336988575
CHL,BUN,304,1251,5287915
CHL,BUN,22005,75797,319406284
CHL,BUN,51,2019,8524400
CHL,BUN,210,494,2091872
CHL,BUN,1903,20012,84600262
CHL,BUN,333,51038,206895803
CHL,BUN,3,425684,1725620772
CHL,BUN,285,69900,283357824
CHL,BUN,1,72858,295348846
CHL,BUN,20005,32091,135490668
CHL,BUN,5004,7631,32219191
CHL,BUN,25000,20500,83102080
CHL,BUN,28,51,217591
CHL,BUN,118,216,916934
CHL,BUN,15,33,139877
CHL,BUN,30,76,323859
CHL,BUN,45,91,385597
CHL,BUN,15,38,163162
CHL,BUN,1852,3222,13691000
CHL,BUN,650,1131,4805152
CHL,BUN,31,91,385427
CHL,BUN,16,44,186829
CHL,BUN,15,38,163162
CHL,BUN,30,60,257022
CHL,BUN,31,73,310517
CHL,BUN,2,29,121776
CHL,BUN,6919,45581,193671630
CHL,BUN,7,64,271894
CHL,BUN,45,304,1291186
CHL,BUN,55,401,1701979
CHL,BUN,49,298,1267264
CHL,BUN,60,439,1864334
CHL,BUN,20,135,572595
CHL,BUN,300,4728,20043317
CHL,BUN,1509,5685,24098710
CHL,BUN,336,476,2023501
CHL,BUN,676,17220,72992997
CHL,BUN,1,9380,39760413
CHL,BUN,27794,92039,403742747
CHL,BUN,5000,175,766306
CHL,BUN,32760,18014,79022258
CHL,BUN,240,739,3243014
CHL,BUN,222,5478,24029115
CHL,BUN,20690,21584,94679476
CHL,BUN,27730,35331,154986313
CHL,BUN,750,604,2651078
CHL,BUN,90,1774,7780092
CHL,BUN,100000,1748,7665820
CHL,BUN,1700000,22607,99170056
CHL,BUN,7560,7938,34821307
CHL,BUN,2180,3700,16230642
CHL,BUN,1131,5773,25323881
CHL,BUN,1080,7302,32031391
CHL,BUN,37,448,1965224
CHL,BUN,960,1136,4983246
CHL,BUN,10226,12673,55592142
CHL,BUN,10964,61882,262182872
CHL,BUN,426998,207705,870983316
CHL,BUN,15000,60000,248485800
CHL,BUN,15000,9000,37272870
CHL,BUN,16000,31430,132398875
CHL,BUN,27569,75833,332654290
CHL,BUN,2755,112,492183
CHL,BUN,28,56,245653
CHL,BUN,216,47641,201398905
CHL,BUN,72,18442,77960892
CHL,BUN,3456,15366,63319178
CHL,BUN,896,7168,29536604
CHL,BUN,77,17757,71983549
CHL,BUN,247,63793,258603214
CHL,BUN,126,33843,137192210
CHL,BUN,15895,31592,133651443
CHL,BUN,2,253,1067061
CHL,BUN,27,1633,6881118
CHL,BUN,137,9063,38190409
CHL,BUN,24,160,675120
CHL,BUN,3992,10905,46342960
CHL,BUN,107,948,4030170
CHL,BUN,496,1291,5485993
CHL,BUN,69,7211,30568170
CHL,BUN,93,6986,29611674
CHL,BUN,86,5665,24014060
CHL,BUN,5182,97894,413316603
CHL,BUN,674,3085,13109142
CHL,BUN,100,23353,102441759
CHL,BUN,8,2053,9007480
CHL,BUN,59,16849,73910352
CHL,BUN,50000,59976,247138305
CHL,BUN,115751,192944,819818886
CHL,BUN,265000,209960,865163315
CHL,BUN,397500,305989,1280303262
CHL,BUN,165657,269313,1144763524
CHL,BUN,344500,266150,1102239648
CHL,BUN,132500,104185,436222590
CHL,BUN,238500,176490,746900385
CHL,BUN,125000,92008,401097496
CHL,BUN,185500,131852,574793647
CHL,BUN,264975,203978,828319007
CHL,BUN,186080,288569,1222548506
CHL,BUN,360000,280166,1185273081
CHL,BUN,2014,15878,66907941
CHL,BUN,556500,419938,1744816446
CHL,BUN,14227,139262,583091847
CHL,BUN,476,20579,86165526
CHL,BUN,239,7273,30451831
CHL,BUN,37,1069,4476039
CHL,BUN,1505,17827,74640864
CHL,BUN,10,194,811275
CHL,BUN,170,1109,4641426
CHL,BUN,91770,144788,601662376
CHL,BUN,1658,13302,55697449
CHL,BUN,109,5070,21227094
CHL,BUN,2113,7479,31315066
CHL,BUN,1038,12152,50880880
CHL,BUN,277,614,2571662
CHL,BUN,210,2429,10169996
CHL,BUN,333,1345,5632533
CHL,BUN,738,8328,34869712
CHL,BUN,7,161,675825
CHL,BUN,32,551,2306038
CHL,BUN,696,30285,127867558
CHL,BUN,7900,4110,17374573
CHL,BUN,400,220,926750
CHL,BUN,3475,58515,247055596
CHL,BUN,5,475,1990505
CHL,BUN,12,436,1825118
CHL,BUN,92,1464,6128861
CHL,BUN,70,487,2056242
CHL,BUN,9,15,64598
CHL,BUN,46162,32313,133823684
CHL,BUN,17188,41038,173482109
CHL,BUN,26016,55154,234349006
CHL,BUN,315,322,1347464
CHL,BUN,3050,1017,4285166
CHL,BUN,28100,25290,106534125
CHL,BUN,9000,269100,1143405900
CHL,BUN,1530,32818,138559494
CHL,BUN,4354,29984,127399892
CHL,BUN,3547,13080,55576920
CHL,BUN,3862,36016,150799352
CHL,BUN,125,5146,21544762
CHL,BUN,258,7128,29846431
CHL,BUN,4,91,379176
CHL,BUN,3742,13504,56542974
CHL,BUN,54,294,1229934
CHL,BUN,82,398,1668147
CHL,BUN,344,3158,13221405
CHL,BUN,27,1148,4807316
CHL,BUN,36,180,754374
CHL,BUN,566,4262,17845078
CHL,BUN,318,493,2064656
CHL,BUN,69,942,3943535
CHL,BUN,421,1757,7357288
CHL,BUN,71,845,3539656
CHL,BUN,39,915,3831240
CHL,BUN,18,303,1268036
CHL,BUN,15800,8220,34626750
CHL,BUN,1200,660,2780250
CHL,BUN,18985,137604,576147649
CHL,BUN,1,109,455882
CHL,BUN,2,46,192854
CHL,BUN,166,2900,12142622
CHL,BUN,342,5523,24228839
CHL,BUN,31200,15731,63769050
CHL,BUN,1018,13776,60430628
CHL,BUN,5488,15410,67599527
CHL,BUN,339,3384,14844457
CHL,BUN,2323,11616,50955443
CHL,BUN,2075,52188,228932109
CHL,BUN,5642,25878,113517154
CHL,BUN,1704,16625,72926863
CHL,BUN,160000,77540,329522513
CHL,BUN,1020,9968,43726709
CHL,BUN,63,596,2616029
CHL,BUN,5,8,37287
CHL,BUN,9,212426,875327319
CHL,BUN,119,7769,34079304
CHL,BUN,256,3448,14585197
CHL,BUN,2160,5683,24042641
CHL,BUN,20,15070,63775788
CHL,BUN,110,197741,836833980
CHL,BUN,8000,12060,51251503
CHL,BUN,7046,150524,656192887
CHL,BUN,482,10306,44929241
CHL,BUN,10336,220823,962656876
CHL,BUN,72,1543,6725028
CHL,BUN,1768,37765,164630954
CHL,BUN,427,9132,39809256
CHL,BUN,2609,55738,242985327
CHL,BUN,3328,5160,21743537
CHL,BUN,535,18,75936
CHL,BUN,19728,35135,148057920
CHL,BUN,22155,28914,122232192
CHL,BUN,9796,158550,672328096
CHL,BUN,1233,7299,31820830
CHL,BUN,7500,18261,77403690
CHL,BUN,1,174900,738319971
CHL,BUN,3000,900,3799881
CHL,BUN,30690,474387,1992264584
CHL,BUN,2767,51856,217368348
CHL,BUN,147,3405,14348441
CHL,BUN,74,809,3407543
CHL,BUN,2545,19347,82217227
CHL,BUN,4045,24770,105265487
CHL,BUN,10209,470820,1972765396
CHL,BUN,1247,10698,45464418
CHL,BUN,791,3282,14290082
CHL,BUN,18777,8715,38228163
CHL,BUN,2,82,332449
CHL,BUN,1,170,689139
CHL,BUN,4980,268,1174528
CHL,BUN,1,61,245698
CHL,BUN,1,94,380364
CHL,BUN,1,61,248090
CHL,BUN,200000,36106,152634143
CHL,BUN,1,138,559459
CHL,BUN,8,956,3874300
CHL,BUN,13824,24852,109015739
CHL,BUN,1,118,477168
CHL,BUN,45,5022,20356929
CHL,BUN,13,2067,8379122
CHL,BUN,1,261,1058923
CHL,BUN,1,127,514017
CHL,BUN,408,1364,5618548
CHL,BUN,10,400,1649896
CHL,BUN,2,85,348934
CHL,BUN,2,72,297426
CHL,BUN,38062,5542,23025971
CHL,BUN,407254,61633,256082456
CHL,BUN,320,2071,8393715
CHL,BUN,1724,7903,32035244
CHL,BUN,960,4518,18313266
CHL,BUN,115,1571,6368457
CHL,BUN,815,5521,22380201
CHL,BUN,600,1240,5026662
CHL,BUN,568,4957,20095299
CHL,BUN,12322,8414,34109796
CHL,BUN,6120,23072,97641705
CHL,BUN,3105,9253,39157995
CHL,BUN,15180,47637,201598355
CHL,BUN,60159,42118,178243382
CHL,BUN,25200,54499,239068583
CHL,BUN,409,21523,94414083
CHL,BUN,679,60000,248485800
CHL,BUN,305,48000,198788640
CHL,BUN,40320,54029,223756493
CHL,BUN,21783,49025,207473176
CHL,BUN,120,1,5078
CHL,BUN,100000,2360,9805658
CHL,BUN,259625,15192,63122222
CHL,BUN,288,1535,6377999
CHL,BUN,676,4368,18148778
CHL,BUN,370000,2657,11038014
CHL,BUN,848000,630753,2657047013
CHL,BUN,291500,210463,886575388
CHL,BUN,291500,218919,922196288
CHL,BUN,5400,75168,309738764
CHL,BUN,23040,92160,389043302
CHL,BUN,21490,68842,286281671
CHL,BUN,25000,17750,74771875
CHL,BUN,31,24,103852
CHL,BUN,690,1568,6660732
CHL,BUN,9314,24717,105021003
CHL,BUN,720,672,2947836
CHL,BUN,5580,11144,48884062
CHL,BUN,1500000,28050,113707968
CHL,BUN,20160,27019,113858098
CHL,BUN,1000,3400,14457106
CHL,BUN,480000,11040,46796904
CHL,BUN,1476,5673,23494332
CHL,BUN,120753,181810,752143853
CHL,BUN,2,6,26454
CHL,BUN,4831,15266,63434799
CHL,BUN,480,3360,14242536
CHL,BUN,12800,81920,347246592
CHL,BUN,4600,19845,83598410
CHL,BUN,5935,20056,83984302
CHL,BUN,3137,14168,58675283
CHL,BUN,11945,24742,102469166
CHL,BUN,3070,5766,23879485
CHL,BUN,3405,41974,175760949
CHL,BUN,1440,3829,16281253
CHL,BUN,848,7712,31938667
CHL,BUN,1119,10182,42168869
CHL,BUN,425,742,3154923
CHL,BUN,11796,32906,139402385
CHL,BUN,5,42,175928
CHL,BUN,5700,6260,26008761
CHL,BUN,10000,18889,79401037
CHL,BUN,1356,42743,180330163
CHL,BUN,265000,188179,787907983
CHL,BUN,567253,302204,1270985963
CHL,BUN,62728,143062,598898258
CHL,BUN,2306,6416,26687044
CHL,BUN,6258,17447,73847432
CHL,BUN,88430,118393,499448805
CHL,BUN,264,1197,4933247
CHL,BUN,103680,16488,69453636
CHL,BUN,100,1500,6539099
CHL,BUN,470,6135,26744911
CHL,BUN,60,1830,7977701
CHL,BUN,60,1860,8108483
CHL,BUN,300,8195,35725280
CHL,BUN,120,2880,12555071
CHL,BUN,120,2430,10593341
CHL,BUN,190,4550,19835268
CHL,BUN,380,7500,32695495
CHL,BUN,594,10340,45074012
CHL,BUN,403,5422,23636662
CHL,BUN,246,4395,19159562
CHL,BUN,60,1230,5362062
CHL,BUN,230,5755,25088344
CHL,BUN,116,4128,17995603
CHL,BUN,90,795,3465721
CHL,BUN,8263,45801,191062319
CHL,BUN,56800,60890,247045062
CHL,BUN,4800,7975,33136768
CHL,BUN,27680,36252,147214021
CHL,BUN,395500,294271,1226123118
CHL,BUN,12800,5120,20791450
CHL,BUN,7920,11752,47722874
CHL,BUN,100000,31493,133813757
CHL,BUN,68400,55232,231408432
CHL,BUN,600,1896,7877600
CHL,BUN,600,924,3837170
CHL,BUN,100,330,1372210
CHL,BUN,236,975,4145320
CHL,BUN,5324,18645,77408293
CHL,BUN,12971,34327,145038326
CHL,BUN,1317,4753,19681997
CHL,BUN,46848,211991,863435628
CHL,BUN,197,32962,135542379
CHL,BUN,1346,6521,26671566
CHL,BUN,2800,7922,32916515
CHL,BUN,13324,73699,310455900
CHL,BUN,196903,173865,736989012
CHL,BUN,2380,6400,26371968
CHL,BUN,252170,125328,516431082
CHL,BUN,1663,7151,30384174
CHL,BUN,4806,14899,63304151
CHL,BUN,685,3425,14552825
CHL,BUN,13712,29142,123846664
CHL,BUN,100712,243284,1026696427
CHL,BUN,5188,181289,743768831
CHL,BUN,3530,212,923321
CHL,BUN,19170,74151,312177730
CHL,BUN,75678,58727,240499474
CHL,BUN,40,62,258425
CHL,BUN,1581,8502,35529974
CHL,BUN,662500,492861,2050321657
CHL,BUN,46800,34948,148493627
CHL,BUN,944,1901,7898375
CHL,BUN,11736,19642,81611913
CHL,BUN,60,12,49697
CHL,BUN,650,222,919194
CHL,BUN,1,3,12424
CHL,BUN,60,12,49697
CHL,BUN,7,1,2899
CHL,BUN,510,4083,16910701
CHL,BUN,650,240,996014
CHL,BUN,371000,274866,1165117779
CHL,BUN,1510500,1136799,4872887280
CHL,BUN,19982,42263,179576039
CHL,BUN,40,890,3904917
CHL,BUN,134,8588,37670881
CHL,BUN,37,1834,8043248
CHL,BUN,161,11787,51706921
CHL,BUN,380,20921,91773445
CHL,BUN,265000,195737,829699570
CHL,BUN,84996,178469,782883262
CHL,BUN,609500,468615,1982497121
CHL,BUN,114349,217303,934964664
CHL,BUN,585,17252,71446501
CHL,BUN,503500,371043,1570242760
CHL,BUN,288,1306,5525260
CHL,BUN,250,1920,8125382
CHL,BUN,576,3226,13650642
CHL,BUN,80000,150000,657999000
CHL,BUN,40000,80000,350932800
CHL,BUN,3564,16103,68149106
CHL,BUN,34,40413,171714625
CHL,BUN,254,346445,1472043913
CHL,BUN,26000,20530,85021901
CHL,BUN,265000,196333,830876212
CHL,BUN,173,1440,6094037
CHL,BUN,403,2093,8856667
CHL,BUN,115,950,4022064
CHL,BUN,979,6394,27057523
CHL,BUN,761,13799,58397716
CHL,BUN,4855,8970,37962802
CHL,BUN,9000,8970,37960771
CHL,BUN,10080,22177,97281994
CHL,BUN,2031,7782,33073368
CHL,BUN,1050,2891,12234625
CHL,BUN,5000,6444,28265444
CHL,BUN,1221200,42647,187075959
CHL,BUN,1,1211,5124916
CHL,BUN,3721,132983,547973151
CHL,BUN,205,12525,54943925
CHL,BUN,1247,62590,271580941
CHL,BUN,10,178,752444
CHL,BUN,103800,68761,291468709
CHL,BUN,600,24,105280
CHL,BUN,20,2,9124
CHL,BUN,40,4,16143
CHL,BUN,50,1,6361
CHL,BUN,30,3,14739
CHL,BUN,5,2,10528
CHL,BUN,40,1,3509
CHL,BUN,150,26,115150
CHL,BUN,300,24,103964
CHL,BUN,20,9,39480
CHL,BUN,20,9,40840
CHL,BUN,3,1,4431
CHL,BUN,5,2,8335
CHL,BUN,50,1,2413
CHL,BUN,22169,36130,152249893
CHL,BUN,4424,8712,36713708
CHL,BUN,21913,44267,186538377
CHL,BUN,130000,100474,420687318
CHL,BUN,1665100,1285785,5357265253
CHL,BUN,80000,150000,631875000
CHL,BUN,260113,101624,435018623
CHL,BUN,17508,45174,195084533
CHL,BUN,13757,33823,145578882
CHL,BUN,3174,8626,36804527
CHL,BUN,77218,123464,529178132
CHL,BUN,896,3298,14016309
CHL,BUN,1785,3213,13534762
CHL,BUN,630,2551,10744402
CHL,BUN,1248,41933,176641920
CHL,BUN,16674,93479,404821626
CHL,BUN,43000,45540,191904194
CHL,BUN,25000,17925,78630880
CHL,BUN,530000,384208,1627247613
CHL,BUN,100000,31493,133911070
CHL,BUN,100800,32447,142331851
CHL,BUN,113400,92744,395642961
CHL,BUN,4536,16466,69385882
CHL,BUN,744,45650,193999176
CHL,BUN,820,2868,12501539
CHL,BUN,1695,5714,24799381
CHL,BUN,3427,8612,36596463
CHL,BUN,4308,14477,62484004
CHL,BUN,22808,92728,406766516
CHL,BUN,168910,87833,385294385
CHL,BUN,28,778,3279010
CHL,BUN,13762,544993,2389377255
CHL,BUN,26340,102341,446146838
CHL,BUN,402,2079,8835700
CHL,BUN,376500,281207,1160431463
CHL,BUN,126846,42223,184066990
CHL,BUN,901000,587351,2576510454
CHL,BUN,42000,30021,127253498
CHL,BUN,23400,16739,73429135
CHL,BUN,12,302,1271838
CHL,BUN,21752,51568,222062425
CHL,BUN,74856,96547,419782156
CHL,BUN,294,14991,63149461
CHL,BUN,59,3114,13117556
CHL,BUN,41,4524,19058277
CHL,BUN,425,20828,87737655
CHL,BUN,1,10000,43866600
CHL,BUN,1188,36,150186
CHL,BUN,300,9,37926
CHL,BUN,60,3,12642
CHL,BUN,45,95,416513
CHL,BUN,320,160,701866
CHL,BUN,1,140,611939
CHL,BUN,6,20,85540
CHL,BUN,7,20,89049
CHL,BUN,1,10,43867
CHL,BUN,2,27,118440
CHL,BUN,15,110,480339
CHL,BUN,255,740,3243935
CHL,BUN,75,112,493499
CHL,BUN,360,72,315840
CHL,BUN,20217,32815,139432720
CHL,BUN,6048,17910,76099590
CHL,BUN,3353,17288,73456500
CHL,BUN,4216,8665,36817797
CHL,BUN,108,235,998090
CHL,BUN,8012,50659,213474748
CHL,BUN,2396,86681,351382187
CHL,BUN,530000,385209,1612875401
CHL,BUN,80683,164985,696467296
CHL,BUN,2669,6213,26228762
CHL,BUN,120000,225000,931629375
CHL,BUN,48096,65802,272186456
CHL,BUN,45284,46871,195177175
CHL,BUN,2790,3844,16229714
CHL,BUN,530000,406009,1722437223
CHL,BUN,6000,40000,168883600
CHL,BUN,2160,15273,64483981
CHL,BUN,4200,10312,43538192
CHL,BUN,9280,4454,18806878
CHL,BUN,197,1563,6598789
CHL,BUN,2000,3940,16655917
CHL,BUN,120,759,3203806
CHL,BUN,77,1808,7665536
CHL,BUN,20,163,690933
CHL,BUN,238,11425,48426954
CHL,BUN,74,3681,15601638
CHL,BUN,308,18805,79709794
CHL,BUN,1726,70379,295133425
CHL,BUN,18000,77501,327215353
CHL,BUN,378100,186025,754101515
CHL,BUN,8,118,501382
CHL,BUN,1290,39,156881
CHL,BUN,12,30,121613
CHL,BUN,50,2,10134
CHL,BUN,1476,5673,24104577
CHL,BUN,176098,278348,1181997025
CHL,BUN,9000,17700,75027645
CHL,BUN,22572,34584,146596388
CHL,BUN,530000,392905,1662760903
CHL,BUN,21874,23252,98561995
CHL,BUN,184930,87657,370033623
CHL,BUN,3556,2337,9867024
CHL,BUN,176,750,3167581
CHL,BUN,164,704,2971507
CHL,BUN,414,2469,10424340
CHL,BUN,1950,11144,47050971
CHL,BUN,708,4638,19580365
CHL,BUN,637,4658,19666495
CHL,BUN,4026,3698,15614471
CHL,BUN,196,1300,5487028
CHL,BUN,3905,2964,12514275
CHL,BUN,3,4,16743
CHL,BUN,76786,117115,513745221
CHL,BUN,9677,28656,125704129
CHL,BUN,9468,18984,83275125
CHL,BUN,5479,9791,42950885
CHL,BUN,150,1410,5967078
CHL,BUN,810,1721,7284278
CHL,BUN,2634,20144,85247957
CHL,BUN,320,1920,8125382
CHL,BUN,775,12528,53018120
CHL,BUN,27053,68058,298549412
CHL,BUN,18,9,38469
CHL,BUN,1,19,78969
CHL,BUN,2,12,51207
CHL,BUN,4,140,594169
CHL,SMR,293887,21092,86913230
CHL,SMR,452920,225101,927556672
CHN,BUN,19874,263330,1085084925
CHN,BUN,34000,98220,413751750
CHN,BUN,400,1612,6790550
CHN,BUN,95952,377993,1658128046
CHN,BUN,94800,277098,1125247871
CHN,BUN,2000,8060,32730290
CHN,BUN,51095,428735,1817344626
CHN,BUN,5516,71781,304998914
CHN,BUN,97601,410513,1745539795
CHN,BUN,366624,234639,1022885431
CHN,BUN,3857,49464,209668442
CHN,BUN,3,2324,10192580
CHN,BUN,4,302,1326833
CHN,BUN,614945,2578488,10787882515
CHN,BUN,19869,213587,899737133
CHN,BUN,1151,20882,87967447
CHN,BUN,195,3688,15536290
CHN,BUN,768966,3166674,13410843547
CHN,BUN,9172,30356,133162548
CHN,BUN,448,5679,24913290
CHN,BUN,1,90000,382410000
CHN,BUN,434,175252,754222030
CHN,BUN,27,32737,143607141
CHN,BUN,986,826470,3560788976
CHN,BUN,495,375319,1581031330
CHN,BUN,505,41252,180958542
CHN,BUN,2255,75094,329412241
CHN,BUN,775,11842,51944634
CHN,BUN,1150,39832,169245658
CHN,BUN,384138,1774180,7454269529
CHN,BUN,258220,1220157,5153761493
CHN,BUN,423117,1560148,6633889922
CHN,BUN,6650,158270,652170527
CHN,BUN,19250,80538,331866205
CHN,BUN,15400,260106,1071797986
CHN,BUN,154800,95976,403246043
CHN,BUN,312896,175222,739680567
CHN,BUN,2200,3380,14237028
CHN,BUN,200,1015,4275308
CHN,BUN,2,6120,25781048
CHN,BUN,6870,79924,338785000
CHN,BUN,115508,526968,2250357826
CHN,BUN,19245,77642,325089924
CHN,BUN,19245,69267,291887374
CHN,BUN,96137,346016,1463263860
CHN,BUN,346335,1323848,5616192504
CHN,BUN,38500,162964,671512841
CHN,BUN,2632,51177,216932559
CHN,BUN,76930,582924,2464156495
CHN,BUN,26462,137801,584117218
CHN,BUN,25844,195620,825788143
CHN,BUN,51034,384309,1655090608
CHN,BUN,25646,133491,563611101
CHN,BUN,25378,199400,825799113
CHN,BUN,25710,194601,790240726
CHN,BUN,25912,134073,544445914
CHN,BUN,277950,250000,1096665000
CHN,BUN,3,42605,186892026
CHN,BUN,1,3372,14793441
CHN,BUN,5808,92524,393135963
CHN,BUN,6355,49940,211115772
CHN,BUN,50680,86986,369874384
CHN,BUN,25969,204924,871355419
CHN,BUN,20896,112078,476564510
CHN,BUN,2894,52981,222601807
CHN,BUN,167390,202542,860600533
CHN,BUN,46070,74643,315771613
CHN,BUN,13070,167162,708574771
CHN,BUN,4137,79854,339300921
CHN,BUN,4896,136193,578682570
CHN,BUN,25900,203551,865517172
CHN,BUN,44994,240806,1022323193
CHN,BUN,21720,36157,153263252
CHN,BUN,10000,53839,228761911
CHN,BUN,68960,528464,2242300976
CHN,BUN,19720,101822,431608185
CHN,BUN,27,21616,91448866
TWN,BUN,15000,52200,215096364
TWN,BUN,11610,121728,517222272
TWN,BUN,57784,224780,941155103
TWN,BUN,38429,146799,620575695
TWN,BUN,19948,84238,348867478
TWN,BUN,10220,42318,174377139
TWN,BUN,1176,40824,172031111
TWN,BUN,38488,157139,663102416
TWN,BUN,10476,43790,177512853
TWN,BUN,19192,81661,343101309
TWN,BUN,19208,91046,384340336
TWN,BUN,19225,76291,334660792
TWN,BUN,19244,78911,325162327
TWN,BUN,76758,285242,1175372942
TWN,BUN,54080,77148,313284953
TWN,BUN,103220,125529,521566834
TWN,BUN,50500,80669,327582283
CYP,BUN,38458,173045,754373114
DNK,BUN,6475,85687,375881008
DNK,BUN,48000,47760,208204943
DNK,BUN,48000,47760,208204943
DNK,BUN,21588,81575,346863732
DNK,BUN,103209,411984,1747274218
DNK,BUN,24000,17040,71944414
DNK,BUN,24000,17040,72230004
ECU,BUN,4258,13826,57889851
ECU,BUN,420,95046,400520993
ECU,BUN,120,31969,134717250
ECU,BUN,2052,529896,2253167268
ECU,BUN,60,1683,7122406
ECU,BUN,20,3,12696
ECU,BUN,206,365,1543696
ECU,BUN,15646,42500,179859021
ECU,BUN,9479,21112,89344547
ECU,BUN,435,95043,402219125
ECU,BUN,180,47954,202939043
ECU,BUN,47,5,21879
ECU,BUN,18000,53866,221961317
ECU,BUN,2500,4550,19207324
ECU,BUN,1200,2316,9776739
ECU,BUN,200,2000,8442780
ECU,BUN,1657,26987,113922652
ECU,BUN,1500,3120,13170737
ECU,BUN,37000,53632,227037981
ECU,BUN,19000,44798,189919805
ECU,BUN,9000,33883,143447035
ECU,BUN,54,1487,6276827
ECU,BUN,13440,11760,49651778
ECU,BUN,24950,15818,67051401
ECU,BUN,288,311,1318452
ECU,BUN,2052,4238,17964416
ECU,BUN,708,1025,4343973
ECU,BUN,660,1401,5938375
ECU,BUN,48,155,657191
ECU,BUN,144,168,714161
ECU,BUN,60,1231,5219126
ECU,BUN,648,166533,703998924
ECU,BUN,1880,7598,31308059
ECU,BUN,11081,46978,197895962
ECU,BUN,380,1432,6031036
ECU,BUN,45,1650,6949361
ECU,BUN,80,600,2472372
ECU,BUN,3,19,79322
ECU,BUN,0,1,3791
ECU,BUN,80,552,2274582
ECU,BUN,2573,15427,63570041
ECU,BUN,464,2281,9400782
ECU,BUN,20,109,447994
ECU,BUN,598,8708,35883265
ECU,BUN,25,79,325076
ECU,BUN,15,219,901386
ECU,BUN,10,71,290751
ECU,BUN,294,5165,21281354
ECU,BUN,60,3711,15591878
ECU,BUN,414000,154560,673788862
ECU,BUN,15572,51745,220023121
ECU,BUN,1323,21552,91206613
ECU,BUN,324,85970,365552858
ECU,BUN,24480,34714,152278691
ECU,BUN,744,4872,21371808
ECU,BUN,738,9558,41926380
ECU,BUN,260,2040,8950541
ECU,BUN,183,1464,6422070
ECU,BUN,427,4484,19667590
ECU,BUN,1631,11184,49059089
ECU,BUN,681,4849,21272230
ECU,BUN,70,456,1989630
ECU,BUN,3962,26158,114744059
ECU,BUN,2439,16673,73139660
ECU,BUN,132,1584,6948469
ECU,BUN,644,5822,24755243
ECU,BUN,1060,7776,34108913
ECU,BUN,144,1973,8654003
ECU,BUN,122,1452,6368553
ECU,BUN,226,2780,12194037
ECU,BUN,237,2726,11955842
ECU,BUN,830,12244,53708510
ECU,BUN,559,8498,37276521
ECU,BUN,278,3363,14754092
ECU,BUN,170,2380,10440251
ECU,BUN,554,4827,21172653
ECU,BUN,854,7336,32181854
ECU,BUN,220,1953,8566270
ECU,BUN,152,1049,4600729
ECU,BUN,851,8277,36307069
ECU,BUN,725,8528,37411630
ECU,BUN,950,8403,36860665
ECU,BUN,6475,56056,245896420
ECU,BUN,70,482,2102539
ECU,BUN,227,3350,14693118
ECU,BUN,680,7813,34060036
ECU,BUN,297,3118,13260143
ECU,BUN,300,3000,12756270
ECU,BUN,100,1000,4252090
ECU,BUN,4872,84202,341333321
ECU,BUN,16,672,2769057
ECU,BUN,16,2976,12262965
ECU,BUN,7,162,686129
ECU,BUN,217,51748,213233844
ECU,BUN,162,40002,164833041
ECU,BUN,452,150956,622032313
ECU,BUN,324,93416,394904512
ECU,BUN,1962,3474,14761026
ECU,BUN,5940,12397,52675363
ECU,BUN,14284,25313,107555659
ECU,BUN,7,2268,9588904
ECU,BUN,11,4538,19184741
ECU,BUN,20,44642,188719398
ECU,BUN,42,12177,51477182
ECU,BUN,12,6077,25689722
ECU,BUN,6,1984,8386465
ECU,BUN,3783414,402932,1668714010
ECU,BUN,55,1955,8254186
ECU,BUN,84,1940,8192543
ECU,BUN,60,2683,11325925
ECU,BUN,28,2321,9800315
ECU,BUN,16,2057,8682770
ECU,BUN,47,6644,28053593
ECU,BUN,32,1926,8133434
ECU,BUN,119,11406,48156145
ECU,BUN,445,29906,126266921
ECU,BUN,13,1545,6523636
ECU,BUN,24,4103,17321378
ECU,BUN,25,550,2322150
ECU,BUN,36,748,3159981
ECU,BUN,18292,3323,14117345
ECU,BUN,37000,2509,10615066
ECU,BUN,184000,3331,14091231
ECU,BUN,112680,5466,23125191
ECU,BUN,3547680,384746,1627709852
ECU,BUN,3680,26784,112533780
ECU,BUN,10225,81055,344458332
ECU,BUN,47315,26766,113746463
ECU,BUN,2180,43422,182439676
ECU,BUN,19,449,1904176
ECU,BUN,8400,21236,90015159
ECU,BUN,8400,2366,10028865
ECU,BUN,436,371,1528420
ECU,BUN,13,960,4067389
ECU,BUN,1,54,229746
ECU,BUN,0,150,634471
ECU,BUN,179,54762,231677934
ECU,BUN,508,680,2803793
ECU,BUN,3074656,328338,1383605555
ECU,BUN,120,237,977081
ECU,BUN,41,1115,4724961
ECU,BUN,4,114,482932
ECU,BUN,144,1139,4829534
ECU,BUN,3,93,394086
ECU,BUN,1,69,292820
ECU,BUN,15,116,490477
ECU,BUN,155,2817,11941349
ECU,BUN,56,356,1507801
ECU,BUN,355,5932,25145324
ECU,BUN,3,175,742647
ECU,BUN,3,78,329571
ECU,BUN,98,1056,4474276
ECU,BUN,15195,13518,55701882
ECU,BUN,2627,14701,64489692
ECU,BUN,4000,12800,55800319
ECU,BUN,19,77924,331340456
ECU,BUN,83,196115,833899268
ECU,BUN,13,4047,17752988
ECU,BUN,175,9075,39808720
ECU,BUN,366,1876,8227444
ECU,BUN,726,3470,15221096
ECU,BUN,1448,4613,19613233
ECU,BUN,4800,28860,122134654
ECU,BUN,125,131,529218
ECU,BUN,2,26,107303
ECU,BUN,2,9,36889
ECU,BUN,101308,12001,52317377
ECU,BUN,1,3640,14754835
ECU,BUN,26,1168,4734954
ECU,BUN,7,1597,6471990
ECU,BUN,1,3521,15444553
ECU,BUN,2,17255,69947629
ECU,BUN,1,1026,4158185
ECU,BUN,4,105722,458793820
ECU,BUN,3655,58485,248684206
ECU,BUN,4702,28167,114182258
ECU,BUN,5571,25464,109319618
ECU,BUN,8307,35821,151431197
ECU,BUN,878,199302,853806084
ECU,BUN,635,157883,683461352
ECU,BUN,693,193603,824979606
ECU,BUN,88,19643,83463065
ECU,BUN,18,4746,20164224
ECU,BUN,119,33876,143937849
ECU,BUN,801,54,228279
ECU,BUN,620,1328,5649514
ECU,BUN,25,2402,10181294
ECU,BUN,2692,17789,74938184
ECU,BUN,7950,22249,93721975
ECU,BUN,29400,57240,241123500
ECU,BUN,4000,7080,29824500
ECU,BUN,12,1028,4356520
ECU,BUN,1,121,513240
ECU,BUN,128,10534,44651198
ECU,BUN,60,44,187035
ECU,BUN,48,559,2353608
ECU,BUN,60,362,1526610
ECU,BUN,1164,10183,42897236
ECU,BUN,312,2044,8612204
ECU,BUN,180,1036,4364992
ECU,BUN,96,368,1548852
ECU,BUN,720,544,2289915
ECU,BUN,1182,2021,8514136
ECU,BUN,292,2924,12316170
ECU,BUN,408,1248,5256189
ECU,BUN,600,1331,5604984
ECU,BUN,24,948,3991428
ECU,BUN,140,690,2904940
ECU,BUN,288,935,3938856
ECU,BUN,168,450,1897142
ECU,BUN,172,1778,7487972
ECU,BUN,384,2611,10999680
ECU,BUN,600,408,1718700
ECU,BUN,480,1002,4220925
ECU,BUN,288,1104,4651611
ECU,BUN,72,150,631875
ECU,BUN,384,1548,6520950
ECU,BUN,100,177,745612
ECU,BUN,288,739,3111858
ECU,BUN,24,29,121320
ECU,BUN,4278,14141,62032417
ECU,BUN,3417,1250,5483325
ECU,BUN,9070,1750,7676655
ECU,BUN,9096,4563,20016330
ECU,BUN,23,125,548332
ECU,BUN,1596,58634,257209221
ECU,BUN,2472,19055,83586490
ECU,BUN,3300,1753,7689815
ECU,BUN,280,63993,266571547
ECU,BUN,161,43786,179152101
ECU,BUN,302,84846,345946985
ECU,BUN,8,1750,7676655
ECU,BUN,442,2296,10071771
ECU,BUN,50,4563,20016330
ECU,BUN,430,98589,429162083
ECU,BUN,555,142509,612262328
ECU,BUN,140,39491,168392563
ECU,BUN,50,50,219333
ECU,BUN,16,180,757950
ECU,BUN,265000,209006,865581648
ECU,BUN,32168,54306,228887854
ECU,BUN,26643,63972,269215592
ECU,BUN,13557,41628,175036595
ECU,BUN,1585,6018,25197426
ECU,BUN,6435,15343,64931200
ECU,BUN,8723,20779,87560397
ECU,BUN,2781,11330,47745081
ECU,BUN,40700,160507,680354750
ECU,BUN,2469,9752,41360576
ECU,BUN,6733,37350,157893016
ECU,BUN,28,69646,305515516
ECU,BUN,6636,2772,12084257
ECU,BUN,2085,871,3797037
ECU,BUN,1989,831,3621572
ECU,BUN,2,5863,25561037
ECU,BUN,10,461,2010555
ECU,BUN,133696,542850,2275258641
ECU,BUN,5554,16189,68288382
ECU,BUN,1790,3508,14782607
ECU,BUN,8820,41086,173820958
ECU,BUN,4060,22533,94921400
ECU,BUN,17,55,230592
ECU,BUN,16,556,2343498
ECU,BUN,30708,131220,552766230
ECU,BUN,5694,12775,53814688
ECU,BUN,20000,47960,203782040
ECU,BUN,14,84490,351050881
ECU,BUN,35000,393150,1692492688
ECU,BUN,3000,71410,302107860
ECU,BUN,63978,264557,1121416168
ECU,BUN,6200,20674,87636104
ECU,BUN,12,63375,269325371
ECU,BUN,14954,74040,311893711
ECU,BUN,42974,142925,594047463
ECU,BUN,41913,52568,222466368
ECU,BUN,73388,311856,1323314613
ECU,BUN,10315,40872,173050934
ECU,BUN,18436,72446,307824329
ECU,BUN,20000,231000,951863220
ECU,BUN,45772,172888,712405751
ECU,BUN,26247,101725,432229992
ECU,BUN,700,1522,6674391
ECU,BUN,800,1020,4325238
ECU,BUN,800,1204,5105186
ECU,BUN,3017,355534,1549914135
ECU,BUN,30,38,157374
ECU,BUN,13,13,54253
ECU,BUN,46,72,298183
ECU,BUN,81,2404,9956329
ECU,BUN,18,1299,5379221
ECU,BUN,76,10,42243
ECU,BUN,31,31,128384
ECU,BUN,1,6,24849
ECU,BUN,1,8,31061
ECU,BUN,2810,7025,28947356
ECU,BUN,188,2444,10070795
ECU,BUN,630,5670,23363915
ECU,BUN,218,1461,6018578
ECU,BUN,2351,20800,85710956
ECU,BUN,372,5656,23306227
ECU,BUN,1792,25435,104807970
ECU,BUN,165,1320,5439218
ECU,BUN,308,2402,9899377
ECU,BUN,375,2250,9271395
ECU,BUN,946,6284,25893976
ECU,BUN,2120,20075,82721446
ECU,BUN,2470,32339,133256730
ECU,BUN,868,6204,25564326
ECU,BUN,896100,582465,2438786780
ECU,BUN,132500,76850,337114821
ECU,BUN,158800,85117,358679642
ECU,BUN,18000,11127,47036858
ECU,BUN,9000,20250,85604943
ECU,BUN,2268,6872,29014371
ECU,BUN,17400,36540,154275169
ECU,BUN,41897,99554,419806266
ECU,BUN,3997,8865,37474248
ECU,BUN,46820,51510,217230212
ECU,BUN,565,6215,26407535
ECU,BUN,1772,24412,103728288
ECU,BUN,240,5040,21238409
ECU,BUN,5640,92892,391444101
ECU,BUN,132000,70752,298146805
ECU,BUN,14000,9520,40479897
ECU,BUN,21000,14014,56808258
ECU,BUN,218,1357,5771744
ECU,BUN,12943,52542,223412973
ECU,BUN,8834,22262,94660580
ECU,BUN,361,1144,4863413
ECU,BUN,11434,21638,92006086
ECU,BUN,12836,38434,163424742
ECU,BUN,44,314,1337070
ECU,BUN,8866,43702,185822881
ECU,BUN,19600,41160,180554926
ECU,BUN,174,650,2762073
ECU,BUN,232,1990,8461617
ECU,BUN,5024,14683,62435521
ECU,BUN,456,632,2689277
ECU,BUN,1315,3995,16988460
ECU,BUN,91,686,2916594
ECU,BUN,1649,7598,32307762
ECU,BUN,184800,107088,451107737
ECU,BUN,72000,46200,194617500
ECU,BUN,15126,38273,161971288
ECU,BUN,42888,48797,206508794
ECU,BUN,29692,82231,340554344
ECU,BUN,42000,29143,118342901
ECU,BUN,548,4945,20480904
ECU,BUN,23940,53567,221842490
ECU,BUN,97979,74318,307782919
ECU,BUN,114207,72376,299741049
ECU,BUN,4038,46019,192683897
ECU,BUN,27,896,3753361
ECU,BUN,66672,36819,155429047
ECU,BUN,48234,19328,81589168
ECU,BUN,2250,5362,22634544
ECU,BUN,484,31322,132510066
ECU,BUN,34,23470,98866027
ECU,BUN,407,244126,1028381280
ECU,BUN,6,11053,46562616
ECU,BUN,21000,2543,10759880
ECU,BUN,344500,199810,841993346
ECU,BUN,569,21386,90477264
ECU,BUN,126,784,3316925
ECU,BUN,15068,64911,274612364
ECU,BUN,14499,40853,172833872
ECU,BUN,4816,17905,75747845
ECU,BUN,12426,22245,94111189
ECU,BUN,3728,11380,48143115
ECU,BUN,438,1944,8223460
ECU,BUN,264,1690,7148039
ECU,BUN,132,1135,4802588
ECU,BUN,2664,7520,31812833
ECU,BUN,1458,3228,13655394
ECU,BUN,8129,41696,176400276
ECU,BUN,2856,22637,95767472
ECU,BUN,1412,20641,87325459
ECU,BUN,5461,28179,119215967
ECU,BUN,476,23899,100801302
ECU,BUN,1687,63450,267284852
ECU,BUN,732,19141,80976668
ECU,BUN,6162,273249,1151060823
ECU,BUN,2000,22720,95708000
ECU,BUN,150,185,782367
ECU,BUN,561,1432,6057091
ECU,BUN,209,981,4148663
ECU,BUN,10,845,3575712
ECU,BUN,2,275,1165068
ECU,BUN,860,14810,62654107
ECU,BUN,222,7890,33380444
ECU,BUN,391,3821,16163384
ECU,BUN,3164,148681,629013398
ECU,BUN,34,609,2574792
ECU,BUN,42,472,1997186
ECU,BUN,486,1163,4921892
ECU,BUN,2496,7565,32005242
ECU,BUN,1308,4676,19784025
ECU,BUN,452,5807,24568337
ECU,BUN,60,365,1545400
ECU,BUN,3039,11399,48223243
ECU,BUN,1107,8921,37739622
ECU,BUN,15432,41315,174788456
ECU,BUN,1198,4152,17566635
ECU,BUN,1320,1763,7457635
ECU,BUN,3609,11280,47719800
ECU,BUN,292,4188,17717964
ECU,BUN,1830,8315,35176422
ECU,BUN,7463,426025,1857214213
ECU,BUN,41,262,1106646
ECU,BUN,9699,33093,139898835
ECU,BUN,5693,15329,64803141
ECU,BUN,1852,5882,24865212
ECU,BUN,112549,327506,1394169618
ECU,BUN,14437,22712,96013538
ECU,BUN,1209,3346,14143452
ECU,BUN,149,675,2855221
ECU,BUN,720,4702,19875497
ECU,BUN,5648,24960,105514471
ECU,BUN,1830,3992,16876925
ECU,BUN,11644,77636,328199172
ECU,BUN,1171,14512,61153975
ECU,BUN,327,5101,21496304
ECU,BUN,1434,8474,35823833
ECU,BUN,2754,39442,166734772
ECU,BUN,5485,27283,115334655
ECU,BUN,56629,287400,1218245490
ECU,BUN,344,1272,5378424
ECU,BUN,197,652,2755836
ECU,BUN,855,4025,17015076
ECU,BUN,2911,8127,34354688
ECU,BUN,527,1695,7165976
ECU,BUN,9979,40232,169037762
ECU,BUN,1902,2208,9335810
ECU,BUN,7882,64159,272235012
ECU,BUN,107172,233654,990949987
ECU,BUN,143,1517,6414430
ECU,BUN,290680,198220,843261062
ECU,BUN,344301,230377,974830436
ECU,BUN,699,7619,32106659
ECU,BUN,72,5466,23826388
ECU,BUN,21504,7708,32385435
ECU,BUN,1178,4838,20450929
ECU,BUN,1194,3840,16317441
ECU,BUN,265000,153700,663650471
ECU,BUN,12000,12696,55693035
ECU,BUN,6940,24691,104989460
ECU,BUN,9152,27071,115107010
ECU,BUN,637,2015,8568642
ECU,BUN,53274,139152,590852852
ECU,BUN,10431,18160,77218422
ECU,BUN,7572,21810,92736552
ECU,BUN,262,1574,6693470
ECU,BUN,4416,24668,104889706
ECU,BUN,2808,13478,57040184
ECU,BUN,4992,33024,140318976
ECU,BUN,63000,41559,178202757
ECU,BUN,633,40079,175812376
ECU,BUN,814,40526,177773871
ECU,BUN,1644,42703,187322094
ECU,BUN,893,27048,118650380
ECU,BUN,21372,425911,1868325650
ECU,BUN,8627,347081,1522526997
ECU,BUN,163,778,3307956
ECU,BUN,359,1377,5855255
ECU,BUN,602,2338,9939728
ECU,BUN,7460,22514,95729938
ECU,BUN,324,1127,4790617
ECU,BUN,2942,9293,39319788
ECU,BUN,1624,16195,69563318
ECU,BUN,42296,92328,392445291
ECU,BUN,69,1158,4922687
ECU,BUN,109620,71272,304363560
ECU,BUN,116107,82030,350166884
ECU,BUN,15408,4326,18857718
ECU,BUN,296,3717,16306794
ECU,BUN,3501,43984,192941450
ECU,BUN,69,7159,30263335
ECU,BUN,858,4098,17426468
ECU,BUN,21822,58965,250541988
ECU,BUN,288,1684,7153446
ECU,BUN,296,915,3889917
ECU,BUN,2449,20296,86239064
ECU,BUN,52844,114167,485094946
ECU,BUN,110790,59739,253828972
ECU,BUN,47068,29789,126571719
ECU,BUN,7196,168682,695074423
ECU,BUN,53402,161736,666450577
ECU,BUN,1521,8344,34383525
ECU,BUN,1021,8516,35091035
ECU,BUN,50107,107617,443447774
ECU,BUN,109866,88280,363766850
ECU,BUN,18051,11415,47038567
EGY,BUN,39900,181199,748445355
EGY,BUN,38460,164151,715601918
SLV,BUN,4746,142602,597076000
SLV,BUN,24928,20895,88221077
SLV,BUN,1701000,37890,160175807
SLV,BUN,50,2042,8633387
SLV,BUN,777,14282,60375584
SLV,BUN,108,20088,84813344
SLV,BUN,4,1,6080
SLV,BUN,3824,139576,587963900
SLV,BUN,480,211,888922
SLV,BUN,3270,3115,13123328
SLV,BUN,1200,2019,8505122
SLV,BUN,770,5814,24490717
SLV,BUN,47990,109621,461779810
SLV,BUN,18,60,252750
SLV,BUN,20,22,92675
SLV,BUN,0,5,21062
SLV,BUN,440,61,256962
SLV,BUN,1550,55,231688
SLV,BUN,40,2,10110
SLV,BUN,32,139,583600
SLV,BUN,80,61,256962
SLV,BUN,21600,43883,186013455
SLV,BUN,20000,24400,103001916
SLV,BUN,56,553,2345186
SLV,BUN,139,1906,8079757
SLV,BUN,88,8946,37919904
SLV,BUN,6,1100,4660785
SLV,BUN,557,4732,20057263
SLV,BUN,18000,20628,87438998
SLV,BUN,431,21750,91814557
SLV,BUN,15000,32550,138328060
SLV,BUN,9412,65068,276676693
SLV,BUN,143,13333,56691415
SLV,BUN,564,4743,20804832
SLV,BUN,4571,12516,54904445
SLV,BUN,1298,2843,12471757
SLV,BUN,47,899,3801565
SLV,BUN,30,589,2488960
SLV,BUN,190,1975,8304142
SLV,BUN,49,3298,13943158
SLV,BUN,22,3618,15295923
SLV,BUN,20,11495,48593298
SLV,BUN,13,1298,5488378
SLV,BUN,9,1018,4304709
SLV,BUN,6,1538,6502952
SLV,BUN,1531,6276,26279559
SLV,BUN,80,900,3803679
SLV,BUN,27,728,3079442
SLV,BUN,192,2451,10360022
SLV,BUN,606,11040,46670386
SLV,BUN,4360,20730,86795042
SLV,BUN,1,10326,43233139
SLV,BUN,0,1830,7660428
SLV,BUN,36000,41256,180413726
SLV,BUN,3520,2429,10267485
SLV,BUN,10,24,103437
SLV,BUN,14,131,575530
SLV,BUN,14300,2226,9765539
SLV,BUN,400,106,466565
SLV,BUN,7855,11095,48671221
SLV,BUN,1584,1021,4275105
SLV,BUN,13,435,1820805
SLV,BUN,59,648,2713141
SLV,BUN,200,3540,15054184
SLV,BUN,866,7553,32115228
SLV,BUN,1112,8917,37799436
SLV,BUN,1615,17818,74604730
SLV,BUN,180000,10487,43211459
SLV,BUN,11665,29862,130996239
SLV,BUN,3,20094,84675808
SLV,BUN,5,18978,79972596
SLV,BUN,10928,14408,60714669
SLV,BUN,180000,4536,18691627
SLV,BUN,215000,3524,14522054
SLV,BUN,7229,16210,71109908
SLV,BUN,1170,10990,46492712
SLV,BUN,7056,7014,29732608
SLV,BUN,891,6040,25604053
SLV,BUN,918,3957,16773553
SLV,BUN,63,1224,5189073
SLV,BUN,1000000,35688,150389088
SLV,BUN,1000000,11783,49652281
SLV,BUN,1624,993,4208373
SLV,BUN,196,3051,12933325
SLV,BUN,58,444,1949826
SLV,BUN,4954,36690,160945897
SLV,BUN,9528,9103,38480452
SLV,BUN,783,5737,24022928
SLV,BUN,1132,5439,22773189
SLV,BUN,118,3138,13140931
SLV,BUN,900000,36525,151267139
SLV,BUN,912000,14563,60311686
SLV,BUN,142,400,1756506
SLV,BUN,5,93,408705
SLV,BUN,92,661,2899363
SLV,BUN,78,434,1901924
SLV,BUN,1000,315,1379956
SLV,BUN,1600,1275,5593606
SLV,BUN,11,249,1091752
SLV,BUN,8,93,409933
SLV,BUN,63,407,1785853
SLV,BUN,509,3162,13871979
SLV,BUN,85,1104,4842522
SLV,BUN,64,786,3448836
SLV,BUN,16,128,560045
SLV,BUN,22,360,1578671
SLV,BUN,19,315,1381535
SLV,BUN,55,1025,4496019
SLV,BUN,144,2094,9186631
SLV,BUN,14,178,781966
SLV,BUN,528,7871,34528015
SLV,BUN,302,3537,15515836
SLV,BUN,97,1349,5916639
SLV,BUN,151,1514,6642193
SLV,BUN,556,5484,24055391
SLV,BUN,50,45,199110
SLV,BUN,52,1658,7272731
SLV,BUN,25,810,3551966
SLV,BUN,12,391,1716719
SLV,BUN,1,40990,173063469
SLV,BUN,153,327,1432464
SLV,BUN,60,401,1759182
SLV,BUN,12,2192,9613892
SLV,BUN,48,5856,25689860
SLV,BUN,5124,3306,13842129
SLV,BUN,4640,7528,31519602
SLV,BUN,45,86,378086
SLV,BUN,3,616,2700384
SLV,BUN,1852,18576,78927427
SLV,BUN,254,2550,10833165
SLV,BUN,2,10932,46448751
SLV,BUN,31,142371,604933742
SLV,BUN,1,1009,4289068
SLV,BUN,2,104,442151
SLV,BUN,1,7401,31447444
SLV,BUN,855,5722,23958909
SLV,BUN,12237,38105,159546477
SLV,BUN,1778,7405,31005646
SLV,BUN,109,23095,101309562
SLV,BUN,63,18242,80019916
SLV,BUN,143,22029,93601858
SLV,BUN,47,10514,46122177
SLV,BUN,244,60190,264030872
SLV,BUN,355,102860,451213734
SLV,BUN,173,26911,118048837
SLV,BUN,43,7870,34524769
SLV,BUN,86,21371,86632378
SLV,BUN,186,53426,216576871
SLV,BUN,218,46133,190874659
SLV,BUN,298,77206,323586014
SLV,BUN,442,119289,499847295
SLV,BUN,53,8263,34883076
SLV,BUN,617,140005,582107751
SLV,BUN,423,107285,444848452
SLV,BUN,849,237254,988568139
SLV,BUN,82,12789,53546499
SLV,BUN,267,48965,201398946
SLV,BUN,553,3661,15453665
SLV,BUN,10234,27543,116269914
SLV,BUN,3853,14979,63232074
SLV,BUN,11560,33796,141505572
SLV,BUN,1877,7646,32013334
SLV,BUN,481,2670,11180698
SLV,BUN,464,1430,5988304
SLV,BUN,214,49241,211953451
SLV,BUN,152,39221,165592734
SLV,BUN,63,19342,81662187
SLV,BUN,286,44058,186018108
SLV,BUN,38105,65816,277794708
SLV,BUN,280000,137480,580191721
SLV,BUN,24380,59317,249716565
SLV,BUN,4686,56894,239748640
SLV,BUN,151,668,2815943
SLV,BUN,657,30693,129339760
SLV,BUN,12000,370,1560560
SLV,BUN,440,2100,8848410
SLV,BUN,485,2765,11652175
SLV,BUN,22444,96583,406997527
SLV,BUN,784,2267,9553070
SLV,BUN,140000,68740,284681898
SLV,BUN,280000,137480,575494030
SLV,BUN,529,22226,94439974
SLV,BUN,11389,49747,211373941
SLV,BUN,30,15,63735
SLV,BUN,1,500,2124500
SLV,BUN,4,2,8498
SLV,BUN,4,2,10622
SLV,BUN,21690,23616,98881266
SLV,BUN,1368,1358,5756316
SLV,BUN,3660,3498,14646161
SLV,BUN,34957,83366,353156761
SLV,BUN,1116,4223,17956576
SLV,BUN,1379,7660,32493277
SLV,BUN,16588,28473,120112436
SLV,BUN,28000,23156,101578727
SLV,BUN,26,356,1500258
SLV,BUN,41646,78104,329725920
SLV,BUN,17341,32727,138250544
SLV,BUN,911,2273,9578101
SLV,BUN,540,9405,39760294
SLV,BUN,126000,102909,444377072
SLV,BUN,100000,29971,121495241
SLV,BUN,1000,2177,9114535
SLV,BUN,27027,33783,141450512
SLV,BUN,26592,47219,199828080
SLV,BUN,22458,41958,177564405
SLV,BUN,1421,12043,50966715
SLV,BUN,4118,9939,42062100
SLV,BUN,1072,11492,48635915
SLV,BUN,24160,12974,54652638
SLV,BUN,11,24068,101386450
SLV,BUN,14,7118,29984575
SLV,BUN,1253,41589,175948870
SLV,BUN,274,727,3080796
SLV,BUN,28,1410,5976227
SLV,BUN,1642,5713,24218373
SLV,BUN,1949,2407,10204777
SLV,BUN,1072,11492,48714984
SLV,BUN,100392,71794,302537762
SLV,BUN,27426,90346,381884088
SLV,BUN,438,12809,56187675
SLV,BUN,4164,19118,80797639
SLV,BUN,3126,7039,29921920
SLV,BUN,1170,7534,31934548
SLV,BUN,1356,12731,54033494
SLV,BUN,1467,33967,143413408
SLV,BUN,1128,6125,25893313
SLV,BUN,3285,24068,101746344
SLV,BUN,13728,16269,68117251
SLV,BUN,2940,6351,26590570
SLV,BUN,988,5778,24427804
SLV,BUN,1218,9960,41702285
SLV,BUN,150,4245,17772392
SLV,BUN,83721,68513,287346733
SLV,BUN,770,15953,69981484
SLV,BUN,1156,13780,60446815
SLV,BUN,396,1212,5073735
SLV,BUN,36,1946,8148382
SLV,BUN,593,2176,9110096
SLV,BUN,1077,2114,8852302
SLV,BUN,15673,17472,76642978
SLV,BUN,25016,167209,707394079
SLV,BUN,480,926,3911344
SLV,BUN,8200,3342,14200158
SLV,BUN,10092,7049,29939576
SLV,BUN,102099,72999,310399381
SLV,BUN,119564,106629,453394489
SLV,BUN,16347,24975,106118775
SLV,BUN,41480,86850,380979666
SLV,BUN,13740,639382,2778495968
SLV,BUN,1200,9372,39821628
SLV,BUN,412,16331,68108544
SLV,BUN,1214,79421,333834121
SLV,BUN,907,73093,313630960
SLV,BUN,3393,126294,548455115
SLV,BUN,1255,11832,50276292
SLV,BUN,70,1194,5039064
SLV,BUN,5973,9758,41198648
SLV,BUN,250,1705,7198663
SLV,BUN,10416,28021,122920091
SLV,BUN,28000,23157,98408665
SLV,BUN,21168,23953,101130075
SLV,BUN,2,34,147392
SLV,BUN,2,224,982612
SLV,BUN,4,440,1930130
SLV,BUN,1321,17878,73666425
SLV,BUN,863,17936,73907646
SLV,BUN,3460,42378,174625035
SLV,BUN,60702,67573,276646458
ARE,BUN,19250,78898,333533250
ARE,BUN,24521,39955,169769517
ARE,BUN,2616,27615,121137046
ARE,BUN,16194,76544,335774302
ARE,BUN,19738,86876,357985002
ARE,BUN,38449,161583,678894309
ARE,BUN,5727,153710,647729624
ARE,BUN,23109,32738,138500145
ARE,BUN,16400,28372,119939509
ARE,BUN,75000,55125,233034874
ARE,BUN,19223,88261,365527789
ESP,BUN,6471,109949,467514064
ESP,BUN,20929,84945,360930583
ESP,BUN,21700,82595,362318157
ESP,BUN,86724,406837,1728938842
ESP,BUN,151817,726122,3125082252
ESP,BUN,21684,98955,420461495
ESP,BUN,41885,155731,683138334
ESP,BUN,21120,28512,121167732
ESP,BUN,10897,61796,255922152
ESP,BUN,8386,44371,183757982
ESP,BUN,60923,257543,1105939684
ESP,BUN,23180,27360,114556594
ESP,BUN,53000,33590,141497875
ESP,BUN,20255,30169,127377078
ESP,BUN,76604,127668,539120492
ESP,BUN,201360,177641,755132744
ESP,BUN,3,8,33777
ESP,BUN,22344,123570,517390082
ESP,BUN,140000,99400,419675746
ESP,BUN,500000,425000,1798587250
ESP,BUN,95799,127893,542993800
ESP,BUN,22250,36241,158978042
ESP,BUN,42600,40896,172760653
ESP,BUN,125000,113750,480865612
ESP,BUN,500000,425000,1801511250
ESP,BUN,150000,129000,545924130
ESP,BUN,100000,86000,363949420
ESP,BUN,21532,111687,460220098
USA,BUN,288031,1122696,4716773672
USA,BUN,19233,110921,469415191
USA,BUN,58408,235326,992067118
USA,BUN,33000,5070,21405996
USA,BUN,1000,380,1604394
USA,BUN,239854,1104254,4704492161
USA,BUN,130000,7670,32383430
USA,BUN,19227,69834,287759254
USA,BUN,19275,132027,544034539
USA,BUN,136694,539006,2221038698
USA,BUN,488,1810,7625600
USA,BUN,2929,11137,46977899
USA,BUN,10625,35782,151270282
USA,BUN,1464,5035,21343881
USA,BUN,4882,17140,72428051
USA,BUN,488,1901,8079974
USA,BUN,1464,5684,24156202
USA,BUN,6780,23273,98903076
USA,BUN,1464,5477,23275237
USA,BUN,488,1901,8079974
USA,BUN,3905,14738,62631801
USA,BUN,3417,11907,50600022
USA,BUN,2441,9128,38791778
USA,BUN,6346,21361,90778905
USA,BUN,1953,6714,28531703
USA,BUN,1953,6193,26319304
USA,BUN,153672,700204,2991043601
USA,BUN,19215,82350,349904003
USA,BUN,104582,389747,1637990692
USA,BUN,76886,310348,1309496444
USA,BUN,115300,440446,1861937016
USA,BUN,19223,99232,408897858
USA,BUN,18115,109350,464704259
USA,BUN,562587,2288339,9678390921
USA,BUN,6267,16823,71493721
USA,BUN,14260,79543,338224803
USA,BUN,6340,38127,160611715
USA,BUN,900,4907,20669305
USA,BUN,40020,180206,785589513
USA,BUN,10000,116276,479130035
USA,BUN,236395,1004341,4204190274
USA,BUN,3629,100191,416288300
USA,BUN,15000,190935,806145092
USA,BUN,38635,145011,616150124
USA,BUN,249956,1181703,5016063649
USA,BUN,76883,307805,1274753772
USA,BUN,394903,1840676,7729335338
USA,BUN,96198,438532,1846360797
USA,BUN,19223,86221,365477504
USA,BUN,2283,71392,313171202
USA,BUN,462413,1747839,7407691505
USA,BUN,1200,11159,48951748
USA,BUN,2099,8960,39304167
USA,BUN,11,50,219333
USA,BUN,173283,764031,3239511555
USA,BUN,19265,75387,306134278
USA,BUN,264844,1096790,4459357096
USA,BUN,19591,23675,96139094
USA,BUN,1251408,1034035,4414101327
USA,BUN,1124690,967230,4129782820
USA,BUN,40000,38400,160781184
USA,BUN,1053504,906134,3824523442
USA,BUN,23000,24380,98830669
USA,BUN,743281,639222,2729193620
USA,BUN,116470,140308,569768519
USA,BUN,2448,3233,13432090
USA,BUN,53876,67163,272739474
USA,BUN,441577,395137,1661143431
USA,BUN,524853,451374,1905423917
USA,BUN,331807,298714,1251662671
USA,BUN,124965,107470,468504282
USA,BUN,1005000,753750,3175171875
USA,BUN,6308000,4576530,19278632625
USA,BUN,124965,107470,453672361
USA,BUN,39182,47349,196093770
USA,BUN,24993,17765,73811553
USA,BUN,97958,118175,489414112
USA,BUN,24993,17765,73811553
USA,BUN,100000,106000,436785720
USA,BUN,124965,107470,456971687
USA,BUN,414951,349246,1484685299
USA,BUN,19285,89305,376991487
USA,BUN,299986,230455,964789156
USA,BUN,14880,65266,265034131
USA,BUN,68040,44486,187792924
USA,BUN,18000,30226,128451734
USA,BUN,156312,112985,495626429
USA,BUN,19295,30447,128549974
USA,BUN,153504,113884,478487799
USA,BUN,12437,54204,237773290
USA,BUN,99812,404664,1708243381
USA,BUN,14137,245461,1040470664
USA,BUN,16128,79800,338260230
USA,BUN,32987,456179,1970806548
USA,BUN,78624,120135,504749630
USA,BUN,167040,151480,653278193
USA,BUN,57741,222830,957030395
USA,BUN,14137,219404,920510106
USA,BUN,52920,80860,354704889
USA,BUN,61992,94722,399856815
USA,BUN,3240,1892,7988727
USA,BUN,16128,79800,328825476
USA,BUN,8621,149685,616794675
USA,BUN,83200,145382,637739562
USA,BUN,642005,2567130,10856137906
USA,BUN,15727,120550,507994126
USA,BUN,19210,91782,402617349
USA,BUN,4045,25861,108977773
USA,BUN,76896,325569,1384350135
USA,BUN,423621,1705136,7190695586
USA,BUN,765809,3389686,14308341572
USA,BUN,153715,635550,2695290842
USA,BUN,57735,234425,1003954050
USA,BUN,96036,382586,1553618493
USA,BUN,19200,95026,385885569
USA,BUN,168178,730982,3104763846
USA,BUN,5505,28331,116740750
USA,BUN,153538,706735,2969370027
USA,BUN,76886,353906,1500155550
USA,BUN,198634,925518,4005912250
USA,BUN,4072,24238,103005533
USA,BUN,19250,66480,278352341
USA,BUN,38532,139977,614030322
USA,BUN,79139,318671,1319385103
USA,BUN,19310,106437,447197618
USA,BUN,87067,330576,1394521091
USA,BUN,4074,19669,82355430
USA,BUN,115199,493234,2090742821
USA,BUN,76968,354761,1543275944
USA,BUN,38457,206699,865451827
USA,BUN,3808,10584,44600658
USA,BUN,1360,4520,19047144
USA,BUN,4998,11372,47954336
USA,BUN,19209,90605,381805530
USA,BUN,14518,29676,125138839
USA,BUN,13090,39351,166143464
USA,BUN,2176,5926,24971986
USA,BUN,799663,699664,2917550522
USA,BUN,76911,328861,1386898226
USA,BUN,250000,226125,939535808
USA,BUN,2722,33537,141882221
USA,BUN,49378,188714,788188806
USA,BUN,11920,84092,355874821
USA,BUN,174883,130305,552344706
USA,BUN,19266,75179,311347199
USA,BUN,38477,156208,643673026
USA,BUN,19307,119605,504013694
USA,BUN,38495,91515,401445190
USA,BUN,49986,36990,155873233
USA,BUN,14544,59179,248641756
USA,BUN,184056,69318,302592600
USA,BUN,13728,3675,15939429
USA,BUN,1149377,1101667,4691354406
USA,BUN,298713,509419,2143880200
USA,BUN,9180,33615,141475563
USA,BUN,916804,2525657,10713260890
USA,BUN,46997,69184,298390467
USA,BUN,38459,173304,725625372
USA,BUN,134606,532480,2249721045
USA,BUN,44903,71173,295083471
USA,BUN,198000,160380,664202543
USA,BUN,970921,866437,3595391314
USA,BUN,568910,537444,2279661650
USA,BUN,2438,18089,76505553
USA,BUN,146966,81751,342293092
USA,BUN,2508,8767,36933690
USA,BUN,1030,3021,12649376
USA,BUN,132459,216189,911893155
USA,BUN,18264,25912,108679082
USA,BUN,3259,5267,22122261
USA,BUN,202,1232,5213787
USA,BUN,96,1848,7820681
USA,BUN,67,1382,5850275
USA,BUN,2132,4552,19293889
USA,BUN,96,864,3656422
USA,BUN,23988,97859,414436290
USA,BUN,273226,234974,998490215
USA,BUN,24680,25248,110753470
USA,BUN,8802,19334,82209823
USA,BUN,686,1000,4213970
USA,BUN,30,38359,161641990
USA,BUN,26,17600,74165872
USA,BUN,7020,9106,38442088
USA,BUN,300,2093,8819839
USA,BUN,237500,41828,177855358
USA,BUN,184905,88977,383725879
USA,BUN,59000,58540,242439312
USA,BUN,1490182,1411618,5958547868
USA,BUN,3488,8278,35174922
USA,BUN,654000,559860,2308026957
USA,BUN,1349000,1215808,5076338945
USA,BUN,2132,5937,25225633
USA,BUN,15855,57860,245849094
USA,BUN,300000,306000,1291959540
USA,BUN,5,8,35093
USA,BUN,20579,56860,240628121
USA,BUN,19960,20344,86504519
USA,BUN,12000,18970,80662147
USA,BUN,125868,39626,167641898
USA,BUN,9084,2129,9008915
USA,BUN,74979,55484,235792864
USA,BUN,64800,16288,68907118
USA,BUN,119496,38219,167655732
USA,BUN,2475,74093,313561046
USA,BUN,850,53208,225176014
USA,BUN,325820,336436,1419765363
USA,BUN,53463,66034,279452214
USA,BUN,592204,1640576,6937998242
USA,BUN,19360,24328,102953589
USA,BUN,10040,18844,80066329
USA,BUN,32962,47779,203013821
USA,BUN,10000,9120,37893053
USA,BUN,691,8064,34263936
USA,BUN,2987,22200,94328140
USA,BUN,4511,14769,62753481
USA,BUN,3841,11661,49545634
USA,BUN,77436,306965,1280529581
USA,BUN,531867,466526,1969288499
USA,BUN,5148,7463,31709820
USA,BUN,49365,54788,240338478
USA,BUN,22392,13158,57718093
USA,BUN,116083,66536,278107279
USA,BUN,20000,21000,88493370
USA,BUN,18137,17641,74654321
USA,BUN,228000,196700,819964592
USA,BUN,30000,30600,129174534
USA,BUN,49360,52639,230910931
USA,BUN,50592,22802,96655868
USA,BUN,1960,458836,1938353033
USA,BUN,41100,37104,157681240
USA,BUN,227052,70940,288076904
USA,BUN,48684,23473,97272730
USA,BUN,104724,25919,105253424
USA,BUN,37236,12800,51977325
USA,BUN,76975,70817,298420714
USA,BUN,9723,19437,85263510
USA,BUN,6313,14842,65109001
USA,BUN,62806,135569,574658266
USA,BUN,2688,18399,77864524
USA,BUN,960,219427,962552521
USA,BUN,39835,49910,211075636
USA,BUN,57916,196154,829115035
USA,BUN,47160,38483,162449894
USA,BUN,66000,67980,282452820
USA,BUN,1414,5030,21322772
USA,BUN,16072,390969,1650434484
USA,BUN,23360,9686,40244749
USA,BUN,28728,8545,35503630
USA,BUN,16,38,168886
USA,BUN,800,10,43867
USA,BUN,8402,61210,254324376
USA,BUN,44256,16668,69028361
USA,BUN,25452,7775,32201192
USA,BUN,37005,51561,217274611
USA,BUN,57278,125445,540979368
USA,BUN,41604,91256,387813151
USA,BUN,1209,294774,1239244530
USA,BUN,220,25398,107656405
USA,BUN,110,15198,64421618
USA,BUN,135387,592667,2531708964
USA,BUN,24862,26204,109715866
USA,BUN,620,1095,4633288
USA,BUN,30139,47175,199643269
USA,BUN,35710,65758,278287788
USA,BUN,49100,49475,217029696
USA,BUN,15991,41641,176961962
USA,BUN,12000,18970,80616999
USA,BUN,29400,9261,38353783
USA,BUN,55896,14050,58185808
USA,BUN,1183,3867,16965100
USA,BUN,20307,49280,216176228
USA,BUN,6353,109229,479148423
USA,BUN,250,57892,253954714
USA,BUN,23300,24698,104959338
USA,BUN,1060,32,135141
USA,BUN,1000,30,127491
USA,BUN,3,1,5100
USA,BUN,100,5,21249
USA,BUN,435,200,877332
USA,BUN,12,240,1052798
USA,BUN,29594,73918,315091457
USA,BUN,243768,104876,444431498
USA,BUN,302604,85971,363516584
USA,BUN,89352,22115,92915239
USA,BUN,217932,83703,352162081
USA,BUN,168,10618,45146991
USA,BUN,40000,38400,159030912
USA,BUN,141341,124530,524499184
USA,BUN,121057,271490,1140977982
USA,BUN,21328,50145,210079317
USA,BUN,138000,149508,655840763
USA,BUN,17600,24093,105688677
USA,BUN,586688,1250010,5382860837
USA,BUN,100926,241258,1040087537
USA,BUN,5587,1336012,5559764190
USA,BUN,44430,46433,196873049
USA,BUN,308487,1180939,5008211758
USA,BUN,94439,96987,410143027
USA,BUN,39271,67162,280463112
USA,BUN,22000,13970,59216734
USA,BUN,287944,223651,946230103
USA,BUN,13706,27459,115869861
USA,BUN,18825,43164,181704678
USA,BUN,47922,73204,304851854
USA,BUN,11938,18188,76739877
USA,BUN,30829,138701,586816877
USA,BUN,31401,74495,314920771
USA,BUN,38556,80735,354156118
USA,BUN,9600,27396,116405604
USA,BUN,25256,613330,2630806411
USA,BUN,233964,74359,315111593
USA,BUN,217188,56890,240070272
USA,BUN,17092,208356,913985790
USA,BUN,2160,144814,635250659
USA,BUN,239944,161962,686411342
USA,BUN,14040,40794,172206455
USA,BUN,17649,32436,137119622
USA,BUN,24686,27398,120186281
USA,BUN,10,7,27901
USA,BUN,5,5,19446
USA,BUN,2,5,21137
USA,BUN,540,89,374547
USA,BUN,80,208,861417
USA,BUN,1992,35443,150597137
USA,BUN,5518,21246,90274679
USA,BUN,4800,1136803,4830276797
USA,BUN,17000,137700,585087300
USA,BUN,10000,35000,148715000
USA,BUN,12861,20150,85616415
USA,BUN,95000,196508,809735001
USA,BUN,240,55166,227319771
USA,BUN,494,2850,11745333
USA,BUN,22200,124729,513961389
USA,BUN,58088,311128,1271525047
USA,BUN,49986,50486,213423420
USA,BUN,27925,74988,313975380
USA,BUN,119136,36007,146219686
USA,BUN,70740,56686,233582784
USA,BUN,16513,32325,133199783
USA,BUN,58895,169798,699671799
USA,BUN,156680,556037,2257971690
USA,BUN,13882,114250,470780835
USA,BUN,24681,25251,107311255
PHL,BUN,20000,19600,82739244
PHL,BUN,10000,10800,47081519
PHL,BUN,7980,192598,793621522
PHL,BUN,50000,43000,188626380
PHL,BUN,4694,87188,353440686
PHL,BUN,50000,43000,181200710
PHL,BUN,10257,181931,798069616
FIN,BUN,15400,275814,1165973345
FIN,BUN,105141,487926,2010557758
FRA,BUN,19205,75363,319453131
FRA,BUN,39093,167627,721957211
FRA,BUN,38357,156102,663277526
FRA,BUN,19237,79732,323213865
FRA,BUN,64958,296437,1292288548
FRA,BUN,600000,650000,2751709299
FRA,BUN,232500,234682,992850130
FRA,BUN,75000,82500,349025325
FRA,BUN,11664,76896,337316607
FRA,BUN,75000,82500,359650499
FRA,BUN,19240,81611,343904536
FRA,BUN,39170,157739,665176473
FRA,BUN,21591,17705,75047228
FRA,BUN,340000,320859,1357864816
FRA,BUN,60000,59700,252567416
FRA,BUN,190000,165965,705303120
FRA,BUN,300000,286392,1212002352
FRA,BUN,24687,29785,126577060
FRA,BUN,20000,17670,71629939
FRA,BUN,60000,77400,328872600
FRA,BUN,349450,308739,1311832351
FRA,BUN,13000,82058,348662615
FRA,BUN,40000,35340,150159660
FRA,BUN,49900,44087,178716698
GAB,BUN,92405,149630,633229332
GRC,BUN,75280,301218,1273012354
GRC,BUN,19903,80007,337148025
GRC,BUN,81454,343726,1471465316
GRC,BUN,19231,77586,325979949
GRC,BUN,19991,85162,345827024
GTM,BUN,552000,182160,762705742
GTM,BUN,50000,38799,164856951
GTM,BUN,720,1008,4245652
GTM,BUN,876,7503,31607104
GTM,BUN,48729,93400,395264051
GTM,BUN,13899,27505,116398811
GTM,BUN,5664,20108,84706130
GTM,BUN,29,21,88462
GTM,BUN,18,38,160918
GTM,BUN,10,10,42125
GTM,BUN,0,4,16850
GTM,BUN,3279,284,1194496
GTM,BUN,1500,54,227475
GTM,BUN,1620,33,139855
GTM,BUN,50,40,168500
GTM,BUN,25000,71263,302074227
GTM,BUN,437,3551,15050758
GTM,BUN,101,1296,5494355
GTM,BUN,144,14164,60038054
GTM,BUN,26,3413,14466220
GTM,BUN,20,2107,8930155
GTM,BUN,791,6346,26898386
GTM,BUN,1008,597,2530000
GTM,BUN,16000,55706,234661525
GTM,BUN,37,751,3175573
GTM,BUN,49,967,4088689
GTM,BUN,159,1586,6705444
GTM,BUN,53,1419,5999427
GTM,BUN,33,2218,9376140
GTM,BUN,6,1418,5994143
GTM,BUN,1,2236,9451937
GTM,BUN,7,1338,5655952
GTM,BUN,2,498,2104944
GTM,BUN,16,3218,13603530
GTM,BUN,1,1178,4979570
GTM,BUN,194,2709,11453648
GTM,BUN,24,498,2104987
GTM,BUN,16060,55728,233334531
GTM,BUN,320,239,1009289
GTM,BUN,570,17955,76108552
GTM,BUN,314,41884,177965116
GTM,BUN,2,2874,12182455
GTM,BUN,18000,24415,100605761
GTM,BUN,53,90,393352
GTM,BUN,26,21,91155
GTM,BUN,30,167,731168
GTM,BUN,1430,11100,48693944
GTM,BUN,50,147,645234
GTM,BUN,300,509,2230704
GTM,BUN,11996,85305,360165725
GTM,BUN,99,3500,14778835
GTM,BUN,1260,9139,38740546
GTM,BUN,22900,65461,275754842
GTM,BUN,21216,20792,88132813
GTM,BUN,358,2389,10127333
GTM,BUN,563,2879,12204285
GTM,BUN,77,1510,6399561
GTM,BUN,8392,6290,26664444
GTM,BUN,6452,4661,19757661
GTM,BUN,84,18812,78766953
GTM,BUN,96,7828,32774407
GTM,BUN,710,20794,87063011
GTM,BUN,15350,39399,172832035
GTM,BUN,11200,4106,17004712
GTM,BUN,11200,4106,17004712
GTM,BUN,872,2735,11450132
GTM,BUN,3,4,15073
GTM,BUN,1,12,49030
GTM,BUN,2,100,418701
GTM,BUN,3,1,4564
GTM,BUN,2,5,21019
GTM,BUN,623,2679,11217000
GTM,BUN,35673,104864,439933229
GTM,BUN,5837,22606,95253745
GTM,BUN,5654,20012,84080991
GTM,BUN,228,60275,256107795
GTM,BUN,143,22029,93601858
GTM,BUN,324,70580,298464636
GTM,BUN,97,24279,101989038
GTM,BUN,325,92700,390510150
GTM,BUN,190,29197,124057841
GTM,BUN,450,250,1055522
GTM,BUN,159,41120,166689882
GTM,BUN,212,59928,242935594
GTM,BUN,36,5633,22835600
GTM,BUN,25,4609,18682118
GTM,BUN,866,187351,787615352
GTM,BUN,76,19610,82108438
GTM,BUN,63,17360,72685028
GTM,BUN,109,23095,96698661
GTM,BUN,152,34357,145032439
GTM,BUN,70,16912,70809038
GTM,BUN,24555,79573,342353412
GTM,BUN,3670,14392,60628069
GTM,BUN,271,1471,6451900
GTM,BUN,2336,7051,30929901
GTM,BUN,19140,37405,157569405
GTM,BUN,1705,375983,1594393297
GTM,BUN,889,219808,930597345
GTM,BUN,552,150713,638288466
GTM,BUN,73,11363,47977677
GTM,BUN,145,26666,113106409
GTM,BUN,25,764,3233667
GTM,BUN,1713,366501,1563474543
GTM,BUN,392,102170,437922380
GTM,BUN,244,67994,287030542
GTM,BUN,159,24475,106960629
GTM,BUN,7,1296,5469613
GTM,BUN,13600,8631,36584327
GTM,BUN,36000,71030,299318963
GTM,BUN,19609,17759,75076121
GTM,BUN,14260,9187,38836609
GTM,BUN,16500000,2225574,9395014815
GTM,BUN,1620,1600,6783135
GTM,BUN,5313,29974,126710139
GTM,BUN,1,1125,4780125
GTM,BUN,10,13765,58487485
GTM,BUN,1,2600,11047400
GTM,BUN,3,15684,66641316
GTM,BUN,140,10465,44359565
GTM,BUN,280,8339,35036811
GTM,BUN,321,8239,34615901
GTM,BUN,805,24064,101107298
GTM,BUN,108,4109,17265515
GTM,BUN,660,203188,858046764
GTM,BUN,6,515,2162696
GTM,BUN,5160,16996,71847664
GTM,BUN,17719,36127,152724948
GTM,BUN,20,287,1208019
GTM,BUN,16407,30121,126927600
GTM,BUN,2778,6043,25465358
GTM,BUN,2943,10242,43157964
GTM,BUN,24689,27432,111202744
GTM,BUN,2082,3958,16630664
GTM,BUN,193,8191,34415993
GTM,BUN,54419,38736,163346474
GTM,BUN,20000,5607,24595125
GTM,BUN,50400,17327,71781328
GTM,BUN,14043,9690,40129090
GTM,BUN,369,13484,56457936
GTM,BUN,323,8434,35311568
GTM,BUN,765,23645,99003359
GTM,BUN,35,1340,5608542
GTM,BUN,108,683,2876295
GTM,BUN,2268,15484,65224665
GTM,BUN,126,344,1448258
GTM,BUN,282,1819,7662116
GTM,BUN,150,677,2853548
GTM,BUN,180,5256,22141742
GTM,BUN,423,16600,69502984
GTM,BUN,223,9486,39719610
GTM,BUN,1,12000,50767319
GTM,BUN,11688,29151,123568666
GTM,BUN,281,1113,4717840
GTM,BUN,720,5368,22754147
GTM,BUN,101,841,3564873
GTM,BUN,1921,6121,25944305
GTM,BUN,17834,41213,174697675
GTM,BUN,4320,7308,30977516
GTM,BUN,80,620,2628087
GTM,BUN,2955,93780,397519353
GTM,BUN,686,3500,14835975
GTM,BUN,522,1416,6002296
GTM,BUN,56,2690,11400938
GTM,BUN,3422,11172,47355712
GTM,BUN,3008,3741,15857665
GTM,BUN,11,130,551050
GTM,BUN,864,13,54935
GTM,BUN,30390,20969,87784395
GTM,BUN,41008,93781,398017792
GTM,BUN,7973,21022,88627966
GTM,BUN,350,3500,14743750
GTM,BUN,1602,11521,48533055
GTM,BUN,1536,1759,7410630
GTM,BUN,5730,9117,39992126
GTM,BUN,2610,1522,6676804
GTM,BUN,190,12608,53111200
GTM,BUN,281,1113,4699186
GTM,BUN,2730,11472,48638018
GTM,BUN,256,3013,12736365
GTM,BUN,168,1561,6590682
GTM,BUN,2308,15973,67525580
GTM,BUN,2493,16490,69902134
GTM,BUN,5530,10157,42936839
GTM,BUN,4968,10349,43751161
GTM,BUN,14506,50546,217358423
GTM,BUN,391,2465,10420812
GTM,BUN,24360,50184,220137952
GTM,BUN,14136,23913,101198189
GTM,BUN,96,215,943132
GTM,BUN,1440,3225,13970066
GTM,BUN,1019,7384,31216823
GTM,BUN,67,1595,6743744
GTM,BUN,540,2708,11879075
GTM,BUN,0,94,397706
GTM,BUN,0,280,1188020
GTM,BUN,76256,56925,237527898
GTM,BUN,25200,8673,36851917
GTM,BUN,1698,7429,31566671
GTM,BUN,10588,48158,211254527
GTM,BUN,20172,95303,410033924
GTM,BUN,32242,31979,140281088
GTM,BUN,1675,7330,31146785
GTM,BUN,20,93,395157
GTM,BUN,1360,460,1946081
GTM,BUN,1908,897,3796380
GTM,BUN,29708,20651,87452547
GTM,BUN,21283,21198,92987848
GTM,BUN,280575,187224,821288778
GTM,BUN,3012,8882,37413824
GTM,BUN,41350,89084,375265592
GTM,BUN,620,28510,125063677
GTM,BUN,2810,99697,437336579
GTM,BUN,924,1985,8399453
GTM,BUN,12,27229,115417951
GTM,BUN,13,6255,26512311
GTM,BUN,819,5546,23464317
GTM,BUN,5385,14422,60892502
GTM,BUN,3876,14892,62873675
GTM,BUN,21000,15295,64262990
GTM,BUN,598,476,2088445
GTM,BUN,3,7,29743
GTM,BUN,0,1,4249
GTM,BUN,1560,798,3500642
GTM,BUN,200,12,50988
GTM,BUN,576,1312,5756702
GTM,BUN,11,38,164500
GTM,BUN,10,29,127213
GTM,BUN,8,80,350933
GTM,BUN,15,44,190820
GTM,BUN,4,301,1321262
GIN,BUN,115406,204670,866159331
GUY,BUN,371000,265955,1090269446
GUY,BUN,25950,18695,77035650
GUY,BUN,106000,81874,342808932
GUY,BUN,265000,190914,799358660
GUY,BUN,26500,8639,36297018
GUY,BUN,265000,190914,799358618
GUY,BUN,26500,8639,35777814
GUY,BUN,53000,36856,156428032
GUY,BUN,992,70442,307086686
GUY,BUN,20,10,43594
GUY,BUN,9,30,130781
GUY,BUN,11,80,350060
GUY,BUN,10,753,3282628
GUY,BUN,25,5,21797
HTI,BUN,249800,168415,734188177
HTI,BUN,250000,168550,734776870
HTI,BUN,625000,444962,1864662878
HTI,BUN,168000,65016,269259213
HTI,BUN,100000,71020,300675766
HTI,BUN,500000,352504,1491785295
HTI,BUN,91159,149678,628633826
HTI,BUN,675000,488002,2066140826
HTI,BUN,530000,370046,1572325454
HTI,BUN,14216,26258,110648317
HTI,BUN,180873,306951,1292268333
HTI,BUN,69745,114566,484841779
HTI,BUN,175000,135012,572297736
HTI,BUN,14216,26258,111120952
HTI,BUN,105509,179055,757753442
HTI,BUN,11761,30888,130717089
HTI,BUN,84000,32508,134629606
HTI,BUN,800000,562976,2382497543
HTI,BUN,125000,81954,346450463
HND,BUN,10,736,3113587
HND,BUN,250,121,510079
HND,BUN,1620,549,2324621
HND,BUN,209,451,1907180
HND,BUN,604,1415,5987391
HND,BUN,1,23,99028
HND,BUN,24,376,1589570
HND,BUN,46,1545,6536574
HND,BUN,192,2678,11333427
HND,BUN,1273,762,3225142
HND,BUN,98800,19934,84360598
HND,BUN,170,475,2011921
HND,BUN,85074,30393,128623195
HND,BUN,96670,21751,91070608
HND,BUN,22440,5049,21140213
HND,BUN,76,20674,87845016
HND,BUN,630,178636,759026488
HND,BUN,109,23095,101309562
HND,BUN,63,18242,80019916
HND,BUN,143,22029,93601858
HND,BUN,215,47486,201203691
HND,BUN,76,17178,72516219
HND,BUN,126,35853,151350762
HND,BUN,106,24391,102962235
HND,BUN,152,37853,159199829
HND,BUN,126,36483,153383090
HND,BUN,169,36166,153742312
HND,BUN,188,47801,203169084
HND,BUN,326,88992,377251173
HND,BUN,143,22029,93669928
HND,BUN,106,24391,103711026
HND,BUN,126,35110,149290455
HND,BUN,78,17695,75197004
HND,BUN,302,75620,321363920
HND,BUN,77,21092,89634331
HND,BUN,8,1184,5030849
HND,BUN,1,182,772597
HND,BUN,299,65601,273182762
HND,BUN,256,64334,266433039
HND,BUN,442,118603,495838929
HND,BUN,231,35667,144766422
HND,BUN,31,5640,23327285
HND,BUN,80,2486,10571334
HND,BUN,296,67250,295002973
HND,BUN,43,10924,47921190
HND,BUN,311,84750,371768777
HND,BUN,74,11453,50241163
HND,BUN,25,4548,19948775
HND,BUN,25000,8350,35082776
HND,BUN,20996,8438,35671731
HND,BUN,50000,17300,71646739
HND,BUN,240,768,3246636
HND,BUN,25000,8650,35823370
HND,BUN,28000,20011,81260295
HND,BUN,17472,10883,46007531
HND,BUN,302762,287349,1205756993
HND,BUN,594,3133,13195825
HND,BUN,192,1503,6332904
HND,BUN,2466,12138,51129556
HND,BUN,1380,3113,13113934
HND,BUN,2740,17214,72511953
HND,BUN,570,4771,20096405
HND,BUN,604,13334,56170023
HND,BUN,4094,21649,91194475
HND,BUN,5022,26027,109639959
HND,BUN,245300,30909,130204710
HND,BUN,48916,45599,188846723
HND,BUN,28000,19499,82494695
HND,BUN,23400,21765,88383193
HND,BUN,23400,14852,60206768
HND,BUN,8800,18210,76734877
HND,BUN,12240,26594,112067835
HND,BUN,15381,67510,284987348
HND,BUN,6286,272654,1191518697
HND,BUN,11,38,163478
HND,BUN,7,51,222765
HND,BUN,48400,21419,90405713
HND,BUN,16000,36878,161771248
HND,BUN,10,119,493079
HND,BUN,26803,43138,185608510
HND,BUN,13302,27448,115062357
HND,BUN,80000,25244,104020931
HKG,BUN,56000,284081,1161092205
HKG,BUN,19370,256652,1125847256
HKG,BUN,27600,21528,87421548
HKG,BUN,150,22832,96177694
HKG,BUN,1102,169488,715473260
HKG,BUN,5236,22521,92799535
HKG,BUN,876,3999,16480378
HKG,BUN,288000,334560,1400806066
HKG,BUN,146880,348839,1460592381
HUN,BUN,17161,42474,179748567
IND,BUN,220320,59131,249089422
IND,BUN,24400,22577,95699033
IND,BUN,8700,13122,55755378
IND,BUN,1470,19786,81531411
IND,BUN,10000,220650,894461576
IND,BUN,2,39277,166489312
IND,BUN,27844,164842,695976789
IND,BUN,25798,46560,204243898
IND,BUN,78676,422395,1787655126
IND,BUN,25910,131761,556214146
IND,BUN,177334,915132,4014372237
IND,BUN,25492,35865,152502909
IND,BUN,22786,40464,170512649
IND,BUN,21119,36705,155587032
IND,BUN,22100,39214,166620286
IND,BUN,21570,28251,119751328
IND,BUN,299112,51826,219684378
IDN,BUN,8351,46496,197706792
IDN,BUN,8143,39064,166102878
IDN,BUN,100000,170740,692138982
IDN,BUN,13000,57362,232532024
IDN,BUN,75000,126897,537897348
IRQ,BUN,23508,45720,200558095
IRL,BUN,19247,95599,402711209
IRL,BUN,19210,70281,296162320
ISR,BUN,57953,221094,940056900
ISR,BUN,38500,173243,713867170
ISR,BUN,19250,93365,395759425
ISR,BUN,38381,149178,627183386
ISR,BUN,19962,75166,319380546
ISR,BUN,38492,158390,673112374
ISR,BUN,38500,153993,654314302
ISR,BUN,57653,230686,1011941619
ISR,BUN,19259,75688,321831635
ISR,BUN,38492,156992,637519326
ISR,BUN,19265,74771,317703169
ISR,BUN,38623,145859,601029471
ISR,BUN,75000,55875,235373438
ISR,BUN,49950,40709,171487716
ISR,BUN,13000,44533,186458902
ISR,BUN,250,11,45327
ISR,BUN,100,80,339912
ISR,BUN,20000,36500,154717262
ISR,BUN,19000,33946,148910438
ISR,BUN,50000,36000,157919760
ITA,BUN,19957,78756,330895781
ITA,BUN,80838,331411,1417312830
ITA,BUN,39786,164021,675866647
ITA,BUN,19213,76243,314166618
ITA,BUN,19280,90893,376427204
ITA,BUN,21023,90377,375512051
ITA,BUN,40000,38000,165657200
ITA,BUN,200000,200000,846121999
ITA,BUN,19950,74329,315877502
ITA,BUN,62923,241373,1010630662
ITA,BUN,61846,248890,1049326464
ITA,BUN,63088,239363,1011881556
ITA,BUN,20993,105521,444507465
ITA,BUN,200000,148000,623450000
ITA,BUN,140000,99400,419675746
ITA,BUN,19241,70288,297133943
ITA,BUN,19247,70310,298795920
ITA,BUN,52000,45240,191454323
ITA,BUN,24975,22061,93805357
ITA,BUN,300000,252000,1066456440
JAM,BUN,189,55317,235210822
JAM,BUN,26500,19500,81644601
JAM,BUN,53000,38999,163289161
JAM,BUN,106000,75162,310520560
JAM,BUN,980500,696577,2852434381
JAM,BUN,742000,527139,2154875196
JAM,BUN,26500,18826,76450810
JAM,BUN,159000,112958,468667331
JAM,BUN,79500,61406,253029968
JAM,BUN,15913,62621,264925071
JAM,BUN,3989,16225,68642536
JAM,BUN,132500,71351,300567141
JAM,BUN,79500,60579,256091059
JAM,BUN,53000,38160,167394946
JAM,BUN,265000,193980,850924307
JAM,BUN,106000,78631,331986314
JAM,BUN,58000,43862,184710832
JAM,BUN,20000,5954,25296846
JAM,BUN,265000,183731,776702973
JAM,BUN,20500,14821,60081993
JAM,BUN,550,4628,19617398
JAM,BUN,56,1299,5506266
JAM,BUN,106000,81874,332478020
JAM,BUN,35000,26748,115201224
JAM,BUN,22000,16064,70467131
JAM,BUN,5272,203394,860756375
JAM,BUN,9366,22083,93454170
JAM,BUN,1267,2939,12438606
JAM,BUN,360,648,2753352
JAM,BUN,456,2610,11089890
JAM,BUN,24,149,632251
JAM,BUN,2474,13440,57106985
JAM,BUN,326,2857,12139393
JAM,BUN,22000,16280,68577646
JAM,BUN,2860,75787,322017646
JAM,BUN,14000,11512,48950910
JAM,BUN,40,20,84639
JPN,BUN,87125,321534,1303420492
JPN,BUN,43,58412,247601529
JPN,BUN,94292,370718,1560503481
JPN,BUN,121080,1037924,4373075653
JPN,BUN,41760,471470,2003277730
JPN,BUN,2632,33020,139967293
JPN,BUN,153612,562164,2316464263
JPN,BUN,28800,5175,21590969
JPN,BUN,258490,45432,189870967
JPN,BUN,8400,1503,6102453
JPN,BUN,65240,11384,46230032
JPN,BUN,36720,166433,701721013
JPN,BUN,105033,459639,1936906685
JPN,BUN,4500,810,3413316
JPN,BUN,36430,6442,27146816
JPN,BUN,18900,3384,13820612
JPN,BUN,157420,27494,112584001
JPN,BUN,216104,924324,3887053187
JPN,BUN,21600,55686,229459856
JPN,BUN,124112,502622,2100410013
JPN,BUN,23850,155025,680041966
JPN,BUN,69550,364978,1536869507
JPN,BUN,2765,91266,385817187
JPN,BUN,78699,292347,1187172199
JPN,BUN,1902,60838,250688302
JPN,BUN,3507,58614,242746524
JPN,BUN,1000,8876,36759333
JPN,BUN,25156,50021,219424681
JPN,BUN,709120,131048,553991005
JPN,BUN,99400,17892,75841504
JPN,BUN,34934,133583,541515003
JPN,BUN,300,57,240961
JPN,BUN,2100,22176,97278572
JPN,BUN,50455,282532,1192678013
JPN,BUN,124620,22468,94983112
JPN,BUN,2400,432,1823640
JPN,BUN,576540,79652,337905490
JPN,BUN,157575,590911,2486375965
JPN,BUN,204689,857517,3711754582
JPN,BUN,136977,509391,2151982798
JPN,BUN,131073,541939,2281068872
JPN,BUN,104933,386333,1568833976
JPN,BUN,39780,182940,741595260
JPN,BUN,161498,629855,2651008930
JPN,BUN,25880,102570,416518074
JPN,BUN,153708,571197,2406167531
JPN,BUN,25730,43336,183693108
JPN,BUN,12524,124656,530049084
JPN,BUN,20568,153869,654265729
JPN,BUN,2104,74216,313738497
JPN,BUN,18953,79551,338256778
JOR,BUN,38466,154341,653166482
LVA,BUN,7810,36752,161216423
LVA,BUN,12170,66659,292410544
LVA,BUN,450000,312750,1320458648
LBN,BUN,38523,173338,737047841
LBN,BUN,39125,152743,646855051
LBR,BUN,13978,23995,101546120
LBR,BUN,5224,13412,56760874
LBY,BUN,19257,86079,377598385
LTU,BUN,19804,44625,195754702
MAC,BUN,19277,78898,319832259
MKD,BUN,25000,18500,77931250
MKD,BUN,25000,17625,74245312
MYS,BUN,21836,3863,16307652
MYS,BUN,12877,4149,17513872
MYS,BUN,21230,4034,17151655
MYS,BUN,29329,112902,479004539
MYS,BUN,19214,75127,317590029
MYS,BUN,19212,75119,319412408
MYS,BUN,19231,78858,335310973
MYS,BUN,19952,76616,325540024
MYS,BUN,173225,683595,2775964465
MYS,BUN,19057,91715,385341307
MYS,BUN,19209,91409,400978054
MYS,BUN,50434,358299,1454990435
MYS,BUN,80570,129309,525103288
MYS,BUN,75412,390049,1711012829
MYS,BUN,132256,206185,897492034
MYS,BUN,56262,90639,383167290
MYS,BUN,24788,39438,166720652
MYS,BUN,25206,39284,172323577
MYS,BUN,25524,184330,808592994
MYS,BUN,41,23898,101617382
MYS,BUN,23620,34249,145175907
MYS,BUN,16107,13008,55311825
MYS,BUN,53110,227519,967430372
MYS,BUN,24110,34456,142696574
MYS,BUN,960,952,4012069
MYS,BUN,10000,16699,73252835
MLI,BUN,22724,40890,171206839
MLT,BUN,130000,96590,408765982
MEX,BUN,58,3637,15465702
MEX,BUN,22119,49205,209223238
MEX,BUN,200000,49200,207327324
MEX,BUN,604,1472,6065553
MEX,BUN,21504,46201,190725695
MEX,BUN,233100,36732,155041470
MEX,BUN,83200,13760,58326576
MEX,BUN,900000,221400,947923608
MEX,BUN,37800,91372,388414935
MEX,BUN,18400,36298,150323555
MEX,BUN,616800,105445,447154202
MEX,BUN,491780,137026,579890006
MEX,BUN,1,235743,1027698034
MEX,BUN,16831,41905,172675858
MEX,BUN,2940,11171,46030292
MEX,BUN,10925,22022,93197586
MEX,BUN,18163,38937,163029902
MEX,BUN,10400,34943,147658562
MEX,BUN,260,1060,4650737
MEX,BUN,5803,14809,64963452
MEX,BUN,117,783,3435018
MEX,BUN,186,5945,26078211
MEX,BUN,3720,64728,274372283
MEX,BUN,640,11235,46528966
MEX,BUN,18480,49981,211024491
MEX,BUN,768,12351,52250233
MEX,BUN,114,2050,8447271
MEX,BUN,89,6580,27113680
MEX,BUN,42400,12508,51540715
MEX,BUN,291840,47435,195462434
MEX,BUN,373232,65502,269909758
MEX,BUN,4836,77998,321398718
MEX,BUN,700,1900,7829178
MEX,BUN,4667,55912,230392806
MEX,BUN,51,10786,44443071
MEX,BUN,2,9803,40392790
MEX,BUN,18498,96490,406606302
MEX,BUN,38,469,1976352
MEX,BUN,941,11850,49937314
MEX,BUN,108000,22720,96537280
MEX,BUN,79500,12720,54047280
MEX,BUN,3489,20858,88415290
MEX,BUN,23862,177027,750392510
MEX,BUN,10498,31348,132097930
MEX,BUN,453,1379,5810095
MEX,BUN,3887,7837,33022944
MEX,BUN,4521,56140,236572234
MEX,BUN,1987,23733,100011751
MEX,BUN,206,2466,10390597
MEX,BUN,774,7989,33666123
MEX,BUN,15875,21552,91357815
MEX,BUN,5900,4130,17506450
MEX,BUN,178,3025,12822521
MEX,BUN,1206,2508,10568300
MEX,BUN,37900,89338,378688262
MEX,BUN,3655,50042,212122651
MEX,BUN,2,1,3815
MEX,BUN,40,30,127166
MEX,BUN,20,280,1186878
MEX,BUN,47531,317503,1390839193
MEX,BUN,72459,127325,533111048
MEX,BUN,42466,252362,1055234758
MEX,BUN,15608,30996,135969966
MEX,BUN,51854,104860,450366241
MEX,BUN,74753,56999,250036988
MEX,BUN,7150,6376,27969344
MEX,BUN,357,8350,36628611
MEX,BUN,73800,104632,458987202
MEX,BUN,3380,31390,137699451
MEX,BUN,10450,4420,19389037
MEX,BUN,2223,13684,57774488
MEX,BUN,1728000,50730,214185444
MEX,BUN,30000,90,388810
MEX,BUN,3000,96,414731
MEX,BUN,1,117517,499692860
MEX,BUN,3,21600,91197144
MEX,BUN,22052,43796,192117810
MEX,BUN,10000,30,131600
MEX,BUN,1000,32,140373
MEX,BUN,5844,11606,47822597
MEX,BUN,16342,32190,132643747
MEX,BUN,10000,30,123619
MEX,BUN,1000,32,131860
MEX,BUN,3554,24357,101984468
MEX,BUN,7595,31500,131889936
MEX,BUN,18953,100156,421906013
MEX,BUN,6720,8580,37635788
MEX,BUN,57764,225225,950920431
MEX,BUN,100330,140565,592130526
MEX,BUN,9,1527,6472978
MEX,BUN,4,142,603782
MEX,BUN,260,9531,40399547
MEX,BUN,1367,48952,207502050
MEX,BUN,1718,10709,45391980
MEX,BUN,40320,40473,171226409
MEX,BUN,28272,50013,211789248
MEX,BUN,30,13216,57974099
MEX,BUN,731,12428,51211271
MEX,BUN,8,474,1951155
MEX,BUN,21,1012,4168749
MEX,BUN,45,1112,4582954
MEX,BUN,6,96,394343
MEX,BUN,180,3074,12666909
MEX,BUN,973,16614,68458085
MEX,BUN,48,817,3366093
MEX,BUN,122,56,230590
MEX,BUN,35,599,2469941
MEX,BUN,1,649902,2678000786
MEX,BUN,93,1580,6512516
MEX,BUN,10,167,688885
MEX,BUN,1,2438,10046525
MEX,BUN,2,7168,29536769
MEX,BUN,59839,277604,1178053958
MEX,BUN,19142,80814,335776781
MEX,BUN,1172,12202,51844556
MEX,BUN,23032,37488,159286597
MEX,BUN,2203,17740,75378110
MEX,BUN,16111,79974,339807911
MEX,BUN,47,554,2284472
MEX,BUN,5688,55900,230341216
MEX,BUN,8136,30000,123616622
MEX,BUN,50762,119379,491914176
MEX,BUN,13,314,1293669
MEX,BUN,21,390,1606918
MEX,BUN,29916,12563,52602453
MEX,BUN,38952,24394,102136624
MEX,BUN,55824,25039,104838041
MEX,BUN,46000,90439,383355660
MEX,BUN,20000,38278,162254700
MEX,BUN,1491,20758,87990684
MEX,BUN,662,18151,76939621
MEX,BUN,36296,237543,1006908594
MEX,BUN,86433,495014,2098290645
MEX,BUN,16191,15220,64513347
MEX,BUN,46186,56024,237475722
MEX,BUN,800,68184,289021748
MEX,BUN,201,45490,191694844
MEX,BUN,8156,8136,33804467
MEX,BUN,11948,14502,60253735
MEX,BUN,2412,2270,9429927
MEX,BUN,3344800,53517,216944263
MEX,BUN,177144,47238,199810349
MEX,BUN,9776,20093,85374307
MEX,BUN,92000,180133,759802738
MEX,BUN,20000,45483,190437776
MEX,BUN,18646,256512,1103444404
MEX,BUN,2561,61158,268278475
MEX,BUN,60381,189308,798611407
MEX,BUN,1949,6732,28399559
MEX,BUN,2091,9256,39156453
MEX,BUN,102132,191635,810286218
MEX,BUN,12,100,423053
MEX,BUN,230,1287,5432985
MEX,BUN,819,1587,6691982
MEX,BUN,3556,41335,174140134
MEX,BUN,706,149367,633142612
MEX,BUN,91848,612289,2578297191
MEX,BUN,23590,185798,784207779
MEX,BUN,448,2229,9410194
MEX,BUN,2303,55477,233841018
MEX,BUN,20000,114000,500079240
MEX,BUN,75200,247345,1057862985
MEX,BUN,24957,68187,287335906
MEX,BUN,30135,76700,323172827
MEX,BUN,1672,5859,24680700
MEX,BUN,2754,4080,17186073
MEX,BUN,47820,119451,507630749
MEX,BUN,34,48,198789
MEX,BUN,92,974,4034581
MEX,BUN,7500,375,1553036
MEX,BUN,3344800,53517,227430880
MEX,BUN,406000,4430,18346535
MEX,BUN,7000,140,579800
MEX,BUN,399148,375199,1645870972
MEX,BUN,46196,54326,238311841
MEX,BUN,54211,42935,188341730
MEX,BUN,27900,10602,44852927
MEX,BUN,24000,5280,22337621
MEX,BUN,525910,290832,1245982639
MEX,BUN,9048,5666,23869331
MEX,BUN,1187,3399,14076721
MEX,BUN,500,10,41414
MEX,BUN,7873,73854,323971466
MEX,BUN,5659,37463,164335294
MEX,BUN,3667,34386,150838375
MEX,BUN,820,614,2542838
MEX,BUN,2000,995,4120723
MEX,BUN,2400,204552,897300076
MEX,BUN,36,9288,39293906
MEX,BUN,40,1097,4541492
MEX,BUN,100,14378,59545481
MEX,BUN,280,31963,138497784
MEX,BUN,630,33603,143481013
MEX,BUN,450,2460,10189989
MEX,BUN,391692,103054,438413418
MEX,BUN,272940,103077,438046338
MEX,BUN,2,23,100560
MEX,BUN,9776,17520,72193262
MEX,BUN,23000,51773,213337106
MEX,BUN,4982,91573,377339225
MEX,BUN,8184,31712,134162670
MEX,BUN,2521,8776,37129060
MEX,BUN,41235,75884,321037174
MEX,BUN,47535,306746,1263983414
MEX,BUN,26924,190882,786550703
MEX,BUN,194,6883,28361774
MEX,BUN,500,2888,12217959
MEX,BUN,1263,4750,20097217
MEX,BUN,1678,5550,23481747
MEX,BUN,2051,63082,259936415
MEX,BUN,16134,62265,256569580
MEX,BUN,525,4779,19693638
MOZ,BUN,19068,37449,158086834
MOZ,BUN,3917,8721,36814742
MOZ,BUN,299662,588539,2519459956
MOZ,BUN,5942,11671,51195612
MOZ,BUN,117540,230850,951245127
NIC,BUN,9150,153450,647280350
NIC,BUN,13689,102003,429689533
NIC,BUN,501,15640,65884342
NIC,BUN,4850,6615,27987135
NIC,BUN,11040,21288,90060591
NIC,BUN,878,11301,47810589
NIC,BUN,70130,207250,876794261
NIC,BUN,2,42,177686
NIC,BUN,3,5,21999
NIC,BUN,0,12,50767
NIC,BUN,4006,415,1754984
NIC,BUN,2700,94,397677
NIC,BUN,3290,69,293604
NIC,BUN,58,174,736126
NIC,BUN,100,80,338449
NIC,BUN,2436,29451,121357369
NIC,BUN,1073,78325,331362655
NIC,BUN,62,2184,9241344
NIC,BUN,2073,37318,157879596
NIC,BUN,412896,37033,156054434
NIC,BUN,6312,32672,138115933
NIC,BUN,7744,55044,230469778
NIC,BUN,500,3204,13544558
NIC,BUN,2880,6106,25564208
NIC,BUN,102,1448,6349997
NIC,BUN,2,5,21758
NIC,BUN,50,336,1474093
NIC,BUN,3,4,15660
NIC,BUN,1,8,32900
NIC,BUN,50,70,306145
NIC,BUN,5,3,11318
NIC,BUN,50,78,340185
NIC,BUN,4,52,226790
NIC,BUN,12000,10920,46163099
NIC,BUN,50,403,1768921
NIC,BUN,50,258,1133908
NIC,BUN,2,103,453581
NIC,BUN,50,88,385544
NIC,BUN,0,4,19257
NIC,BUN,0,7,29478
NIC,BUN,3,11,47639
NIC,BUN,3,4,17678
NIC,BUN,7,40,173273
NIC,BUN,9,17,74398
NIC,BUN,2,6,27197
NIC,BUN,2,10,42638
NIC,BUN,3,8,33997
NIC,BUN,10,31,136074
NIC,BUN,7,6,26539
NIC,BUN,177,30197,132465200
NIC,BUN,80,2132,9352622
NIC,BUN,15,5894,25853526
NIC,BUN,549,1291,5662388
NIC,BUN,3,3,12239
NIC,BUN,5,2,9080
NIC,BUN,5,9,38778
NIC,BUN,5,8,33997
NIC,BUN,50,72,317506
NIC,BUN,40,46,194460
NIC,BUN,100,25,105685
NIC,BUN,25,270,1141395
NIC,BUN,1,14,59183
NIC,BUN,100,15,63411
NIC,BUN,242,1691,7126666
NIC,BUN,22141,51519,217100363
NIC,BUN,4713,16127,67960338
NIC,BUN,501,1920,8091876
NIC,BUN,6833,16321,68776626
NIC,BUN,76,18850,80094840
NIC,BUN,32,7495,31844725
NIC,BUN,30,8144,34603983
NIC,BUN,19,5603,23806637
NIC,BUN,214,48706,205608710
NIC,BUN,152,36105,152411428
NIC,BUN,143,22029,92993634
NIC,BUN,323,72237,292832758
NIC,BUN,440,107240,434723358
NIC,BUN,156,37710,152867695
NIC,BUN,429,66087,267902661
NIC,BUN,3150,8861,37340072
NIC,BUN,68,11119,46198778
NIC,BUN,2,12211,50735141
NIC,BUN,4,15994,66452448
NIC,BUN,36088,71419,301536095
NIC,BUN,18570,74871,318180887
NIC,BUN,20500,15098,66228213
NIC,BUN,4108,7405,31304203
NIC,BUN,3788,8335,35235634
NIC,BUN,5947,49946,211141010
NIC,BUN,2250,38116,161130690
NIC,BUN,60000,17985,72906874
NIC,BUN,9032,15595,65996303
NIC,BUN,8782,17484,73991721
NIC,BUN,49000,35318,151949211
NIC,BUN,60000,29520,129494203
NIC,BUN,1174,52641,222774117
NIC,BUN,32,68,285743
NIC,BUN,50,25,105799
NIC,BUN,34,88,374106
NIC,BUN,0,8,33856
NIC,BUN,7,22,95219
NIC,BUN,20,58,245454
NIC,BUN,30,352,1491769
NIC,BUN,30,45,190439
NIC,BUN,3,336,1421942
NIC,BUN,2,220,931033
NIC,BUN,10,753,3186673
NIC,BUN,50,10,42320
NGA,BUN,21317,40798,170819959
NGA,BUN,66643,119090,501667468
NGA,BUN,21317,40798,171859890
NGA,BUN,45965,79515,327651099
NOR,BUN,41951,194820,820679334
NOR,BUN,62981,292483,1239792116
NOR,BUN,20809,107303,449278064
NOR,BUN,105267,395682,1673976776
NOR,BUN,42146,158420,673127430
NOR,BUN,105298,391156,1588417410
NOR,BUN,18106,139647,590793475
NOR,BUN,41857,179365,761132089
NOR,BUN,83845,327834,1393979460
NOR,BUN,62923,228127,964382560
NCL,BUN,8908,18812,82521848
NZL,BUN,38510,148071,625953357
NZL,BUN,19298,129806,537582918
NZL,BUN,19231,79443,348490790
NZL,BUN,17638,106238,450325929
NZL,BUN,693,5424,22990293
NZL,BUN,108,952,4037081
NZL,BUN,19384,109221,460255745
NZL,BUN,19215,76928,325453254
OMN,BUN,10679,62740,275217820
OMN,BUN,19258,84016,354723493
NLD,BUN,20971,73848,311792353
NLD,BUN,24658,50302,213223989
NLD,BUN,95727,648169,2632105054
NLD,BUN,62914,276707,1172918534
NLD,BUN,115237,507092,2149487730
NLD,BUN,191472,829894,3370059873
NLD,BUN,126277,489271,2065745816
NLD,BUN,18878,99832,413445873
NLD,BUN,21021,87472,360439738
NLD,BUN,57643,227476,997858774
NLD,BUN,20994,81921,337567330
NLD,BUN,40270,172402,731783598
NLD,BUN,176404,638651,2687341914
NLD,BUN,20994,105850,450083599
NLD,BUN,95871,440571,1932636543
NLD,BUN,95815,294275,1195001723
NLD,BUN,20988,83286,353037963
NLD,BUN,60000,63000,267687000
NLD,BUN,9466,19898,83315218
NLD,BUN,23881,22495,95351405
NLD,BUN,24896,19717,83838969
NLD,BUN,475000,498750,2160620699
NLD,BUN,74975,67897,287028621
NLD,BUN,49000,88082,380886092
NLD,BUN,22795,25301,106616433
NLD,BUN,75000,67920,288640303
NLD,BUN,2312,39641,173892072
NLD,BUN,38535,173646,756994203
NLD,BUN,185000,194250,819501848
NLD,BUN,22000,43450,190600377
NLD,BUN,13724,12008,52677207
PAK,BUN,3584,22336,92502028
PAK,BUN,1760,2157,9087963
PSE,BUN,19008,42900,182414661
PAN,BUN,1984,9295,39292280
PAN,BUN,3099,7272,30740650
PAN,BUN,25000,12400,52235000
PAN,BUN,6113,12386,52359734
PAN,BUN,5,62,262809
PAN,BUN,10050,191,808518
PAN,BUN,358,1596,6766858
PAN,BUN,10,244,1035000
PAN,BUN,174,1993,8446714
PAN,BUN,11200,2333,9887626
PAN,BUN,30,9,36878
PAN,BUN,7342,6481,27471012
PAN,BUN,136000,45424,198021386
PAN,BUN,1,6,24103
PAN,BUN,19,16936,70138182
PAN,BUN,232,44,180898
PAN,BUN,1,23,94010
PAN,BUN,446,8012,33181800
PAN,BUN,1,48,200031
PAN,BUN,13,241,998706
PAN,BUN,6,734,3040224
PAN,BUN,1,24,98359
PAN,BUN,2,194,804680
PAN,BUN,4,172,712160
PAN,BUN,1,85,350779
PAN,BUN,33,11938,49439480
PAN,BUN,2,2128,8811058
PAN,BUN,4,5811,24066512
PAN,BUN,15,160,664534
PAN,BUN,109,1267,5246943
PAN,BUN,18,82,341005
PAN,BUN,484,16941,70160877
PAN,BUN,7,5987,24795777
PAN,BUN,27,1015,4202640
PAN,BUN,51,2210,9152395
PAN,BUN,10,35,143293
PAN,BUN,2,862,3569333
PAN,BUN,17,2669,11054015
PAN,BUN,28,20699,85724536
PAN,BUN,2,1110,4598437
PAN,BUN,3,5767,23882094
PAN,BUN,967,11271,47579287
PAN,BUN,2369,7769,32278898
PAN,BUN,6049,16867,71305120
PAN,BUN,39600,9734,42699748
PAN,BUN,171,291,1230234
PAN,BUN,2000,940,3978052
PAN,BUN,2000,1140,4824446
PAN,BUN,300,480,2031346
PAN,BUN,45360,23587,99820323
PAN,BUN,425,969,4088585
PAN,BUN,75,222,936811
PAN,BUN,26000,35611,150328257
PAN,BUN,480,2088,8871440
PAN,BUN,2400,6155,26155053
PAN,BUN,3504,8902,37832406
PAN,BUN,167,496,2105859
PAN,BUN,192,337,1433767
PAN,BUN,145,494,2100249
PAN,BUN,2782,6338,26933557
PAN,BUN,461,3205,13620746
PAN,BUN,176,24696,105010975
PAN,BUN,12,1705,7249813
PAN,BUN,726,3193,13444856
PAN,BUN,48519,133982,562662602
PAN,BUN,18988,70127,294753195
PAN,BUN,1923,8590,36186764
PAN,BUN,2834,10918,45882463
PAN,BUN,2676,10370,43698869
PAN,BUN,6815,23122,97436679
PAN,BUN,170,170,717755
PAN,BUN,1701,5635,23736806
PAN,BUN,7285,26010,109565946
PAN,BUN,263,1280,5390189
PAN,BUN,4243,23040,97055115
PAN,BUN,179,1069,4504005
PAN,BUN,14400,20,84250
PAN,BUN,600,120,505500
PAN,BUN,600,120,505500
PAN,BUN,21883,82312,358829494
PAN,BUN,15,3480,15266805
PAN,BUN,28,6767,29685493
PAN,BUN,156,45241,198455306
PAN,BUN,78,45,196391
PAN,BUN,46,235,1025287
PAN,BUN,1,22,95689
PAN,BUN,3,106,462096
PAN,BUN,1200,685,2869609
PAN,BUN,7644,26538,111115123
PAN,BUN,90,435,1821098
PAN,BUN,26,1384,5794361
PAN,BUN,11470,28870,120880235
PAN,BUN,17628,15908,67591562
PAN,BUN,6032,25229,105633405
PAN,BUN,3744,4400,18616376
PAN,BUN,888,1332,5635173
PAN,BUN,318,5883,24888679
PAN,BUN,423,26060,110249697
PAN,BUN,2794,10457,44144553
PAN,BUN,3,21543,87330152
PAN,BUN,56,102358,433175477
PAN,BUN,204,537530,2274811342
PAN,BUN,116,3433,15059228
PAN,BUN,157,3910,17150086
PAN,BUN,1114,6274,26992588
PAN,BUN,216,1646,7097455
PAN,BUN,2541,18443,80773825
PAN,BUN,1666,8070,35100556
PAN,BUN,469,18083,79323753
PAN,BUN,35,1581,6935836
PAN,BUN,443657,388851,1638349632
PAN,BUN,1344,7524,31806121
PAN,BUN,252,431,1821667
PAN,BUN,240,1253,5296074
PAN,BUN,1045,4360,18430363
PAN,BUN,3,163707,690609665
PAN,BUN,548,3386,14315042
PAN,BUN,158,2203,9312264
PAN,BUN,5,882,3869034
PAN,BUN,8,882,3869034
PAN,BUN,73,2375,10418756
PAN,BUN,646,5593,23669239
PAN,BUN,7892,12690,53475954
PAN,BUN,17694,43614,182859485
PAN,BUN,167,1016,4301374
PAN,BUN,77,653,2762630
PAN,BUN,103,6078,26660014
PAN,BUN,25000,8100,34334685
PAN,BUN,56000,43433,187063652
PAN,BUN,23200,14773,59886480
PAN,BUN,28409,40719,171823613
PAN,BUN,38998,23997,100764972
PAN,BUN,86,16515,66946144
PAN,BUN,8,800,3401672
PAN,BUN,40198,40048,167596762
PAN,BUN,0,216,918451
PAN,BUN,8,800,3401672
PAN,BUN,27729,86177,363711534
PAN,BUN,38,430,1828399
PAN,BUN,199,240536,1016839481
PAN,BUN,213070,42475,175023334
PAN,BUN,195,864,3673806
PAN,BUN,275,25159,106977737
PAN,BUN,6,919,3908266
PAN,BUN,13950,165992,696928864
PAN,BUN,10,300,1275627
PAN,BUN,144530,236253,999815524
PAN,BUN,342,706,2973098
PAN,BUN,582,3617,15236276
PAN,BUN,300,677,2852536
PAN,BUN,1250,4791,20183351
PAN,BUN,1466,8850,37281804
PAN,BUN,745,20473,86244324
PAN,BUN,5805,46440,192328009
PAN,BUN,24054,37942,160570887
PAN,BUN,1105,11262,47443281
PAN,BUN,23999,21999,91106904
PAN,BUN,1,550,2316875
PAN,BUN,4,27018,113811893
PAN,BUN,1,9488,39969632
PAN,BUN,500,21180,89604320
PAN,BUN,27210,38232,161796635
PAN,BUN,114579,139914,579061270
PAN,BUN,20000,32810,139076668
PAN,BUN,140,1889,7959009
PAN,BUN,1904,24081,101474631
PAN,BUN,337,7667,32307960
PAN,BUN,100,2676,11277005
PAN,BUN,26624,35357,145694039
PAN,BUN,4,638,2687839
PAN,BUN,444,7725,32552792
PAN,BUN,78600,79386,335119266
PAN,BUN,393,8175,34449247
PAN,BUN,14,1276,5375677
PAN,BUN,2160,1804,7431950
PAN,BUN,20000,5655,23871116
PAN,BUN,28048,21928,93186918
PAN,BUN,4170,33548,147165424
PAN,BUN,5390,89923,394462812
PAN,BUN,508,11274,47754267
PAN,BUN,7720,106294,454166706
PAN,BUN,720,18358,77874856
PAN,BUN,82951,210641,912391960
PAN,BUN,1173,2935,12874803
PAN,BUN,1679,49792,211152447
PAN,BUN,35,1296,5482871
PAN,BUN,220,5510,24171330
PAN,BUN,1395,7845,33190912
PAN,BUN,5476,18041,76512294
PAN,BUN,1943,7483,31796117
PAN,BUN,1584,5311,22409645
PAN,BUN,180,1372,5832167
PAN,BUN,4778,18078,76203549
PAN,BUN,3840,9650,40726084
PAN,BUN,5255,27158,114706667
PAN,BUN,7225,43517,184455903
PAN,BUN,3676,115306,488190955
PAN,BUN,254,3552,14995386
PAN,BUN,1477,32604,139310308
PAN,BUN,4886,14297,60779065
PAN,BUN,42874,68010,297422642
PAN,BUN,294,965,4182444
PAN,BUN,113,1701,7461709
PAN,BUN,4408,45675,200360696
PAN,BUN,144,5400,22845294
PAN,BUN,14000,11065,47014760
PAN,BUN,27300,18198,79829228
PAN,BUN,86,2964,13001797
PAN,BUN,1256,15340,67292110
PAN,BUN,168,2758,11667684
PAN,BUN,3887,13011,55178942
PAN,BUN,9235,77966,331235022
PAN,BUN,2162,60988,259136312
PAN,BUN,1125,3006,12715437
PAN,BUN,5665,43146,183308267
PAN,BUN,172,4473,19005777
PAN,BUN,12850,35008,153570387
PAN,BUN,50,947,4153553
PAN,BUN,4494,28165,123548831
PAN,BUN,321943,82790,354669648
PAN,BUN,292,83267,352384123
PAN,BUN,131188,100083,437025000
PAN,BUN,735,1640,6968360
PAN,BUN,1,17775,75199093
PAN,BUN,3435,163730,709740733
PAN,BUN,1,6647,29159708
PAN,BUN,22000,16280,69008478
PAN,BUN,13413,214515,941002659
PAN,BUN,14000,11065,45594248
PAN,BUN,24000,9608,39589598
PAN,BUN,3,17,73696
PAN,BUN,133,221,968575
PAN,BUN,23,65,285791
PAN,BUN,55,855,3610774
PAN,BUN,50,371,1564580
PAN,BUN,5,79,335023
PAN,BUN,300,441,1873809
PAN,BUN,32,72,305928
PAN,BUN,55,116,509072
PAN,BUN,20,10,43867
PAN,BUN,11,38,164500
PAN,BUN,5,376,1651577
PAN,BUN,67572,67159,276738367
PAN,BUN,480,952,3924149
PAN,BUN,720,1692,6972089
PAN,BUN,15938,14839,61145880
PAN,BUN,7578,260879,1074983967
PAN,BUN,369,12645,52104910
PAN,BUN,45,22,92714
PAN,BUN,20,52,214272
PAN,BUN,4,15,61809
PAN,BUN,8,58,240644
PAN,BUN,40,60,247237
PAN,BUN,60,12,49447
PRY,BUN,307,9812,43042610
PRY,BUN,333,9367,41090722
PRY,BUN,506,15448,67766527
PRY,BUN,12,23,98572
PRY,BUN,156,760,3202342
PRY,BUN,24,42,176925
PRY,BUN,420,2075,8740095
PRY,BUN,2002,12201,51396712
PRY,BUN,492,8031,33830587
PRY,BUN,10,840,3684794
PRY,BUN,120,2706,11871355
PRY,BUN,216,943,4137498
PRY,BUN,425,15044,65991509
PRY,BUN,150,3,13160
PRY,BUN,15,240,1052798
PRY,BUN,15,90,394799
PRY,BUN,60,120,526399
PRY,BUN,13,101,441079
PRY,BUN,572,292,1279676
PRY,BUN,2,39,172834
PRY,BUN,102,714,3132777
PRY,BUN,916,2208,9098782
PRY,BUN,744,2664,10977744
PRY,BUN,1677,8638,35594616
PRY,BUN,715,7624,32031666
PRY,BUN,3621,12031,50549910
PRY,BUN,1246,3875,16282189
PER,BUN,23923,51617,226427458
PER,BUN,243,10411,42203695
PER,BUN,145,6958,28207967
PER,BUN,26000,6667,28183206
PER,BUN,330,1125,4749725
PER,BUN,691,2118,8942387
PER,BUN,1661,8590,36267331
PER,BUN,9341,26380,111376919
PER,BUN,1201,3782,15967480
PER,BUN,868,5521,23310919
PER,BUN,1597,8593,36279913
PER,BUN,96969,102521,424476845
PER,BUN,40950,32887,135516437
PER,BUN,26573,20862,88519076
PER,BUN,25525,65591,270275586
PER,BUN,6500,29250,118572480
PER,BUN,1440,5515,22357297
PER,BUN,2700,12058,49867250
PER,BUN,5880,9957,40362396
PER,BUN,550,6498,26339306
PER,BUN,129201,560317,2349921084
PER,BUN,14090,18880,79052424
PER,BUN,47425,105626,463347104
PER,BUN,500,1606,6724338
PER,BUN,300,1636,6849948
PER,BUN,264,1235,5169785
PER,BUN,500,3066,12837373
PER,BUN,20000,76000,318212760
PER,BUN,11895,42662,175795539
PER,BUN,1080,3701,15249590
PER,BUN,38760,80540,329218922
PER,BUN,52000,18200,76842038
PER,BUN,182000,38455,160359456
PER,BUN,800,7717,31282379
PER,BUN,18200,63091,265772522
PER,BUN,15000,31700,130623654
PER,BUN,832,7907,32852280
PER,BUN,4020,25536,106101213
PER,BUN,34038,148458,611411088
PER,BUN,20500,30570,129329748
PER,BUN,73,1164,4902297
PER,BUN,6200,35595,147157123
PER,BUN,2040,13744,55712932
PER,BUN,1500,18585,75340021
PER,BUN,572,3622,15046771
PER,BUN,1314,6924,28531956
PER,BUN,859,4471,18425146
PER,BUN,540,2380,9807199
PER,BUN,1803,10184,41963282
PER,BUN,1243,5183,21997849
PER,BUN,10800,61504,260199437
PER,BUN,216086,255903,1059803906
PER,BUN,20054,22579,93511377
PER,BUN,16000,30880,130895688
PER,BUN,1400,5922,24006367
PER,BUN,2500,10020,41953840
PER,BUN,3000,5220,21160627
PER,BUN,360,898,3714549
PER,BUN,101,1051,4429304
PER,BUN,1800,3546,14399703
PER,BUN,200,732,2967352
PER,BUN,5242,9892,40871307
PER,BUN,26372,54202,224473250
PER,BUN,11216,29929,124294336
PER,BUN,16755,49038,203087444
PER,BUN,48816,46560,191856067
PER,BUN,17598,34114,138290293
PER,BUN,15313,35513,143962192
PER,BUN,36989,79253,321272560
PER,BUN,1408,5817,24610051
PER,BUN,1150,21720,89501927
PER,BUN,80,169,684275
PER,BUN,18000,2080,8570890
PER,BUN,824,22333,90531001
PER,BUN,4530,77922,315877087
PER,BUN,20,5644,23375887
PER,BUN,70,36236,149314333
PER,BUN,32,15506,63895941
PER,BUN,11,113,464353
PER,BUN,84,15326,63152952
PER,BUN,127,27387,112851214
PER,BUN,517,4401,18324333
PER,BUN,182,962,4088634
PER,BUN,18246,74974,316942647
PER,BUN,30,3,12638
PER,BUN,0,0,632
PER,BUN,25,25,106302
PER,BUN,10,8,31579
PER,BUN,16,26,105884
PER,BUN,10,17,69319
PER,BUN,2,3,12486
PER,BUN,26,44,178203
PER,BUN,83,150,657999
PER,BUN,1190,4266,17579554
PER,BUN,108,370,1524959
PER,BUN,9020,9990,40713689
PER,BUN,1440,5904,25086096
PER,BUN,360,2210,9391990
PER,BUN,53580,230512,977506525
PER,BUN,26712,10240,44917644
PER,BUN,12600,43054,182937296
PER,BUN,900,5562,23632938
PER,BUN,4720,18525,78711025
PER,BUN,54610,64622,272841884
PER,BUN,400,1692,7189308
PER,BUN,49623,105372,447726860
PER,BUN,22,60,257064
PER,BUN,503,1216,5168696
PER,BUN,889,5619,23770698
PER,BUN,346,9616,40681419
PER,BUN,167,6164,26078368
PER,BUN,2124,32232,136404011
PER,BUN,10933,68005,275674246
PER,BUN,408,412,1670190
PER,BUN,4680,17924,78628248
PER,BUN,8940,32686,143383246
PER,BUN,8100,24606,107938156
PER,BUN,63,974,4272519
PER,BUN,1460,8502,37297138
PER,BUN,492567,553574,2348200945
PER,BUN,600,2538,11133343
PER,BUN,44680,89966,377545941
PER,BUN,11529,31125,128901015
PER,BUN,8710,24961,109495640
PER,BUN,24000,32600,143005116
PER,BUN,54000,22360,98085718
PER,BUN,4749,47000,198902928
PER,BUN,4175,31775,134469408
PER,BUN,2494,11241,47572887
PER,BUN,22078,60722,250214183
PER,BUN,52662,119667,495826950
PER,BUN,4329,12459,52077625
PER,BUN,3500,18821,77917511
PER,BUN,8785,38526,162291575
PER,BUN,334,2551,10797448
PER,BUN,76,245,1035224
PER,BUN,11249,45036,185575459
PER,BUN,18835,82449,350326268
PER,BUN,3278,18387,77812767
PER,BUN,52000,9882,40720296
PER,BUN,3000,26130,114623426
PER,BUN,3000,21897,96053817
PER,BUN,1486,5469,23237993
PER,BUN,3750,3176,13932032
PER,BUN,8455,6602,28960729
PER,BUN,10000,12515,54898260
PER,BUN,18000,21240,93172658
PER,BUN,1000,1800,7417116
PER,BUN,3684,6947,29516103
PER,BUN,1672,3209,14076836
PER,BUN,132,2916,12790974
PER,BUN,117000,3711,15291621
PER,BUN,241,3998,16475599
PER,BUN,659,4051,17213039
PER,BUN,38,236,1002552
PER,BUN,2938,17457,73564033
PER,BUN,1502,7534,31746491
PER,BUN,564,4101,17283177
PER,BUN,179,727,3063135
PER,BUN,2727,15741,66332270
PER,BUN,13451,63554,267813217
PER,BUN,1682,13186,55564523
PER,BUN,7091,15573,65881597
PER,BUN,937,7046,29945284
PER,BUN,267442,14543,62387038
PER,BUN,288,2237,9505751
PER,BUN,10200,906027,3834279337
PER,BUN,61145,259890,1098656598
PER,BUN,1452,2540,10700424
PER,BUN,4818,10077,42449868
PER,BUN,4698,16258,69092338
PER,BUN,86,1495,6352339
PER,BUN,169,5731,24150431
PER,BUN,26,434,1836378
PER,BUN,1379,5010,21177110
PER,BUN,54463,60137,249865668
PER,BUN,18900,22606,96068944
PER,BUN,12375,63519,269937117
PER,BUN,790,9711,40921273
PER,BUN,763,7125,31059199
PER,BUN,3253,15567,67000964
PER,BUN,27200,1734,7557587
PER,BUN,4000,343,1495056
PER,BUN,704,8285,35118872
PER,BUN,2312,11694,49566992
PER,BUN,70,186,784181
PER,BUN,538,4482,18945217
PER,BUN,300,2765,11750448
PER,BUN,200,738,3119814
PER,BUN,2305,5418,22905479
PER,BUN,611,666,2817133
PER,BUN,308,6462,27460946
PER,BUN,1728,9500,40371948
PER,BUN,10,17046,74311204
PER,BUN,24,1124,4776759
PER,BUN,192,3524,14973938
PER,BUN,381,6338,26792268
PER,BUN,7,7,30707
PER,BUN,4,1,4130
PER,BUN,18,69,292534
PER,BUN,7255,61860,256190102
PER,BUN,1281,6927,28686485
PER,BUN,50720,139986,593033734
PER,BUN,11976,48455,205918338
PER,BUN,24192,63294,267188828
PER,BUN,4490,20068,84716290
PER,BUN,150,1000,4143294
PER,BUN,204889,256042,1092365814
PER,BUN,96310,83435,354648783
PER,BUN,3200,5349,22745748
PER,BUN,1300,2186,9294176
PER,BUN,21875,54438,231398222
PER,BUN,50,3148,13309515
PER,BUN,50,2718,11490891
PER,BUN,7573,294766,1252460734
PER,BUN,20000,95000,385107200
PER,BUN,97500,7800,32973642
PER,BUN,68688,334215,1410997338
PER,BUN,420,2790,11309990
PER,BUN,2230,8138,34401654
PER,BUN,18671,40285,170302266
PER,BUN,53424,20479,86808257
PER,BUN,78000,14823,62320695
PER,BUN,3205,22344,90577781
PER,BUN,20330,30679,124364979
PER,BUN,15754,26430,112031788
PER,BUN,586,4064,16475697
PER,BUN,36,89,376350
PER,BUN,2980,11261,47594719
PER,BUN,190706,225048,950080125
PER,BUN,16773,63835,270587838
PER,BUN,6504,33063,145034736
PER,BUN,600,2880,12246019
PER,BUN,7000,7441,31541283
PER,BUN,3701,5873,24973162
PER,BUN,14400,24127,102589538
PER,BUN,11000,12650,53621452
PER,BUN,388,3232,13663094
PER,BUN,25000,9835,41517371
PER,BUN,228,2745,11587716
PER,BUN,196,1205,5079014
PER,BUN,11510,47815,209747972
PER,BUN,2000,17420,72143711
PER,BUN,62,10,40538
PER,BUN,48492,62140,262318357
PER,BUN,3619,7241,30565903
PER,BUN,2370,13621,57737673
PER,BUN,37818,71050,301170123
PER,BUN,2444,14058,59590516
PER,BUN,24274,46887,190401598
PER,BUN,26100,89436,379105789
PER,BUN,14130,47665,202045633
PER,BUN,78000,17144,72672540
PER,BUN,486,3675,15142454
PER,BUN,120,2669,11091571
PER,BUN,442,23325,98871091
PER,BUN,15000,3902,16079937
PER,BUN,504,373,1571642
PER,BUN,3720,1814,7690969
PER,BUN,1276,21534,90743461
PER,BUN,87192,67076,283555059
PER,BUN,20,1423,6033410
PER,BUN,24,1922,8147282
PER,BUN,116,5229,22164650
PER,BUN,4,135,571439
PER,BUN,731,12926,54791629
PER,BUN,110,8315,35244130
PER,BUN,158,9240,39166550
PER,BUN,51,2881,12213992
PER,BUN,130,20356,86286285
PER,BUN,537,4665,19775422
PER,BUN,1018,7200,29668464
PER,BUN,47325,95144,403300085
PER,BUN,11722,34762,147348911
PER,BUN,48843,46560,197360856
PER,BUN,30,578,2447936
PER,BUN,19,254,1074972
PER,BUN,93,2241,9500280
PER,BUN,23,207,875874
PER,BUN,23,59,251830
PER,BUN,21600,19789,83883450
PER,BUN,29,665,2819513
PER,BUN,25,2021,8567394
PER,BUN,3,16,69687
PER,BUN,10,105,444740
PER,BUN,192,1798,7620605
PER,BUN,743,11125,47157757
PER,BUN,58,3903,16545249
PER,BUN,32,1625,6889106
PER,BUN,488,16828,71333106
PER,BUN,78,3127,13254418
PER,BUN,11286,20385,86617905
PER,BUN,24,1279,5419709
PER,BUN,21589,7061,29931622
PER,BUN,95,176,744978
PER,BUN,50,673,2852746
PER,BUN,58,7398,31360030
PER,BUN,105,3838,16270359
PER,BUN,60,396,1679771
PER,BUN,2,2,8428
PER,BUN,8,8,33712
PER,BUN,38,51,216181
PER,BUN,0,0,42
PER,BUN,84,320,1356432
PER,BUN,2,2,8428
PER,BUN,4,4,16856
PER,BUN,2610,8944,37910579
PER,BUN,1413,4767,20204563
PER,BUN,25500,63520,278640643
PER,BUN,4914,8476,35857254
PER,BUN,7080,17527,74150367
PER,BUN,1739,10619,44926032
PER,BUN,6070,71022,311547875
PER,BUN,500,824,3616231
PER,BUN,16828,31212,136916695
PER,BUN,4141,6710,29434181
PER,BUN,49116,97440,427435624
PER,BUN,1080,914,4011162
PER,BUN,598240,75097,329426059
PER,BUN,52171,237385,1008648228
PER,BUN,10123,55327,233065830
PER,BUN,5647,22452,94578081
PER,BUN,13050,44718,196162662
PER,BUN,40,931,4084419
PER,BUN,180,840,3684794
PER,BUN,923,2584,11335129
PER,BUN,432,2016,8843507
PER,BUN,630,1940,8510120
PER,BUN,592,1921,8162499
PER,BUN,109677,122619,537887292
PER,BUN,26000,7202,31592725
PER,BUN,720,547,2400380
PER,BUN,19197,39633,173855311
PER,BUN,663,1869,8199018
PER,BUN,1,25,110544
PER,BUN,3,58,252672
PER,BUN,240,108,473759
PER,BUN,6530,100660,441562073
PER,BUN,384,713,3126109
PER,BUN,100,50,219333
PER,BUN,3606,31879,139841194
PER,BUN,16500,2295,10067385
PER,BUN,1059,11800,51762895
PER,BUN,207,1998,8487378
PER,BUN,5000,50,219333
PER,BUN,1305,4472,19616266
PER,BUN,1709,22125,93603812
PER,BUN,771,3326,14059031
PER,BUN,46,1358,5739992
PER,BUN,17,187,790649
PER,BUN,1,7213,30490389
PER,BUN,4,41390,174970404
PER,BUN,228,686,3009951
PER,BUN,156,1258,5518243
PER,BUN,864,4540,19914735
PER,BUN,36,194,852767
PER,BUN,96,630,2765175
PER,BUN,1000,480,2105597
PER,BUN,300,204,894879
PER,BUN,76,1246,5464901
PER,BUN,72,260,1140181
PER,BUN,2,10460,45884464
PER,BUN,360,461,2021373
PER,BUN,7560,77464,319199708
PER,BUN,211740,26122,107640649
PER,BUN,341,5580,22995120
PER,BUN,21975,32419,137771348
PER,BUN,572,2456,10771444
PER,BUN,1929,8287,36353567
PER,BUN,12221,52474,230185772
PER,BUN,550,3743,15174642
PER,BUN,90000,50933,206468618
PER,BUN,2609340,20750,86295729
PER,BUN,258060,18580,78269598
PER,BUN,284460,17868,75440346
PER,BUN,97,61,256619
PER,BUN,672,12901,53161520
PER,BUN,450000,369000,1520508780
PER,BUN,23159,119328,502604502
PER,BUN,226520,16455,67804843
PER,BUN,2736,2735,11570253
PER,BUN,223,377,1601236
PER,BUN,89,165,699173
PER,BUN,45,90,382028
PER,BUN,355,600,2548338
PER,BUN,3398,7311,31064481
PER,BUN,1583,2439,10364203
PER,BUN,394,971,4127309
PER,BUN,1064,1967,8359483
PER,BUN,835,1414,6008681
PER,BUN,90,152,646273
PER,BUN,269,498,2117447
PER,BUN,3102,6724,28568789
PER,BUN,814,9003,37099796
PER,BUN,4,119,506863
PER,BUN,4790,33137,140799750
PER,BUN,10,51,216699
PER,BUN,32,150,638200
PER,BUN,173,1163,4791951
PER,BUN,1317,6007,25522596
PER,BUN,110,930,3833166
PER,BUN,297,2068,8785147
PER,BUN,50,500,2060310
PER,BUN,23,78215,317065487
PER,BUN,96,247023,1011277630
PER,BUN,25,524,2227032
PER,BUN,6600,166164,684963734
PER,BUN,3240,58160,239777946
PER,BUN,248,2593,10969422
PER,BUN,26449,95738,399301392
PER,BUN,25928,18877,79037015
PER,BUN,82030,80677,334010057
PER,BUN,1020,27867,121481918
PER,BUN,8820,60567,257536335
PER,BUN,1000,2830,12033415
PER,BUN,4788,15294,62104304
PER,BUN,1000,2660,11310559
PER,BUN,200,756,3214580
PER,BUN,1200,720,3043721
PER,BUN,2000,9542,40197613
PER,BUN,259520,4347,17947333
PER,BUN,300000,3522,14511134
PER,BUN,135286,157162,648381110
PER,BUN,19150,39862,168641887
PER,BUN,1395,2082,8845356
PER,BUN,2322,3397,14433980
PER,BUN,124,148,628512
PER,BUN,435,669,2841901
PER,BUN,2291,3523,14968887
PER,BUN,9,2688,11362210
PER,BUN,62,457,1943365
PER,BUN,138,1164,4943839
PER,BUN,267,2259,9598788
PER,BUN,42,257,1090123
PER,BUN,189,1163,4942309
PER,BUN,147,961,4083969
PER,BUN,174,1151,4890557
PER,BUN,5952,3951,16703940
PER,BUN,444,21702,89424088
PER,BUN,213,3641,15392434
PER,BUN,91917,297034,1241075489
PER,BUN,2863,8920,37058277
PER,BUN,25392,2690,11373370
PER,BUN,10,4278,17342796
PER,BUN,3,52690,217115468
PER,BUN,1,964,3909041
PER,BUN,10532,28596,118242193
PER,BUN,6840,8440,35678495
PER,BUN,3940,3725,15428690
PER,BUN,25200,24419,101128751
PER,BUN,21450,35026,145058928
PER,BUN,4488,273000,1147019371
PER,BUN,29489,106172,447248834
PER,BUN,2,2,8499
PER,BUN,220,127,537460
PER,BUN,70,260,1053978
PER,BUN,5292,24193,106125588
PER,BUN,16000,168680,711174398
PER,BUN,26000,11544,48853862
PER,BUN,22566,66139,288326357
PER,BUN,11,977,3962145
PER,BUN,10,5,21363
PER,BUN,320,29287,118723604
PER,BUN,2,340,1376981
PER,BUN,1,71,286195
PER,BUN,1,151610,614589418
PER,BUN,1,42,171150
PER,BUN,9487,331610,1413150001
PER,BUN,2,2035,8250293
PER,BUN,6,355,1437301
PER,BUN,1,165,670532
PER,BUN,9,858,3477356
PER,BUN,27,68805,278920092
PER,BUN,1,18967,76889044
PER,BUN,1,89256,361823132
PER,BUN,4,747,3029172
PER,BUN,5,97067,393485390
PER,BUN,4,1152,4671269
PER,BUN,4,4331,17558456
PER,BUN,5,749,3034442
PER,BUN,184,681,2760611
PER,BUN,1000,13075,54935005
PER,BUN,5847,7056,30950211
PER,BUN,1260,22239,91637644
PER,BUN,355000,22915,94422647
PER,BUN,8884,67608,284798405
PER,BUN,15000,7830,32266020
PER,BUN,620000,24095,99284691
PER,BUN,9150,137182,579727325
PER,BUN,808,1914,7772429
PER,BUN,2800,10152,41227333
PER,BUN,37,744,3020242
PER,BUN,25,59482,245100865
PER,BUN,7109,45291,191609404
PER,BUN,1746,487,2059461
PER,BUN,1995,12145,51379912
PER,BUN,9104,2535,10724596
PER,BUN,71916,56553,239252672
PER,BUN,1121,9682,41139413
PER,BUN,2,16770,73564288
PER,BUN,1,45400,199154364
PER,BUN,14600,59934,253559072
PER,BUN,70182,89938,394528304
PER,BUN,5335,18676,79369454
PER,BUN,606,1023,4155610
PER,BUN,995,1680,6823210
PER,BUN,223,361,1466244
PER,BUN,30,65,262573
PER,BUN,248,535,2171610
PER,BUN,250,499,2027166
PER,BUN,50,77,312603
PER,BUN,14,26,105175
PER,BUN,64,192,779639
PER,BUN,846,1539,6248846
PER,BUN,500,924,3751476
PER,BUN,312,531,2155326
PER,BUN,1395,3050,12384516
PER,BUN,3165,25739,104520404
PER,BUN,81,560,2272237
PER,BUN,53,325,1318958
PER,BUN,127,777,3154128
PER,BUN,449,2820,11450363
PER,BUN,2798,59256,240628542
PER,BUN,25,44778,189439270
PER,BUN,184,8944,37689073
PER,BUN,54,1061,4470179
PER,BUN,30074,110429,469290971
PER,BUN,55,942,3957841
PER,BUN,319242,18188,76968954
PER,BUN,308400,8497,35960573
PER,BUN,26040,95872,404713102
PER,BUN,6120,7527,30565705
PER,BUN,902,1482,6016485
PER,BUN,320,471,1913179
PER,BUN,1560,1859,7549611
PER,BUN,1724,2648,10752834
PER,BUN,853,6174,25072214
PER,BUN,51,452,1835536
PER,BUN,30,314,1273923
PER,BUN,57,397,1611743
PER,BUN,36,231,936509
PER,BUN,7384,85064,358456301
PER,BUN,506402,49115,212480512
PER,BUN,4,144918,631754047
PER,BUN,7656,55932,234999976
PER,BUN,1620,2171,9120681
PER,BUN,545325,123609,523108268
PER,BUN,535,2452,10269242
PER,BUN,2140,9726,40629514
PER,BUN,25309,116063,486250030
PER,BUN,9324,93091,408359092
PER,BUN,379,8576,34826084
PER,BUN,1,3950,16698190
PER,BUN,1320,18635,77775402
PER,BUN,440,893,3620332
PER,BUN,30804,99204,402148437
PER,BUN,330600,10654,46736485
PER,BUN,12400,15396,65260826
PER,BUN,3740,3916,16597514
PER,BUN,15405,28828,122198034
PER,BUN,4615,15903,67301781
PER,BUN,283,1227,5191781
PER,BUN,1274,5521,23362971
PER,BUN,12501,56939,240962913
PER,BUN,0,630,2678817
PER,BUN,2003,33966,144322086
PER,BUN,583340,36408,153193321
PER,BUN,2041700,68489,286743007
PER,BUN,2700,1132,4771731
PER,BUN,4137020,86727,363504226
PER,BUN,718360,13550,57099673
PER,BUN,47025,191802,811699633
PER,BUN,7200,86008,374943275
PER,BUN,943,1593,6774940
PER,BUN,1347,2275,9675248
PER,BUN,2853,6083,25864443
PER,BUN,326,467,1983898
PER,BUN,371,741,3151436
PER,BUN,180,444,1886525
PER,BUN,1764,3369,14327162
PER,BUN,135,270,1146746
PER,BUN,1610,3487,14825720
PER,BUN,64,2147,9128599
PER,BUN,2829,20084,85397487
PER,BUN,4,20,84489
PER,BUN,4,24,103538
PER,BUN,2,14,59019
PER,BUN,11,68,290843
PER,BUN,22,128,544735
PER,BUN,6,30,129306
PER,BUN,159,1273,5412826
PER,BUN,141,1060,4506195
PER,BUN,24200,64444,271469929
PER,BUN,11640,67726,295245117
PER,BUN,9250,52545,229065588
PER,BUN,20890,68897,300348536
PER,BUN,29,560,2456530
PER,BUN,99,233486,991470079
PER,BUN,97,1662,7291682
PER,BUN,814,23553,103320231
PER,BUN,113,6024,24419526
PER,BUN,428,26648,116897821
PER,BUN,258,5136,22532079
PER,BUN,3950,95103,385524575
PER,BUN,686,12059,52897856
PER,BUN,680,26791,112894785
PER,BUN,720,12776,52910081
PER,BUN,2221,81104,328774975
PER,BUN,211,4648,18840904
PER,BUN,30582,114912,488614593
PER,BUN,5,284,1243618
PER,BUN,1030,9646,39102569
PER,BUN,8316,61103,247696492
PER,BUN,99476,96469,409898863
PER,BUN,4800,18354,80512758
PER,BUN,15400,38624,163721639
PER,BUN,200,479,2029604
PER,BUN,526,11046,48453730
PER,BUN,8960,33695,147436665
PER,BUN,6200,17481,76682326
PER,BUN,975,5850,24856650
PER,BUN,5300,2995,12620840
PER,BUN,27319,101749,412466999
PER,BUN,0,1,4222
PER,BUN,72,84,359302
PER,BUN,162,214,908459
PER,BUN,2632,3925,16687922
PER,BUN,597,773,3285037
PER,BUN,1032,1484,6310654
PER,BUN,998,1830,7782048
PER,BUN,2742,3271,13907991
PER,BUN,22000,31680,134706211
PER,BUN,279,429,1823679
PER,BUN,904,1390,5912276
PER,BUN,4629,6459,27377715
PER,BUN,32,199,847697
PER,BUN,493,4369,18575383
PER,BUN,37,230,980107
PER,BUN,320,1983,8430746
PER,BUN,124,746,3171634
PER,BUN,75,525,2230902
PER,BUN,23,161,707656
PER,BUN,160,9635,42267224
PER,BUN,60,6451,28297466
PER,BUN,220,885,3881097
PER,BUN,518144,42654,180087380
PER,BUN,7,574,2422720
PER,BUN,2712,7622,32105695
PER,BUN,90,961,4216458
PER,BUN,3,1019,4471235
PER,BUN,2,3568,15063699
PER,BUN,2,1268,5353103
PER,BUN,1,3010,12708491
PER,BUN,4,2867,12102705
PER,BUN,10,480,2026603
PER,BUN,6170,14258,60272097
PER,BUN,2,4211,17777194
PER,BUN,10,1071,4697236
PER,BUN,4,2114,8988961
PER,BUN,326,11451,48691873
PER,BUN,1,200,844418
PER,BUN,25,51024,215427794
PER,BUN,33,3590,15156585
PER,BUN,1,1260,5319833
PER,BUN,5636,198143,829144990
PER,BUN,817105,76351,324650516
PER,BUN,955,6648,28267894
PER,BUN,50,5250,22323472
PER,BUN,105,10075,42839807
PER,BUN,40,80,336205
PER,BUN,1111,1871,7898053
PER,BUN,236,470,1984425
PER,BUN,548,924,3899227
PER,BUN,44,68,285160
PER,BUN,239,489,2064349
PER,BUN,310,666,2813052
PER,BUN,64,118,497784
PER,BUN,177,407,1717208
PER,BUN,417,831,3508346
PER,BUN,493,1211,5114851
PER,BUN,240,423,1786451
PER,BUN,75,149,630358
PER,BUN,478,986,4164838
PER,BUN,99,3328,14050567
PER,BUN,3640,25003,105564367
PER,BUN,140,971,4098087
PER,BUN,599,2484,10485856
PER,BUN,103,588,2481153
PER,BUN,31,160,675323
PER,BUN,282,2098,8858789
PER,BUN,28,1173,4755223
PER,BUN,187,7870,31904064
PER,BUN,1851,2757,11639880
PER,BUN,86,101,424658
PER,BUN,1209,1567,6615888
PER,BUN,1338,1922,8116546
PER,BUN,4125,4902,20697994
PER,BUN,281,2384,10065463
PER,BUN,130,778,3284153
PER,BUN,25,4,19134
PER,BUN,13,33,142961
PER,BUN,3,27,116817
PER,BUN,2,11,46586
PER,BUN,1,9,39875
PER,BUN,2,4,19389
PER,BUN,51,23,99214
PER,BUN,393,368,1563802
PER,BUN,397,884,3757901
PER,BUN,2,7,30168
PER,BUN,15228,28404,120707190
PER,BUN,500,15064,63479244
PER,BUN,14967,57216,241106929
PER,BUN,36000,34884,148222116
PER,BUN,15394,63965,280592751
PER,BUN,21000,635,2690610
PER,BUN,135012,85558,362668079
PER,BUN,402,2746,11638059
PER,BUN,400,2708,11411431
PER,BUN,20000,4000,16855880
PER,BUN,1082,2781,11789174
PER,BUN,545,10550,44718045
PER,BUN,27360,73659,312228435
PER,BUN,7729,38254,162153222
PER,BUN,7016,63567,267870063
PER,BUN,140,432,1836333
PER,BUN,96,180,762780
PER,BUN,117,360,1529640
PER,BUN,389,2428,10315637
PER,BUN,4047,23129,98042419
PER,BUN,1241,761,3235189
PER,BUN,273,674,2862211
PER,BUN,70528,67927,288118214
PER,BUN,25,70,298280
PER,BUN,471,674,2864761
PER,BUN,1975,1348,5727227
PER,BUN,11,161,685279
PER,BUN,1908,10585,44870008
PER,BUN,245,54,230933
PER,BUN,123,245,1039263
PER,BUN,1567,7500,31604775
PER,BUN,6816,4931,20949949
PER,BUN,4,52,209985
PER,BUN,2550,318,1345962
PER,BUN,13,86,364054
PER,BUN,14,109,461951
PER,BUN,1136,9951,42066504
PER,BUN,0,32,129396
PER,BUN,1,6,22377
PER,BUN,240,300,1274700
PER,BUN,598,17131,72318278
PER,BUN,20,130,525367
PER,BUN,4,369,1496000
PER,BUN,5210,1933,8193316
PER,BUN,34,15300,65009700
PER,BUN,15,1516,6427962
PER,BUN,7,10184,43273856
PER,BUN,1356,1978,8382453
PER,BUN,250,6574,27934711
PER,BUN,78,11282,47624456
PER,BUN,28,164,696231
PER,BUN,28,33938,137575210
PER,BUN,329,1284,5442471
PER,BUN,168,260,1104400
PER,BUN,100,21210,90136349
PER,BUN,750,19072,83664573
PER,BUN,1629,12630,55403472
PER,BUN,96,25,111684
PER,BUN,9680,9428,41357694
PER,BUN,9000,8721,38256062
PER,BUN,62120,111790,490385467
PER,BUN,59234,274470,1161658040
PER,BUN,1,6725,28428395
PER,BUN,1,368,1616265
PER,BUN,2713,5560,24387899
PER,BUN,15204,39516,173342950
PER,BUN,745,5054,22170180
PER,BUN,4524,24509,107514536
PER,BUN,21100,55753,244569455
PER,BUN,5000,28850,126555141
PER,BUN,22,102825,433150102
PER,BUN,105,265242,1153009727
PER,BUN,775,814,3569645
PER,BUN,861,2408,10561674
PER,BUN,59159,56695,248701338
PER,BUN,230,5,20179
PER,BUN,156136,161992,710603695
PER,BUN,80,48,208586
PER,BUN,10,2,10089
PER,BUN,192,3750,16449975
PER,BUN,13,2228,9772075
PER,BUN,2712,1053,4619679
PER,BUN,357,5467,23982046
PER,BUN,26088,2796,12265101
PER,BUN,5,13530,59351510
PER,BUN,82,1169,4966231
PER,BUN,5208,7679,33686917
PER,BUN,4063,27716,121579572
PER,BUN,852,3717,15793533
PER,BUN,525,12367,50131715
PER,BUN,1640,20699,90799475
PER,BUN,2912,19374,84985396
PER,BUN,4725,4489,19075886
PER,BUN,436,92851,376397534
PER,BUN,283,67753,274653915
PER,BUN,128,33041,133938500
PER,BUN,535,112965,457932188
PER,BUN,62830,163916,674985502
PER,BUN,25322,94611,388144947
PER,BUN,1606,7386,30249746
PER,BUN,2160,10998,45230024
PER,BUN,708,150208,637555980
PER,BUN,40,9992,43009679
PER,BUN,285,77417,328353970
PER,BUN,50000,59976,247138305
PER,BUN,1050,30238,128574697
PER,BUN,10,73,309127
PER,BUN,100,668,2839546
PER,BUN,874,185874,784646814
PER,BUN,432,105168,443954890
PER,BUN,680,182042,768469181
PER,BUN,5793,5793,23763909
PER,BUN,49329,94519,401609659
PER,BUN,12544,48690,206882875
PER,BUN,1365,6031,25627079
PER,BUN,4320,7158,30414342
PER,BUN,214,45732,185387485
PER,BUN,50,13013,52749755
PER,BUN,139,39704,160951014
PER,BUN,83593,252952,1071958489
PER,BUN,109356,402391,1667790504
PER,BUN,1483,6823,28598181
PER,BUN,23120,41001,173723213
PER,BUN,108,15,65800
PER,BUN,292,292,1183698
PER,BUN,2797,2797,11883657
PER,BUN,5292,24304,102378915
PER,BUN,63060,110462,466810676
PER,BUN,13620,7232,30597464
PER,BUN,600,606,2552775
PER,BUN,13920,26480,112028245
PER,BUN,650,5102,22382933
PER,BUN,1500,10200,44743932
PER,BUN,1116,5992,25240626
PER,BUN,144,922,3885273
PER,BUN,528,2697,11361618
PER,BUN,288,858,3630879
PER,BUN,360,1207,5083308
PER,BUN,240,187,788580
PER,BUN,40560,13409,56727403
PER,BUN,600,384,1617600
PER,BUN,3120,2995,12671523
PER,BUN,36,685,2885900
PER,BUN,428,90992,368859324
PER,BUN,456,103500,419565863
PER,BUN,13064,49383,216624852
PER,BUN,12911,42132,179018868
PER,BUN,2304,8400,35691600
PER,BUN,24420,41418,176113064
PER,BUN,6060,10896,46330773
PER,BUN,32,6723,28380785
PER,BUN,91,23052,97310005
PER,BUN,210,57326,241994939
PER,BUN,125,1144,4851025
PER,BUN,115,1165,4939744
PER,BUN,3600,6946,29442967
PER,BUN,81,585,2485942
PER,BUN,48,655,2783928
PER,BUN,96,247,1049076
PER,BUN,26460,9536,40549631
PER,BUN,4800,4080,17348527
PER,BUN,90,376,1600912
PER,BUN,1793,38759,163645675
PER,BUN,144,118,502087
PER,BUN,321,67891,286640561
PER,BUN,265,61548,259863138
PER,BUN,159,41481,176122371
PER,BUN,1300,121,532453
PER,BUN,2,6,26320
PER,BUN,66,14,59659
PER,BUN,13,0,1755
PER,BUN,180,4,15792
PER,BUN,12,24,106157
PER,BUN,22,130,558154
PER,BUN,300,6,26320
PER,BUN,6,0,526
PER,BUN,21,52,223235
PER,BUN,600,960,3955795
PER,BUN,20924,232069,986061776
PER,BUN,21504,69733,305896278
PER,BUN,19597,73264,321384170
PER,BUN,1258,5787,25386742
PER,BUN,3142,6846,30031996
PER,BUN,13290,62202,272858236
PER,BUN,57000,107627,472123758
PER,BUN,45240,63512,278607305
PER,BUN,20400,33444,146707457
PER,BUN,458,3591,15752496
PER,BUN,36,48,212665
PER,BUN,90,136,594831
PER,BUN,246,1063,4661791
PER,BUN,4968,26883,117928160
PER,BUN,2028,9813,43047874
PER,BUN,1692,8123,35634067
PER,BUN,36,268,1175976
PER,BUN,408,1352,5929887
PER,BUN,900,570,2500396
PER,BUN,144,481,2109808
PER,BUN,36,121,529031
PER,BUN,354,5778,25344805
PER,BUN,30,203,892247
PER,BUN,40,206,905407
PER,BUN,80,793,3477744
PER,BUN,336,398,1747645
PER,BUN,40,40,175466
PER,BUN,2,20,87733
PER,BUN,700,70,307066
PER,BUN,70,70,307066
PER,BUN,1282,178,780825
PER,BUN,1337,1337,5864964
PER,BUN,9000,90,394799
PER,BUN,72242,114862,475691525
PER,BUN,2879,8236,34108859
PER,BUN,218966,337833,1424819338
PER,BUN,6198,30317,130119596
PER,BUN,1680,605,2653052
PER,BUN,125000,92632,391891981
PER,BUN,356,13335,58495892
PER,BUN,19324,159315,698860212
PER,BUN,14430,39918,169208110
PER,BUN,17206,57265,242738974
PER,BUN,33051,107140,469985392
PER,BUN,81900,92292,402338050
PER,BUN,1,29,127730
PER,BUN,282,17275,73083111
PER,BUN,487,22202,93925930
PER,BUN,213,7885,33357768
PER,BUN,2640,19458,82690857
PER,BUN,703,7394,31280453
PER,BUN,633,6665,28196000
PER,BUN,7429,78183,330761866
PER,BUN,34,358,1515193
PER,BUN,971,10218,43226554
PER,BUN,26,275,1162275
PER,BUN,195,2978,12597360
PER,BUN,147013,12473,52767891
PER,BUN,297000,19039,80547049
PER,BUN,20598,7231,30591287
PER,BUN,172855,27495,116319860
PER,BUN,36103,65696,266780247
PER,BUN,37800,141804,602624857
PER,BUN,8240,106163,448230585
PER,BUN,1000,7735,31355834
PER,BUN,19600,29282,123350425
PER,BUN,1440,9000,37085580
PER,BUN,30,803,3383564
PER,BUN,13703,162490,685996901
PER,BUN,4463,52560,220067403
PER,BUN,731,7693,32544306
PER,BUN,640,564,2374123
PER,BUN,1600,4523,19052253
PER,BUN,23223,52333,217078323
PER,BUN,2560,5477,22204024
PER,BUN,5250,39450,159920832
PER,BUN,80,51,207508
PER,BUN,87,18,74191
PER,BUN,10000,7123,30133662
PER,BUN,915,5463,22511895
PER,BUN,80400,17180,72682218
PER,BUN,47,29878,121329641
PER,BUN,8,4798,19484512
PER,BUN,12,14815,60162049
PER,BUN,80,7269,29519432
PER,BUN,1,38406,159055761
PER,BUN,15,120,485472
PER,BUN,10,7075,28730372
PER,BUN,29,27747,112677231
PER,BUN,10,11953,48540725
PER,BUN,11550,80361,326330979
PER,BUN,3600,1722,7283714
PER,BUN,32632,155659,641413237
PER,BUN,2724,13845,57049160
PER,BUN,2225,9733,41361492
PER,BUN,281,1227,5214989
PER,BUN,11977,52379,222593690
PER,BUN,12,60,243650
PER,BUN,5,25,101521
PER,BUN,7,35,142129
PER,BUN,1,5,20304
PER,BUN,10,10,41206
PER,BUN,8,5,20304
PER,BUN,5,20,82412
PER,BUN,8,40,162433
PER,BUN,904,3476,14117232
PER,BUN,1442,5455,22150203
PER,BUN,30,496,2012832
PER,BUN,11696,55117,223819955
PER,BUN,998,5419,22006206
PER,BUN,33,1360,5524028
PER,BUN,668,5210,21158549
PER,BUN,10228,24517,107547524
PER,BUN,6356,25098,110096568
PER,BUN,109200,59605,259842560
PER,BUN,2,51,222765
PER,BUN,9789,95835,413641630
PER,BUN,561,27519,120520664
PER,BUN,713,20196,88352945
PER,BUN,43,1259,5351556
PER,BUN,1910,20884,88624276
PER,BUN,12,264,1159789
PER,BUN,2169,14169,59735552
PER,BUN,291,1094,4799752
PER,BUN,264,7482,32818841
PER,BUN,138,5888,25638405
PER,BUN,29,1102,4833529
PER,BUN,56,1896,7959321
PER,BUN,369,6399,27809662
PER,BUN,122,1878,8238147
PER,BUN,1182,14562,62115445
PER,BUN,1,112,492578
PER,BUN,0,45,196435
PER,BUN,8,1661,7286725
PER,BUN,53,1442,6326880
PER,BUN,460,9710,40932542
PER,BUN,466,476,2088533
PER,BUN,56188,243707,1031028890
PER,BUN,15490,61921,271626637
PER,BUN,3450,51405,217474507
PER,BUN,3000,19312,81349778
PER,BUN,4500,85453,359972784
PER,BUN,320,5648,23273262
PER,BUN,1366,15775,65002780
PER,BUN,570,2368,10387216
PER,BUN,4614,22876,100348576
PER,BUN,1864,7898,34645095
PER,BUN,17907,105658,463486029
PER,BUN,944,3407,14946754
PER,BUN,3400,12829,56277996
PER,BUN,24984,83355,365650264
PER,BUN,43,2423,10144330
PER,BUN,816,10474,43855664
PER,BUN,98384,10444,43730389
PER,BUN,99716,8240,34499748
PER,BUN,1800,709,2968590
PER,BUN,178286,15240,63809572
PER,BUN,60,1101,4611824
PER,BUN,1074,7230,30273213
PER,BUN,3,25,104926
PER,BUN,80002,13473,56409785
PER,BUN,16320,30389,128813862
PER,BUN,80,1439,6025735
PER,BUN,2,51,215045
PER,BUN,36000,56911,245475456
PER,BUN,116896,131592,554209484
PER,BUN,32,141,592211
PER,BUN,20,238,996592
PER,BUN,15,66,275505
PER,BUN,18,2542,10641495
PER,BUN,0,150,628303
PER,BUN,2,68,285722
PER,BUN,96,4691,19639673
PER,BUN,2268,18109,75821727
PER,BUN,5960,5719,24141285
PER,BUN,6952,23605,103548820
PER,BUN,8505,20881,88024763
PER,BUN,16,4377,18324868
PER,BUN,53,2379,9959431
PER,BUN,1,22,90439
PER,BUN,808,20885,87447755
PER,BUN,507,6738,28211990
PER,BUN,45,1552,6497193
PER,BUN,10,157,656523
PER,BUN,61,771,3230194
PER,BUN,128,628,2628730
PER,BUN,58575,35375,149514288
PER,BUN,131055,15038,63301886
PER,BUN,11000,7625,31924235
PER,BUN,200313,634542,2679932104
PER,BUN,1064,4690,20572383
PER,BUN,13266,58562,256891056
PER,BUN,3640,43971,185293318
PER,BUN,460,5303,22204216
PER,BUN,23000,2690,11264062
PER,BUN,46300,3974,16641188
PER,BUN,187363,17183,71944095
PER,BUN,7,138,576468
PER,BUN,2362,10594,44357519
PER,BUN,1,13,52463
PER,BUN,30,20421,89023133
PER,BUN,19,20421,89023089
PER,BUN,432379,73979,309750227
PER,BUN,2000,17925,78141460
PER,BUN,260064,44531,189350032
PER,BUN,22836,61203,266469076
PER,BUN,4000,32024,135744466
PER,BUN,2008,30639,129872642
PER,BUN,92173,122236,501915265
PER,BUN,25000,40175,170703575
PER,BUN,30500,218032,883850211
PER,BUN,850,14896,62369701
PER,BUN,1816,25330,106056963
PER,BUN,2218,37604,157448826
PER,BUN,2809,47606,199325458
PER,BUN,84,1430,5985917
PER,BUN,1400,23731,99363609
PER,BUN,1303,22086,92472419
PER,BUN,3619,61338,256823950
PER,BUN,605,2944,12325218
PER,BUN,25,120,501059
PER,BUN,5250,39450,166183125
PER,BUN,15144,6488,27163311
PER,BUN,89200,9299,38937058
PER,BUN,902,81455,344606030
PER,BUN,223,1093,4578160
PER,BUN,19,176,737332
PER,BUN,188,10260,43406566
PER,BUN,40000,24385,102098983
PER,BUN,419,12510,52884649
PER,BUN,149634,489378,2052703729
PER,BUN,34,2543,10647315
PER,BUN,3000,670,2804041
PER,BUN,1,61,259506
PER,BUN,20,1864,7887211
PER,BUN,26,174,734772
PER,BUN,1,145,612465
PER,BUN,75,4933,20869472
PER,BUN,10,12,52460
PER,BUN,134,8900,37653910
PER,BUN,4,871,3686342
PER,BUN,41,3754,15883656
PER,BUN,83,2052,8680450
PER,BUN,2,150,635268
PER,BUN,88424,74691,302779875
PER,BUN,20091,3600,14594833
PER,BUN,6880,14784,62497734
PER,BUN,46389,253918,1076322391
PER,BUN,4734,15565,65979396
PER,BUN,1270,5655,24028392
PER,BUN,1327,7997,33980698
PER,BUN,1003,4866,20677716
PER,BUN,147,1468,6237532
PER,BUN,5250,39450,167222632
PER,BUN,1000,460,2017864
PER,BUN,14688,9855,43232113
PER,BUN,12800,9038,39646633
PER,BUN,38912,41116,180362614
PER,BUN,17640,32340,141864584
PER,BUN,225,1173,5146649
PER,BUN,280,608,2554530
PER,BUN,735,3300,13865049
PER,BUN,540,1776,7461917
PER,BUN,1242,17121,72455558
PER,BUN,580,7082,29900841
PER,BUN,7875,59175,259580606
PER,BUN,24,77,337948
PER,BUN,5562,32748,143656052
PER,BUN,14,10,42015
PER,BUN,27,12,50418
PER,BUN,32,22,92434
PER,BUN,28,20,84031
PER,BUN,19880,84320,341812354
PER,BUN,170,2110,8554123
PER,BUN,40320,52416,220227396
PER,BUN,61320,79716,338769882
PER,BUN,3,3,12749
PER,BUN,2194,9894,41938758
PER,BUN,26,155,656937
PER,BUN,7512,7074,29927716
PER,BUN,8894,8732,36913231
PER,BUN,10222,6779,28656251
PER,BUN,17071,15656,64511850
PER,BUN,6840,4833,19915698
PER,BUN,39310,37288,157930076
PER,BUN,10380,8573,36337796
PER,BUN,40216,30784,131721747
PER,BUN,2408,12522,51596755
PER,BUN,4130,19947,84753741
PER,BUN,1490,23838,98226351
PER,BUN,53000,39485,166330562
PER,BUN,2,45888,186018939
PER,BUN,56,916,4019058
PER,BUN,344,3010,13202267
PER,BUN,12732,17111,75058472
PER,BUN,97108,146727,643642164
PER,BUN,0,10,43867
PER,BUN,3,6,24785
PER,BUN,52670,39241,171066692
PER,BUN,1204,6261,26621485
PER,BUN,5530,76321,309388720
PER,BUN,2259,33954,144374188
PER,BUN,4286,12762,53883326
PER,BUN,4,2,8444
PER,BUN,1496,16667,70818465
PER,BUN,16,8,33712
PER,BUN,77,116,486714
PER,BUN,2,3,13485
PER,BUN,4,48,202271
PER,BUN,127,4733,19943751
PER,BUN,41,4273,18007895
PER,BUN,63,6,26548
PER,BUN,87,394,1659419
PER,BUN,1,26,109985
PER,BUN,5700000,57240,238820108
PER,BUN,60480,83062,346744336
PER,BUN,4946,54854,233113592
PER,BUN,3240000,56568,242149975
PER,BUN,3000,19636,81584740
PER,BUN,182400,6931,28097421
PER,BUN,20160,27821,117928198
PER,BUN,8,3458,14655993
PER,BUN,2,120,509383
PER,BUN,23,18184,77078104
PER,BUN,2,1729,7327997
PER,BUN,60,632,2680988
PER,BUN,307,3141,13315542
PER,BUN,160000,1520,6667723
PER,BUN,4500000,34200,144968670
PER,BUN,223,8380,35376683
PER,BUN,36,7176,30291850
PER,BUN,215,18851,79577550
PER,BUN,30126,61401,269345311
PER,BUN,444,23666,100155156
PER,BUN,1,200,876455
PER,BUN,3,14,60317
PER,BUN,20,15678,68774055
PER,BUN,300,4,18424
PER,BUN,29,1226,5213105
PER,BUN,483,14352,61025783
PER,BUN,95,2904,12346113
PER,BUN,13266,37874,157059205
PER,BUN,67184,104177,431734286
PER,BUN,4763,15538,64111110
PER,BUN,384,1712,7088554
PER,BUN,22998,90092,373108014
PER,BUN,18863,37354,154138883
PER,BUN,43774,128860,539177844
PER,BUN,193005,344880,1452807842
PER,BUN,4254,19620,82922843
PER,BUN,27326,75241,315411043
PER,BUN,8339,24025,101438158
PER,BUN,172600,434954,1792705507
PER,BUN,27208,46450,197511579
PER,BUN,34741,98668,415556659
PER,BUN,920,3395,14330836
PER,BUN,48689,428052,1750117924
PER,BUN,2323,20776,87637303
PER,BUN,50503,87163,353337842
PER,BUN,10080,10181,41951208
PER,BUN,25000,8975,36982564
PER,BUN,75,3361,14158592
PER,BUN,3881,51875,215594762
PER,BUN,24,900,3758173
PER,BUN,16528,120141,506092614
PER,BUN,14361,96592,406786339
PER,BUN,193,1128,4732690
PER,BUN,292,1099,4662914
PER,BUN,2709,9048,38171441
PER,BUN,35460,114549,482623906
PER,BUN,4833,18702,78326210
PER,BUN,4615,31147,128397975
PER,BUN,5421,37137,153732869
PER,BUN,130937,288494,1189374428
PER,BUN,6438,20380,85253763
PER,BUN,4000,10600,42969856
PER,BUN,11251,75254,311444692
PER,BUN,178,4200,17306604
PER,BUN,214434,123163,503121483
PER,BUN,916,2709,11163913
PER,BUN,1062,11292,46532101
PER,BUN,1731600,28563,125295819
PER,BUN,7000,428,1764944
PER,BUN,22006,20981,92034803
PER,BUN,75632,64630,273957681
PER,BUN,1028,3606,14619480
PER,BUN,878950,34563,145928477
PER,BUN,884130,163363,662232652
PER,BUN,270,8430,34172427
PER,BUN,7967,26689,110532489
PER,BUN,7264,36000,148342526
PER,BUN,35792,58989,239128343
PER,BUN,93750,3512,14237129
PER,BUN,540,4018,16926962
PER,BUN,90000,31952,134597168
PER,BUN,50,2254,9136891
PER,BUN,49,2513,10185599
PER,BUN,91,7889,31981004
PER,BUN,575,27826,112797939
PER,BUN,105,10829,43897316
PER,BUN,1990,8630,36264191
PER,BUN,1730,4569,18982342
PER,BUN,106000,77607,340434821
PER,BUN,454,11350,47920722
PER,BUN,78,64,259441
PER,BUN,0,2,6486
PER,BUN,100,75,304032
PER,BUN,44,15,62428
PER,BUN,2600,190,786375
PER,BUN,2370,569,2355645
PER,BUN,140,4295,17788270
PER,BUN,70,148,608616
PER,BUN,30,15,61809
PER,BUN,21,76,311107
PER,BUN,3,22,90242
PER,BUN,60,174,716988
PER,BUN,13,20,80352
PER,BUN,28,2545,10486978
PER,BUN,30,6,24724
PER,BUN,20,4,16482
PER,BUN,740,142109,619511980
PER,BUN,63829,81063,341475823
PER,BUN,25000,41885,176440562
PER,BUN,53573,101338,429147693
PER,BUN,4791,9470,40145054
PER,BUN,92035,56419,238926996
PER,BUN,96190,59058,250551130
PER,BUN,174262,115963,491871071
PER,BUN,100000,83870,354551199
PER,BUN,106000,81832,346873573
PER,BUN,8314,6888,30217200
PER,BUN,10011,5688,24953252
PER,BUN,450,154,677344
PER,BUN,12456,25252,102364899
PER,BUN,165,50033,212080390
PER,BUN,53000,39227,172077354
PER,BUN,611,14677,61213824
PER,BUN,5,317,1343461
PER,BUN,222173,448636,1888133421
PER,BUN,39167,74764,311274282
PER,BUN,7920,17395,73735686
PER,BUN,32,15379,65188765
PER,BUN,157224,50979,215202283
PER,BUN,511704,123512,521391815
PER,BUN,600,1026,4333257
PER,BUN,15900,12700,52331750
PER,BUN,539,2467,10390300
PER,BUN,59319,161905,674077311
PER,BUN,12,17,70770
PER,BUN,240,480,2022000
PER,BUN,468,1064,4483785
PER,BUN,1554,3342,14078175
PER,BUN,703,8776,36967215
PER,BUN,218,3239,13644288
PER,BUN,238500,135795,575613576
PER,BUN,3226,13325,56133500
PER,BUN,13124,114059,480473959
PER,BUN,2622,26527,109309417
PER,BUN,23440,187926,781849055
PER,BUN,74263,158671,662532662
PER,BUN,2000,22720,99664915
PER,BUN,250,225,926521
PER,BUN,247187,153327,643255274
PER,BUN,1150,212750,903974750
PER,BUN,91,9351,38529981
PER,BUN,16224,1622,6834360
PER,BUN,8165,24318,102475322
PER,BUN,34048,46615,196435644
PER,BUN,1284,3496,14734062
PER,BUN,1190,825,3476155
PER,BUN,24395,13046,54955432
PER,BUN,185500,142698,603242212
PER,BUN,27715,82638,348233632
PER,BUN,5275,29734,124926612
PER,BUN,312,1513,6357755
PER,BUN,99975,154453,656379099
PER,BUN,7102,51606,226192729
PER,BUN,32033,83863,365075298
PER,BUN,3770,11619,50160816
PER,BUN,25383,59631,253412460
PER,BUN,82437,126725,544954017
PER,BUN,14896,43117,187316253
PER,BUN,960,3931,16814269
PER,BUN,3228,16519,69907489
PER,BUN,63941,81205,345099358
PER,BUN,64204,81539,331115043
PER,BUN,1018,34205,144238204
PER,BUN,1486,13169,57024130
PER,BUN,100000,55032,232641726
PER,BUN,5760,40320,176870131
PER,BUN,6917,14355,61003440
PER,BUN,6891,15768,67007897
PER,BUN,408,3402,14293605
PER,BUN,926,6047,25407828
PER,BUN,2505,13163,55302891
PER,BUN,2250,9749,41430848
PER,BUN,1081,4433,18880517
PER,BUN,4916,19356,84910209
PER,BUN,1499,10978,47772798
PER,BUN,27677,98357,428370262
PER,BUN,2352,8141,35630709
PER,BUN,1788,2499,10846498
PER,BUN,20437,48296,207497423
PER,BUN,2112,13688,59082461
PER,BUN,45356,26965,116549663
PER,BUN,159,935,4099685
PER,BUN,354,1726,7571331
PER,BUN,119622,77187,331928239
PER,BUN,97438,59845,254283147
PER,BUN,70098,43041,182882186
PER,BUN,94989,63221,268626326
PER,BUN,24118,14810,62928752
PER,BUN,1203,67865,275586279
PER,BUN,9420,69789,296583946
PER,BUN,5000,7743,32903890
PER,BUN,1698,7246,31300978
PER,BUN,3072,1894,8030077
PER,BUN,727316,192729,816947626
PER,BUN,3384,8766,38212582
PER,BUN,106000,81779,358736668
PER,BUN,984,5998,25201659
PER,BUN,77,1364,5730383
PER,BUN,15,32,128525
PER,BUN,25,12,50760
PER,BUN,4,15,60912
PER,BUN,5,14,58882
PER,BUN,50,75,304562
PER,BUN,7,527,2140463
PER,BUN,100,20,81217
PER,BUN,4042,12037,51146955
PER,BUN,16031,21620,91863125
PER,BUN,1155,3101,13176319
PER,BUN,9328,27506,116369020
PER,BUN,106416,32714,137805872
PER,BUN,132936,46342,195213990
PER,BUN,547500,410262,1734338491
PER,BUN,22100,80210,339446314
PER,BUN,21598,50480,214490455
PER,BUN,402,26744,113717895
PER,BUN,126933,215576,915980597
PER,BUN,149950,82520,349791937
PER,BUN,503500,380142,1608751656
PER,BUN,5760,40320,170234669
PER,BUN,1004,21314,93498763
PER,BUN,296,63122,276894270
PER,BUN,166,23101,101334346
PER,BUN,17534,191323,839269960
PER,BUN,12344,136874,600419613
PER,BUN,233,6978,29649352
PER,BUN,4800,6955,29365480
PER,BUN,48513,38156,162124334
PER,BUN,41642,36495,154697594
PER,BUN,96090,58861,249396050
PER,BUN,446582,273268,1174276416
PER,BUN,900748,597887,2550258266
PER,BUN,270,8694,36706850
PER,BUN,1776,3747,15519429
PER,BUN,1,42992,182674793
PER,BUN,1,5225,22088113
PER,BUN,540,35077,142193375
PER,BUN,2508,5290,21797214
PER,BUN,132500,99193,419329525
PER,BUN,375000,253125,1068716531
PER,BUN,291000,171204,724939602
PER,BUN,9049,26250,111015451
PER,BUN,138611,207126,878941421
PER,BUN,15987,44011,186753275
PER,BUN,7380,20920,88821280
PER,BUN,8377,25400,107758145
PER,BUN,50000,41225,174274153
PER,BUN,10677,14221,60423797
PER,BUN,3366,10322,43856563
PER,BUN,20728,90045,381688435
PER,BUN,7250,31232,132387339
PER,BUN,25652,67997,288230991
PER,BUN,249,936,3967564
PER,BUN,24385,246336,1020184294
PER,BUN,10080,10181,43154884
PER,BUN,8682,22013,93532557
PER,BUN,53,473,2005400
PER,BUN,976,13351,56592462
PER,BUN,14791,58237,246704668
PER,BUN,1318,16876,71534833
PER,BUN,26714,229722,973702387
PER,BUN,977,12936,54834484
PER,BUN,2387,64193,272103735
PER,BUN,5370,11445,48513384
PER,BUN,53474,84748,358747068
PER,BUN,50954,55821,226284329
PER,BUN,1994,7301,29597191
PER,BUN,23362,11615,49233395
PER,BUN,196858,131659,558083303
PER,BUN,932400,15521,62917922
PER,BUN,400,612,2594176
PER,BUN,20591,19513,82711027
PER,BUN,768574,472268,1996533024
PER,BUN,459173,282107,1192681588
PER,BUN,974505,650017,2746003051
PER,BUN,439389,269616,1140046935
PER,BUN,20252,18510,78462512
PER,BUN,4746,3560,14667347
PER,BUN,1463,6085,25793402
PER,BUN,41,2395,10109385
PER,BUN,8424,310244,1289045205
PER,BUN,11061,23682,100386480
PER,BUN,230,7558,32111818
PER,BUN,83,8658,36698776
PER,BUN,308100,244166,1032185752
PER,BUN,131950,101865,429257740
PER,BUN,49332,30310,123083189
PER,BUN,96442,59296,243531991
PER,BUN,212907,141776,587664286
PER,BUN,105,350,1486300
PER,BUN,22,46,196767
PER,BUN,134,67,284003
PER,BUN,1,16,67822
PER,BUN,29,98,413288
PER,BUN,3,9,36878
PER,BUN,130,195,826576
PER,BUN,16,1205,5106966
PER,BUN,290,58,245853
PER,BUN,31731,42753,187544937
PER,BUN,3848,10331,45318409
PER,BUN,6720,22610,99182383
PER,BUN,13389,27955,122630221
PER,BUN,38847,93378,409616748
PER,BUN,26800,43527,184143773
PER,BUN,1000,48000,210559680
PER,BUN,3417,35299,154845238
PER,BUN,1058,3145,13798020
PER,BUN,1144,10707,46966477
PER,BUN,49470,104598,458837793
PER,BUN,177735,122564,537645017
PER,BUN,169336,147856,648591808
PER,BUN,122240,115528,506782364
PER,BUN,49806,31783,139419416
PER,SMR,800,2640,10878437
PER,SMR,4000,14800,60985176
PER,SMR,4100,9380,38651416
PER,SMR,1000,9400,38733828
POL,BUN,19935,78345,331445237
PRT,BUN,19204,72141,316458916
PRT,BUN,21643,82378,344919561
PRT,BUN,38552,141341,593849544
PRT,BUN,21456,6877,29221308
PRT,BUN,29460,7364,31290103
PRT,BUN,2400,678,2879547
PRT,BUN,20356,112233,475737750
PRI,BUN,12190,14731,61007447
PRI,BUN,12190,14731,61007447
PRI,BUN,299916,215058,909825552
PRI,BUN,350000,273700,1160173245
PRI,BUN,25000,15750,66497918
PRI,BUN,24689,27960,114160459
PRI,BUN,13544,58808,243548511
PRI,BUN,3212,13946,57757335
PRI,BUN,8032,9100,37686433
PRI,BUN,20000,17086,72598414
PRI,BUN,100000,26730,113575770
PRI,BUN,1501,47839,208549903
PRI,BUN,20016,25934,110210322
PRI,BUN,572765,569187,2468486950
PRI,BUN,981,11936,50722414
PRI,BUN,3837,18934,80465539
PRI,BUN,600000,13956,60584646
PRI,BUN,7050,31301,134083968
PRI,BUN,47748,23913,101363323
PRI,BUN,52992,20267,85908180
PRI,BUN,2688,1428,6053078
PRI,BUN,1248,51685,225316417
PRI,BUN,530000,514100,2136054652
PRI,BUN,200000,59646,261646722
PRI,BUN,13272,25119,109465518
PRI,BUN,478,2032,8915886
PRI,BUN,25312,20863,88712884
PRI,BUN,192,1238,5214232
PRI,BUN,150,393,1655512
PRI,BUN,576,9039,38078051
PRI,BUN,116,1294,5449290
PRI,BUN,878,22438,94518811
PRI,BUN,1822,8235,36124145
PRI,BUN,9283,36521,158003314
PRI,BUN,12273,23469,99283537
PRI,BUN,4212,7465,32744662
PRI,BUN,7546,212313,891920624
PRI,BUN,184,6402,27090956
PRI,BUN,716,22126,93636357
PRI,BUN,3,12,48444
PRI,BUN,2,11,47433
PRI,BUN,2,15,63061
PRI,BUN,2,26,109525
PRI,BUN,50,106,446473
PRI,BUN,50,25,105799
PRI,BUN,4,14,57132
PRI,BUN,10,753,3186673
PRI,BUN,50,10,42320
PRI,BUN,188624,174882,739293699
PRI,BUN,265000,257050,1068027326
PRI,BUN,132890,136854,563922629
PRI,BUN,20640,21413,88236196
GBR,BUN,19932,77712,329409596
GBR,BUN,19236,75485,318703662
GBR,BUN,19230,89877,377620912
GBR,BUN,19257,107915,444675718
GBR,BUN,63529,411540,1796306667
GBR,BUN,4083,24106,105086389
GBR,BUN,61002,283352,1212094953
GBR,BUN,21026,79033,334359619
GBR,BUN,100000,101000,428123850
GBR,BUN,19244,79717,349689533
GBR,BUN,11190,78630,342778401
GBR,BUN,4029,30644,133589715
GBR,BUN,102466,494408,2078808015
GBR,BUN,73590,383062,1638563884
GBR,BUN,19315,89423,379958030
GBR,BUN,19257,68096,285119387
GBR,BUN,19222,86936,366218068
GBR,BUN,19995,88955,390217183
GBR,BUN,19233,84018,346205097
GBR,BUN,5280,2364,10052834
GBR,BUN,19656,8810,37461253
GBR,BUN,828,651,2768068
GBR,BUN,344175,233113,988131761
GBR,BUN,19268,68709,291247823
GBR,BUN,16000,34590,144827252
GBR,BUN,4000,22905,95902250
GBR,BUN,120000,126000,530960220
GBR,BUN,1054,9749,41422481
GBR,BUN,240,6878,29226109
GBR,BUN,13529,135481,575660384
DOM,BUN,28800,42060,177336951
DOM,BUN,9200,30785,128895051
DOM,BUN,106000,75306,311872788
DOM,BUN,103000,72133,299229929
DOM,BUN,140000,48580,201190669
DOM,BUN,28000,9660,40006214
DOM,BUN,280000,97160,407114002
DOM,BUN,535,6456,27126968
DOM,BUN,204,770,3234338
DOM,BUN,268,2297,9648898
DOM,BUN,125000,67312,283553906
DOM,BUN,864,7270,30108776
DOM,BUN,1200,2100,8697003
DOM,BUN,582,3090,12798261
DOM,BUN,11547,76018,314823640
DOM,BUN,115,4618,19337454
DOM,BUN,1,148,620264
DOM,BUN,130,8800,36843720
DOM,BUN,200,7267,30424950
DOM,BUN,200,9500,39343585
DOM,BUN,2837,4710,19908893
DOM,BUN,42509,59132,249975082
DOM,BUN,250000,91750,379976202
DOM,BUN,2,357,1496479
DOM,BUN,4,235,983194
DOM,BUN,183,444,1882049
DOM,BUN,18,752,3187615
DOM,BUN,59,167,708046
DOM,BUN,104,410,1733145
DOM,BUN,10,56,238425
DOM,BUN,6,32,133416
DOM,BUN,42,284,1201509
DOM,BUN,5,51,214117
DOM,BUN,47,99,417370
DOM,BUN,37,70,296002
DOM,BUN,196,107,452162
DOM,BUN,300,128,540514
DOM,BUN,56000,43822,185452035
DOM,BUN,23253,12470,52986432
DOM,BUN,82739,49277,209380055
DOM,BUN,3774,2179,9258061
DOM,BUN,28000,21877,92583823
DOM,BUN,24000,13142,55617227
DOM,BUN,1,4250,17903125
DOM,BUN,129912,336268,1425389612
DOM,BUN,47975,44026,185460157
DOM,BUN,8000,8393,35355386
DOM,BUN,7438,8371,35569909
DOM,BUN,12555,22593,95204918
DOM,BUN,970,15030,63446901
DOM,BUN,499450,397820,1686793702
DOM,BUN,324,1240,5227430
DOM,BUN,1105,3612,15222630
DOM,BUN,57199,79567,335294342
DOM,BUN,72900,79992,337677429
DOM,BUN,339919,269044,1118286246
DOM,BUN,49540,29780,125492364
DOM,BUN,106197,62483,263300055
DOM,BUN,700,840815,3549408033
DOM,BUN,163884,130556,550083214
DOM,BUN,142877,105168,458471036
DOM,BUN,1279403,841365,3552368554
DOM,BUN,74794,62636,264964592
DOM,BUN,19907,11990,50202710
DOM,BUN,149309,85848,362748176
DOM,BUN,72,4030,17677143
DOM,BUN,56000,43822,191036232
DOM,BUN,20000,5190,22766765
DOM,BUN,24000,8591,37449687
DOM,BUN,24000,13895,60950711
DOM,BUN,1190,54596,238007590
DOM,BUN,2,224,976506
DOM,BUN,5,550,2397670
DOM,BUN,922,2202,9119429
DOM,BUN,76527,74947,304349016
DOM,BUN,1014,4321,18845643
DOM,BUN,288,2246,9854193
DOM,BUN,6274,18571,80237462
DOM,BUN,1800,4572,19348567
DOM,BUN,576,1321,5637598
DOM,BUN,1852,9916,42214612
DOM,BUN,11606,69264,300158333
DOM,BUN,2472,70012,298746956
DOM,BUN,100000,78467,331710611
DOM,BUN,5112,11741,48622790
DOM,BUN,34832,48453,200665495
DOM,BUN,79815,64113,264186752
DOM,BUN,23400,15906,65544148
DOM,BUN,4990,11651,49507054
DOM,BUN,10801,29390,124876368
DOM,BUN,8932,10155,41239312
DOM,BUN,1293908,835220,3547146693
DOM,BUN,206844,199813,866080033
DOM,BUN,781702,453670,1927710544
DOM,BUN,1396,61692,261079328
DOM,BUN,101500,81137,332934621
DOM,BUN,2190,14564,59143796
DOM,BUN,2168,4239,17860996
DOM,BUN,185318,181861,779456999
ROU,BUN,95300,69569,293059412
ROU,BUN,18054,37282,157774401
RUS,BUN,19239,120857,513521223
VCT,BUN,53000,28540,120978898
LCA,BUN,2214,5912,24954747
LCA,BUN,9621,40201,169704099
SGP,BUN,6750,103612,433826574
SGP,BUN,1645,16884,71287203
SGP,BUN,8661,22908,97101838
SGP,BUN,19446,77831,330758669
SGP,BUN,17976,75535,311249260
ZAF,BUN,19915,77646,330156675
ZAF,BUN,19923,75986,321570472
ZAF,BUN,24024,26529,111078319
ZAF,BUN,39887,154328,650108806
ZAF,BUN,19211,91546,399085196
ZAF,BUN,19245,94848,416065006
ZAF,BUN,5000,30462,129123849
SWE,BUN,64895,246935,1040575628
SWE,BUN,41843,211569,896807857
SWE,BUN,19949,78196,331459716
SWE,BUN,20943,90033,392491648
SWE,BUN,41831,190897,837398874
SWE,BUN,21030,89226,373589736
SUR,BUN,79500,42811,181468348
SUR,BUN,10596,22947,97109323
THA,BUN,76758,407585,1727691592
THA,BUN,40522,205771,874955578
THA,BUN,333,182160,773997840
THA,BUN,8000,88377,375785852
THA,BUN,20870,26828,111105414
THA,BUN,27902,5010,21302588
THA,BUN,45440,60925,258956701
THA,BUN,21988,159622,676615410
TTO,BUN,53000,38999,163289161
TTO,BUN,53000,39529,165508276
TTO,BUN,53000,41467,168391250
TTO,BUN,53000,41467,170870574
TTO,BUN,132500,93704,398148296
TTO,BUN,79500,58194,255277292
TTO,BUN,47174,28163,119055477
TTO,BUN,20000,5908,25104792
TTO,BUN,42000,31190,132239266
TTO,BUN,5276,16812,71149572
TTO,BUN,2208,8093,34248487
TTO,BUN,57540,56586,242704317
TTO,BUN,315,4042,17107739
TTO,BUN,840,4797,20300929
TTO,BUN,147,626,2647520
TTO,BUN,19180,18670,79139329
TTO,BUN,6291,263365,1114550705
TTO,BUN,180,1629,6862162
TTO,BUN,1260,2937,12372112
TTO,BUN,1602,3920,16510894
TTO,BUN,120,282,1187925
TTO,BUN,1660,7374,31065081
TTO,BUN,792,7097,29896534
TTO,BUN,790,12952,54558194
TTO,BUN,20000,6308,26409984
TTO,BUN,3850,162598,702123935
TTO,BUN,5000,250,1057992
TTO,BUN,40000,12112,50325143
TTO,BUN,20,10,43594
TTO,BUN,1600,349,1475180
TTO,BUN,25,5,21797
TTO,BUN,19180,18670,76931975
TUR,BUN,38420,152461,631407884
TUR,BUN,46322,270280,1113720762
TUR,BUN,8162,50278,207176203
TUR,BUN,57598,239968,1006036066
TUR,BUN,38504,157866,663280416
TUR,BUN,19251,75162,317741201
TUR,BUN,57815,244766,1040080208
TUR,BUN,19218,75527,320913118
TUR,BUN,79607,317916,1321412669
TUR,BUN,19247,73047,306907397
URY,BUN,25000,56305,237267581
URY,BUN,40800,10902,46211943
URY,BUN,20080,5127,21731906
URY,BUN,288,968,4102444
URY,BUN,15192,5072,22250631
URY,BUN,49296,14660,64309576
URY,BUN,7848,2732,11985452
URY,BUN,25000,56167,246385532
URY,BUN,336,3186,13484326
URY,BUN,78,204,864591
URY,BUN,266,4179,17683710
URY,BUN,236,1290,5459241
URY,BUN,913,26363,111566579
URY,BUN,25630,21273,90172632
URY,BUN,1,4,17944
URY,BUN,3,96,404153
VEN,BUN,1613,31093,132114157
VEN,BUN,38776,89400,377370779
VEN,BUN,4416,9941,41380637
VEN,BUN,1553,16203,67105578
VEN,BUN,999,6619,27413823
VEN,BUN,16632,38626,162029551
VEN,BUN,804,4068,17217304
VEN,BUN,11647,22211,93997851
VEN,BUN,413,7411,31363849
VEN,BUN,5310,10698,45275477
VNM,BUN,28000,135363,548728304
VNM,BUN,25000,27200,114821808
VNM,BUN,28000,138360,584169850
VNM,BUN,3000,66000,280434000
VNM,BUN,10000,10800,45889200
VNM,BUN,495,4504,19139620
VNM,BUN,20000,116979,482026295
VNM,BUN,20001,89804,381643039
VNM,BUN,20114,76835,325694074
VNM,BUN,12193,52291,215469692
VNM,BUN,875,3995,16461918
VNM,BUN,59969,235438,954409268
VNM,BUN,39943,219137,961280565
VNM,BUN,20033,78017,331494403
VNM,BUN,4000,18565,78695819
YEM,BUN,23648,46240,193607342
CHL,BUN,16978,165758,709964534
CHL,BUN,664,29959,127456526
CHL,BUN,497,14586,62408910
CHL,BUN,53,1498,6331813
CHL,BUN,3272,26498,113376147
CHL,BUN,28,84,369795
CHL,BUN,174,734,3141978
CHL,BUN,1289,20114,85071136
CHL,BUN,159,6726,28796498
CHL,BUN,1043,4142,18037299
CHL,BUN,1485,15736,66456461
CHL,BUN,2195,4029,17245049
CHL,BUN,551,7092,29913716
CHL,BUN,958,4804,20936348
CHL,BUN,114,1382,5977823
CHL,BUN,8,115,504685
CHL,BUN,8,885,3795799
CHL,BUN,36,1097,4804206
ECU,IPI,1394,20313,83211015
ECU,IPI,50,710,2971856
ECU,IPI,8000,24760,100372679
ECU,IPI,22219,97488,406447124
ECU,IPI,791,4025,16910696
ECU,IPI,28587,123414,508123480
ECU,IPI,43958,209448,895468835
ECU,IPI,10840,20779,87303802
ECU,IPI,2990000,1757,7383349
ECU,IPI,700,6440,26757814
ECU,IPI,800,2560,10636646
ECU,IPI,90,7533,31931257
ECU,IPI,350,3344,14174714
ECU,IPI,65656,319955,1355006221
ECU,IPI,21437,109417,455426362
ECU,IPI,1467,12882,52278344
ECU,IPI,19275,73899,304151705
ECU,IPI,15130,41892,176285973
ECU,IPI,12181,53257,222125509
ECU,IPI,68019,338620,1419123702
ECU,IPI,48011,159819,668149161
ECU,IPI,35640,107832,458749373
ECU,IPI,7021,26772,112435521
ECU,IPI,133144,389613,1649224578
ECU,IPI,594,2577,10465977
ECU,IPI,1754,16444,70843492
ECU,IPI,12302,235528,983492335
ECU,IPI,878,10088,41889699
ECU,IPI,2766,13796,56847332
ECU,IPI,554,2117,8948539
ECU,IPI,804,4685,20250957
ECU,IPI,1982,7496,31007505
ECU,IPI,1200,4320,18950371
ECU,IPI,5,9240,38923500
ECU,IPI,7360,7721,31352207
ECU,IPI,49,310,1258979
ECU,IPI,27000,11433,48036092
ECU,IPI,2880,10312,43847552
ECU,IPI,169,2137,9079943
ECU,IPI,5000,31080,131531659
ECU,IPI,46,387,1569373
ECU,IPI,1884,12514,50770568
ECU,IPI,297,4051,16959861
ECU,IPI,98,776,3148342
ECU,IPI,364,1003,4065759
ECU,IPI,4209,32338,139550634
ECU,IPI,74,170,743802
ECU,IPI,2822,6085,25576022
ECU,IPI,15369,57828,244100795
ECU,IPI,54000,39078,163619977
ECU,IPI,1878,5706,24044871
ECU,IPI,3100,5351,21989965
ECU,IPI,29600,52120,222157120
ECU,IPI,1310,15764,64125379
ECU,IPI,23100,11319,45964535
ECU,IPI,27870,18935,76757865
ECU,IPI,838,11071,47038724
ECU,IPI,29180,35728,151207379
ECU,IPI,200,344,1455152
ECU,IPI,1200,1969,8321702
ECU,IPI,8660,24471,103449898
ECU,IPI,880,2635,11138074
ECU,IPI,21,200,878209
ECU,IPI,4395,19049,77218291
ECU,IPI,11320,53323,216160509
ECU,IPI,4111,31512,133572946
ECU,IPI,19393,80349,326451806
ECU,IPI,685,2105,9042165
ECU,IPI,1367,15359,66335186
ECU,IPI,200,100,405376
ECU,IPI,1000,830,3529235
ECU,IPI,19580,15396,66635303
ECU,IPI,14701,43368,182517789
ECU,IPI,363385,49418,208284394
ECU,IPI,480,26964,118281900
ECU,IPI,21,2281,10005971
ECU,IPI,43025,89237,380965945
ECU,IPI,5373,25643,109095077
ECU,IPI,15583,38075,163152795
ECU,IPI,10000,18600,78842610
ECU,IPI,2114,2354,10173522
ECU,IPI,47,1208,5110069
ECU,IPI,17683,20227,84856033
ECU,IPI,36,821,3487579
ECU,IPI,1225,10572,44920428
ECU,IPI,34,254,1077716
ECU,IPI,264,1499,6575077
ECU,IPI,3479,17403,73946154
ECU,IPI,5215,22564,95874351
ECU,IPI,511,7173,30476080
ECU,IPI,134,2601,11050969
ECU,IPI,323,6962,29581326
ECU,IPI,66,1214,5159986
ECU,IPI,43,902,3831366
ECU,IPI,1911,31147,132342031
ECU,IPI,1178,15631,66417224
ECU,IPI,268,2740,11643535
ECU,IPI,384,5914,25128331
ECU,IPI,776,12984,55170546
ECU,IPI,109,1808,7684189
ECU,IPI,2258,33167,140926158
ECU,IPI,2868,42305,179104845
ECU,IPI,282,6109,25957693
ECU,IPI,1806,22710,96314389
ECU,IPI,339,3913,16625232
ECU,IPI,751,8242,34869026
ECU,IPI,417,5008,21188079
ECU,IPI,1297,17127,72772623
ECU,IPI,70,1238,5258562
ECU,IPI,143,2561,10881434
ECU,IPI,738,15197,64016520
ECU,IPI,9420,180682,779979535
ECU,IPI,2072,32018,140453176
ECU,IPI,3836,6005,24385568
ECU,IPI,12092,20987,86503000
ECU,IPI,19,240,997186
ECU,IPI,69,784,3440019
ECU,IPI,1379,14787,64864225
ECU,IPI,102,2397,9959391
ECU,IPI,120,288,1196623
ECU,IPI,4828,73696,306204120
ECU,IPI,250,1656,6715053
ECU,IPI,72,1988,8350961
ECU,IPI,710,1676,7350287
ECU,IPI,29,492,2156833
ECU,IPI,26,435,1909118
ECU,IPI,350,700,2908457
ECU,IPI,1,5000,20774699
ECU,IPI,18,6174,26233326
ECU,IPI,43450,7131,30322462
ECU,IPI,1,17,72819
ECU,IPI,8,1,3509
ECU,IPI,150,592,2596903
ECU,IPI,100,155,679932
ECU,IPI,100,354,1552878
ECU,IPI,910,546,2261221
ECU,IPI,2000,6765,29675755
ECU,IPI,122,5562,24398691
ECU,IPI,41,398,1745891
ECU,IPI,610,990,4342793
ECU,IPI,1213,78550,323672764
ECU,IPI,50,155,679932
ECU,IPI,28,5413,22742042
ECU,IPI,5,1405,5901469
ECU,IPI,12,1929,8103911
ECU,IPI,79,1550,6512834
ECU,IPI,20,2054,8629943
ECU,IPI,112,54394,227728177
ECU,IPI,2,872,3663314
ECU,IPI,28,1660,6972859
ECU,IPI,22,734,3085604
ECU,IPI,30,1398,6134481
ECU,IPI,202,3019,12745145
ECU,IPI,524,2577,10859779
ECU,IPI,25000,7045,29934205
ECU,IPI,280,1414,6202737
ECU,IPI,130,1186,4813751
ECU,IPI,173,1916,7805714
ECU,IPI,6450,38277,167908185
ECU,IPI,1000,4970,21801700
ECU,IPI,26490,30073,124582317
ECU,IPI,35040,79957,330665894
ECU,IPI,370,1106,4689440
ECU,IPI,22770,50321,213969931
ECU,IPI,48279,183174,758684538
ECU,IPI,4147,49754,210962974
ECU,IPI,5479,15145,63197903
ECU,IPI,2815362,123893,524479390
ECU,IPI,5600,759,3328598
ECU,IPI,472,24980,103429250
ECU,IPI,240,639,2702937
ECU,IPI,33000,17268,71054470
ECU,IPI,564,1456,5933174
ECU,IPI,427984,435583,1853943089
ECU,IPI,522,13043,55136115
ECU,IPI,724,11005,46316750
ECU,IPI,68,881341,3734700913
ECU,IPI,379,659,2759491
ECU,IPI,25,108,436793
ECU,IPI,21200,41262,173757617
ECU,IPI,6853,34468,144318978
ECU,IPI,106453,176377,740359247
ECU,IPI,16500,7095,29383446
ECU,IPI,120000,5800,24648318
ECU,IPI,100,67,271602
ECU,IPI,159,448,1814868
ECU,IPI,5476,2167,8956967
ECU,IPI,450,1838,7797182
ECU,IPI,49,611,2556463
ECU,IPI,500,95,399145
ECU,IPI,75,388,1571845
ECU,IPI,220,430,1819469
ECU,IPI,1560,3765,16499173
ECU,IPI,227,1622,6834512
ECU,IPI,8300,23596,99946399
ECU,IPI,38000,51300,211705960
ECU,IPI,25,142,599732
ECU,IPI,25,166,674951
ECU,IPI,275,250,1058710
ECU,IPI,100,1850,7756331
ECU,IPI,426,1467,5945852
ECU,IPI,190,384,1555833
ECU,IPI,1000,4207,17726191
ECU,IPI,144,1186,4809786
ECU,IPI,600,1852,7509590
ECU,IPI,800,1204,5073620
ECU,IPI,1800,8539,36309660
ECU,IPI,1000,3940,16673962
ECU,IPI,50,715,2898438
ECU,IPI,8000,49200,203417646
ECU,IPI,1025,9712,39376720
ECU,IPI,101,942,3820476
ECU,IPI,540,6183,26157862
ECU,IPI,1568,15024,61394426
ECU,IPI,150,615,2493062
ECU,IPI,225,5970,24271478
ECU,IPI,148,1593,6463298
ECU,IPI,74,683,2860428
ECU,IPI,245,3632,14733361
ECU,IPI,560,2983,12982063
ECU,IPI,180,659,2786111
ECU,IPI,4113,34729,146798687
ECU,IPI,4200,41970,176750409
ECU,IPI,17279,77590,324404165
ECU,IPI,94,459,1941241
ECU,IPI,125,1173,4755060
ECU,IPI,1040,9841,41626031
ECU,IPI,5820,22114,93270497
ECU,IPI,48,187,769402
ECU,IPI,1542,10466,43127645
ECU,IPI,900,12627,53660621
ECU,IPI,625,3625,15177074
ECU,IPI,6174,22111,94265222
ECU,IPI,425,2195,9247810
ECU,IPI,1891,7307,30936595
ECU,IPI,948,4892,20616258
ECU,IPI,1784,6087,26132147
ECU,IPI,1098,5662,23857770
ECU,IPI,1789,6672,28635559
ECU,IPI,298,1540,6488671
ECU,IPI,4355,17473,74061510
ECU,IPI,72,372,1565574
ECU,IPI,44173,163232,696751866
ECU,IPI,2374,12246,51602254
ECU,IPI,11131,33758,143448169
ECU,IPI,807,4162,17538543
ECU,IPI,11476,41953,179486902
ECU,IPI,103,534,2248574
ECU,IPI,4183,7503,31679186
ECU,IPI,69,253,1066310
ECU,IPI,21963,83882,357761397
ECU,IPI,859,4433,18679686
ECU,IPI,245,5488,24072235
ECU,IPI,1030,3362,14552812
ECU,IPI,2424,8829,37580399
ECU,IPI,520,2681,11296811
ECU,IPI,72,760,3213571
ECU,IPI,2600,7306,30788403
ECU,IPI,2,19,75400
ECU,IPI,3,20,79900
ECU,IPI,9303,39048,159071066
ECU,IPI,100,152,635504
ECU,IPI,142,627,2582228
ECU,IPI,136,222,932782
ECU,IPI,10173,21295,90353699
ECU,IPI,2435,20788,88097208
ECU,IPI,200,1134,4596964
ECU,IPI,1220,3440,14458707
ECU,IPI,26506,18828,82590280
ECU,IPI,1840,4004,16231255
ECU,IPI,580,2106,8853947
ECU,IPI,100,510,2067418
ECU,IPI,14000,13888,58268076
ECU,IPI,44000,48758,203670639
ECU,IPI,1000,1412,5948145
ECU,IPI,900,1791,7856508
ECU,IPI,4723,9519,39467285
ECU,IPI,530,2076,8668141
ECU,IPI,245,659,2671833
ECU,IPI,47031,167405,700725779
ECU,IPI,70,434,1759332
ECU,IPI,15,141,573404
ECU,IPI,15,33,133166
ECU,IPI,480,878,3732945
ECU,IPI,386,4649,19590241
ECU,IPI,215,1546,6266505
ECU,IPI,425,2703,10957313
ECU,IPI,1400,7084,29190472
ECU,IPI,106,438,1777047
ECU,IPI,4,15,63798
ECU,IPI,40323,196060,827548399
ECU,IPI,24,191,812706
ECU,IPI,10,44,181307
ECU,IPI,4826713,409926,1740913883
ECU,IPI,990,287,1206259
ECU,IPI,95548,37090,156913283
ECU,IPI,2,3866,16355538
ECU,IPI,56908,378434,1601167062
ECU,IPI,6,519,2138272
ECU,IPI,120,116,481973
ECU,IPI,40,60,249296
ECU,IPI,35,521,2285450
ECU,IPI,141,2080,9124253
ECU,IPI,1,676,2740342
ECU,IPI,2,3226,13077430
ECU,IPI,1,232,982820
ECU,IPI,97,2499,10573987
ECU,IPI,38086,59528,246134781
ECU,IPI,3535,6283,26695490
ECU,IPI,32730,59111,251555354
ECU,IPI,61706,118221,514292661
ECU,IPI,17891,37377,163960937
ECU,IPI,8,28,112086
ECU,IPI,20000,5600,23798376
ECU,IPI,1825,2285,9567108
ECU,IPI,83739,28658,120763067
ECU,IPI,36218,11051,46567908
ECU,IPI,606,1572,6401745
ECU,IPI,2674,22708,93571039
ECU,IPI,60,14642,61943492
ECU,IPI,118,1529,6419779
ECU,IPI,14,247,1037161
ECU,IPI,212,2002,8439435
ECU,IPI,126,887,3743236
ECU,IPI,635,3309,13944891
ECU,IPI,72,397,1679284
ECU,IPI,19,99,415231
ECU,IPI,481,2722,11492613
ECU,IPI,209,1465,6192646
ECU,IPI,137,430,1813573
ECU,IPI,66,270,1138427
ECU,IPI,938,3271,13782288
ECU,IPI,279,3454,14268346
ECU,IPI,421,4709,20641710
ECU,IPI,20,200,877332
ECU,IPI,343,3802,16594901
ECU,IPI,570,6958,30404864
ECU,IPI,7,56,245653
ECU,IPI,504,2083,8792745
ECU,IPI,93,462,1971498
ECU,IPI,999,6495,27305412
ECU,IPI,12,112,467411
ECU,IPI,463,1526,6367403
ECU,IPI,25,73,307723
ECU,IPI,1245,7694,32503061
ECU,IPI,463,5036,20992341
ECU,IPI,149,517,2186814
ECU,IPI,11933,51825,218702321
ECU,IPI,778,3928,16493627
ECU,IPI,1578,13117,55696600
ECU,IPI,163,3267,14329420
ECU,IPI,49,1206,5290312
ECU,IPI,463,6889,29675023
ECU,IPI,936,4376,18446756
ECU,IPI,318,2023,8548214
ECU,IPI,341,2174,9108035
ECU,IPI,1105,5311,22449260
ECU,IPI,8,104,456213
ECU,IPI,176,2236,9213212
ECU,IPI,14,48,210560
ECU,IPI,146,5181,22379422
ECU,IPI,381,18083,79296354
ECU,IPI,66,1864,8178270
ECU,IPI,221,7863,34492966
ECU,IPI,30,1890,8290787
ECU,IPI,788,14949,64858703
ECU,IPI,37,444,1840404
ECU,IPI,88,3012,13169249
ECU,IPI,59,1203,5277766
ECU,IPI,75,1618,7096519
ECU,IPI,87,2008,8751833
ECU,IPI,10,166,727747
ECU,IPI,34,453,1987683
ECU,IPI,963,17795,76014292
ECU,IPI,364,6317,27709698
ECU,IPI,444,7780,33233607
ECU,IPI,709,11411,49578588
ECU,IPI,3,69,302680
ECU,IPI,319,4650,20355117
ECU,IPI,904,10314,45031514
ECU,IPI,171,2733,11402347
ECU,IPI,96,715,3026705
ECU,IPI,1,32,136067
ECU,IPI,46,304,1283971
ECU,IPI,122,2915,12645401
ECU,IPI,38,446,1941648
ECU,IPI,781,8378,35605473
ECU,IPI,862,5989,25452661
ECU,IPI,134,1175,5135486
ECU,IPI,17697,20735,90776704
ECU,IPI,6,1752,7218131
ECU,IPI,9200,5075,21076124
ECU,IPI,7909,34645,151976099
ECU,IPI,4,95,394885
ECU,IPI,2686,11767,51618530
ECU,IPI,336,151,628227
ECU,IPI,99,1261,5110535
ECU,IPI,50,1020,4136862
ECU,IPI,1,33,137381
ECU,IPI,4,82,337067
ECU,IPI,5,75,317296
ECU,IPI,25,410,1723563
ECU,IPI,46,1451,5977454
ECU,IPI,29,144,584268
ECU,IPI,1392,32284,135171714
ECU,IPI,18,338220,1430876914
ECU,IPI,2,3092,13081046
ECU,IPI,4,5992,25349815
ECU,IPI,2,48318,204414614
ECU,IPI,1864,10855,44003767
ECU,IPI,3,1800,7629930
ECU,IPI,1,95,401908
ECU,IPI,6,27424,116524151
ECU,IPI,3,1000,4249710
ECU,IPI,2,34788,147174461
ECU,IPI,2,7500,31872825
ECU,IPI,145,374,1516512
ECU,IPI,2,34788,147174461
ECU,IPI,1,150,634592
ECU,IPI,10,15,60806
ECU,IPI,1,10,43867
ECU,IPI,50,6075,25649197
ECU,IPI,3,90,380755
ECU,IPI,1,80,338449
ECU,IPI,88,14642,61943492
ECU,IPI,167,2153,8870541
ECU,IPI,1170,10206,44768629
ECU,IPI,4,163892,693363134
ECU,IPI,12,768,3263232
ECU,IPI,208,521,2214579
ECU,IPI,14,2631,11052545
ECU,IPI,4,1020,4183663
ECU,IPI,1,318,1311305
ECU,IPI,814,167168,703004292
ECU,IPI,55,31324,128827910
ECU,IPI,433,8646,35642289
ECU,IPI,10,171,726275
ECU,IPI,150,2349,9981421
ECU,IPI,6,14642,61943703
ECU,IPI,20,19320,81735385
ECU,IPI,4,1869,7702551
ECU,IPI,4,133080,563009579
ECU,IPI,10,298002,1260730241
ECU,IPI,23,2185,9148617
ECU,IPI,500,1850,7745968
ECU,IPI,30,90,394799
ECU,IPI,769,4353,18974942
ECU,IPI,6523,13705,59746580
ECU,IPI,372,1487,6483997
ECU,IPI,78,387,1646409
ECU,IPI,736,2237,9512861
ECU,IPI,60,945,3878611
ECU,IPI,19175,74182,311911395
ECU,IPI,7750,37841,160141511
ECU,IPI,19534,61144,257628118
ECU,IPI,3421,7719,32822478
ECU,IPI,23570,49247,209400635
ECU,IPI,1954,7458,31547996
ECU,IPI,799,5483,23180259
ECU,IPI,1951,11439,48267395
ECU,IPI,7632,124008,513570948
ECU,IPI,5462,11341,48224824
ECU,IPI,2318,5424,23061295
ECU,IPI,272,772,3284654
ECU,IPI,150,1656,7041461
ECU,IPI,1742,6588,27585906
ECU,IPI,488,2137,9088587
ECU,IPI,1700,3043,12939110
ECU,IPI,4172,10189,43323695
ECU,IPI,1158,12820,53266331
ECU,IPI,20,651,2638998
ECU,IPI,13455,64261,264224915
ECU,IPI,174590,135264,569895531
ECU,IPI,54000,39078,163619977
ECU,IPI,34700,59567,252916859
ECU,IPI,30100,21214,86148316
ECU,IPI,46,516,2143949
ECU,IPI,30650,20415,86757830
ECU,IPI,2000,600,2492963
ECU,IPI,4281,12201,50693800
ECU,IPI,41040,14088,58135873
ECU,IPI,1380,7325,31130358
ECU,IPI,3286,12104,51439212
ECU,IPI,380,5674,24111197
ECU,IPI,26,599,2546851
ECU,IPI,111,3441,14623252
ECU,IPI,2168,39027,165855047
ECU,IPI,121,2207,9377070
ECU,IPI,1427,22640,96212584
ECU,IPI,2772,47017,199809975
ECU,IPI,149,1667,7085584
ECU,IPI,563,6366,27054079
ECU,IPI,235,3062,13013249
ECU,IPI,206,3082,13096586
ECU,IPI,402,936,3932632
ECU,IPI,4,600,2549826
ECU,IPI,4375,6440,27368132
ECU,IPI,5930,13006,55273853
ECU,IPI,4,223,947366
ECU,IPI,40000,84,351248
ECU,IPI,258,57137,242950306
ECU,IPI,78,20914,88928806
ECU,IPI,9,1064,4470428
ECU,IPI,100,325,1364657
ECU,IPI,40,29219,123653085
ECU,IPI,2310,5059,21019426
ECU,IPI,9200,24788,104868361
ECU,IPI,740,2257,9548487
ECU,IPI,17000,21760,89664691
ECU,IPI,412,3160,13437625
ECU,IPI,211966,8916,37909678
ECU,IPI,354,15511,65620442
ECU,IPI,440,1136,4804619
ECU,IPI,97116,91289,397965441
ECU,IPI,788,3030,12687980
ECU,IPI,12941,31747,134570644
ECU,IPI,191,2365471,9892061200
ECU,IPI,6236,30401,133358631
ECU,IPI,210,2491,10925328
ECU,IPI,125,1158,5079752
ECU,IPI,47000,54050,232642009
ECU,IPI,81000,14663,62154258
ECU,IPI,75,4,19124
ECU,IPI,227,653,2775826
ECU,IPI,19805,5925,25119009
ECU,IPI,5000,950,4020372
ECU,IPI,100,6730,28595770
ECU,IPI,181,298,1264544
ECU,IPI,300,2010,8541917
ECU,IPI,116,190,805872
ECU,IPI,125,122,520589
ECU,IPI,16000,30567,133251905
ECU,IPI,5,199,844630
ECU,IPI,30,207,878415
ECU,IPI,200,378,1606390
ECU,IPI,251,1606,6826734
ECU,IPI,220,671,2851555
ECU,IPI,180,2587,10992300
ECU,IPI,29000,50479,214643122
ECU,IPI,208,1163,4943985
ECU,IPI,75,403,1711571
ECU,IPI,1848,15657,65782053
ECU,IPI,486,3041,12814351
ECU,IPI,13327,60440,255695953
ECU,IPI,1593,9658,40751446
ECU,IPI,78,267,1119918
ECU,IPI,380,4470,19608853
ECU,IPI,5744,14905,61419448
ECU,IPI,636,1651,6804009
ECU,IPI,1559,4046,16672811
ECU,IPI,26631,69111,284778727
ECU,IPI,1711,4441,18299138
ECU,IPI,3978,10323,42535718
ECU,IPI,6762,17547,72306373
ECU,IPI,1140,2957,12186569
ECU,IPI,5,45,190175
ECU,IPI,190,559,2350504
ECU,IPI,4050,14578,61429148
ECU,IPI,136,203,862436
ECU,IPI,25,285,1210105
ECU,IPI,10,239,1016531
ECU,IPI,10,105,444520
ECU,IPI,3000,3840,16318886
ECU,IPI,810,24882,105297291
ECU,IPI,240,674,2866004
ECU,IPI,218,1304,5541707
ECU,IPI,225,608,2581699
ECU,IPI,186,1399,5944154
ECU,IPI,75,463,1966553
ECU,IPI,1000,2250,9561848
ECU,IPI,30,603,2563850
ECU,IPI,275,676,2874929
ECU,IPI,60,414,1761080
ECU,IPI,2970,861,3660275
ECU,IPI,10650,6651,28191913
ECU,IPI,870,1914,8396067
ECU,IPI,700,6125,25801562
ECU,IPI,12,240,1008367
ECU,IPI,18,334,1403311
ECU,IPI,3,33,138650
ECU,IPI,2,118,495781
ECU,IPI,200,3036,12755845
ECU,IPI,3286,5447,22807774
ECU,IPI,17361,30585,128060538
ECU,IPI,316,771,3262477
ECU,IPI,3,69,289906
ECU,IPI,1,26,106209
ECU,IPI,1,22,87561
ECU,IPI,2,49,200256
ECU,IPI,632,9533,40053185
ECU,IPI,35,513,2155385
ECU,IPI,13,182,739406
ECU,IPI,134,1440,6047059
ECU,IPI,25,254,1067189
ECU,IPI,614,7202,30309223
ECU,IPI,53,557,2333932
ECU,IPI,2,66,269170
ECU,IPI,1,26,106209
ECU,IPI,182,4927,20659714
ECU,IPI,25,702,2903414
ECU,IPI,25,689,2871183
ECU,IPI,40,136,571408
ECU,IPI,3,33,138650
ECU,IPI,48,2431,10213919
ECU,IPI,390,14702,61770894
ECU,IPI,81,3117,13070241
ECU,IPI,237,9734,40886752
ECU,IPI,864,25941,108991890
ECU,IPI,260,6370,26763746
ECU,IPI,3,54,226883
ECU,IPI,25,745,3111248
ECU,IPI,2,37,149178
ECU,IPI,53,1639,6889862
ECU,IPI,22,397,1666969
ECU,IPI,1,20,82291
ECU,IPI,5,109,452526
ECU,IPI,298,7296,30525368
ECU,IPI,17,413,1672987
ECU,IPI,69,1872,7892654
ECU,IPI,988,20672,86854028
ECU,IPI,509,11600,48757420
ECU,IPI,124,2461,10221144
ECU,IPI,62,1640,6914136
ECU,IPI,1,31,125261
ECU,IPI,123,1476,6201458
ECU,IPI,230,2489,10457608
ECU,IPI,2777,3436,14436457
ECU,IPI,9,5058,22187551
ECU,IPI,60,409,1738981
ECU,IPI,25,534,2267220
ECU,IPI,200,13380,56527021
ECU,IPI,300,600,2492963
ECU,IPI,11353,253839,1091963636
ECU,IPI,156,60306,264542971
ECU,IPI,1521,34158,149797048
ECU,IPI,2,7129,31271271
ECU,IPI,4,3,12717
ECU,IPI,2,2,6803
ECU,IPI,3,1,4188
ECU,IPI,2,20,87733
ECU,IPI,2,18,78960
ECU,IPI,2,18,78960
ECU,IPI,2,14,58549
ECU,IPI,1,1,3402
ECU,IPI,1,8,35093
ECU,IPI,2,40,166198
ECU,IPI,1000,10,40608
ECU,IPI,1,8,35292
ECU,IPI,576,2448,10315799
ECU,IPI,1367,7973,33599163
ECU,IPI,40,20,83099
ECU,IPI,20000,200,877332
ECU,IPI,5000,50,219333
ECU,IPI,613,92,387475
ECU,IPI,800,160,648602
ECU,IPI,200,3,12638
ECU,IPI,114200,4005,16871062
ECU,IPI,200,1,4212
ECU,IPI,147,550,2325064
ECU,IPI,150,788,3352390
ECU,IPI,1300,11619,49185608
ECU,IPI,1000,8980,37990878
ECU,IPI,2,7291,30903463
ECU,IPI,30000,18900,80306100
ECU,IPI,202,1363,5792237
ECU,IPI,1339,13443,57120157
ECU,IPI,185,1716,7291284
ECU,IPI,20,298,1265437
ECU,IPI,4329,16735,70821510
ECU,IPI,420,1951,8291711
ECU,IPI,540,9296,39527088
ECU,IPI,1966,3735,15804884
ECU,IPI,7488,12542,53079061
ECU,IPI,10000,1930,8466254
ECU,IPI,500,5984,25443996
ECU,IPI,25,213,889907
ECU,IPI,1128,6375,26691435
ECU,IPI,2691,24890,105743194
ECU,IPI,8187,50282,212794033
ECU,IPI,1154,10434,44364606
ECU,IPI,5024,13657,58029655
ECU,IPI,2490,6769,28760206
ECU,IPI,355,12271,53494197
ECU,IPI,1270,31079,135485793
ECU,IPI,162,10259,43104673
ECU,IPI,191,16620,69827328
ECU,IPI,122,1619,6800428
ECU,IPI,389,12290,51636804
ECU,IPI,25,106,452082
ECU,IPI,61630,74253,310198578
ECU,IPI,345,1000,4214981
ECU,IPI,30070,21196,87341115
ECU,IPI,864,10279,43316072
ECU,IPI,145000,5075,21322765
ECU,IPI,31490,2600,11404395
ECU,IPI,258,5016,21122478
ECU,IPI,16653,5479,22210835
ECU,IPI,37600,7872,31966854
ECU,IPI,739,11051,48476102
ECU,IPI,1000,1550,6512372
ECU,IPI,2053,23088,101278680
ECU,IPI,2644,58657,244706839
ECU,IPI,66,2079,9019495
ECU,IPI,113,1308,5311160
ECU,IPI,1768,9205,40379381
ECU,IPI,370,1824,8000390
ECU,IPI,383,2557,11217611
ECU,IPI,102,694,3046404
ECU,IPI,3948,13410,56981621
ECU,IPI,104,415,1820288
ECU,IPI,3322,11282,48211376
ECU,IPI,53,998,4206055
ECU,IPI,10,177,746034
ECU,IPI,37,353,1546780
ECU,IPI,3592,8226,34776286
ECU,IPI,46,357,1518763
ECU,IPI,1,8,33950
ECU,IPI,50,242,1061572
ECU,IPI,4811,11732,50303050
ECU,IPI,974,6781,29276693
ECU,IPI,45,625,2633276
ECU,IPI,1178,4448,19050721
ECU,IPI,247,1493,6425466
ECU,IPI,1395,15432,65571800
ECU,IPI,872,10793,45345223
ECU,IPI,2713,7324,31438228
ECU,IPI,241,6676,28124461
ECU,IPI,50,420,1842090
ECU,IPI,62,826,3405528
ECU,IPI,95,1448,5965834
ECU,IPI,537,6098,25656686
ECU,IPI,70,500,2108317
ECU,IPI,124,914,4008881
ECU,IPI,4961,62314,263483046
ECU,IPI,621,7547,31131603
ECU,IPI,1727,22105,93283207
ECU,IPI,2819,36304,157291690
ECU,IPI,1035,9148,38482402
ECU,IPI,327,2525,11078027
ECU,IPI,77,570,2496065
ECU,IPI,103,1060,4649289
ECU,IPI,4282,20581,87934033
ECU,IPI,4501,3573,15669316
ECU,IPI,1,9,38199
ECU,IPI,1000,5150,22591299
ECU,IPI,1302,32002,140383297
ECU,IPI,11777,25135,106818331
ECU,IPI,42500,14288,62336289
ECU,IPI,3646,17400,73321814
ECU,IPI,865,3031,12772543
ECU,IPI,8736,136681,587403739
ECU,IPI,11422,21685,92206572
ECU,IPI,54,205,856578
ECU,IPI,212,2269,9641831
ECU,IPI,80000,10320,43744932
ECU,IPI,29000,1150,4874889
ECU,IPI,21120,2983,12354093
ECU,IPI,28,1952,8511293
ECU,IPI,16,198,864905
ECU,IPI,4478,12269,53819317
ECU,IPI,1428,23404,100299406
ECU,IPI,46,409,1739541
ECU,IPI,780,426,1857104
ECU,IPI,62,1445,5867047
ECU,IPI,25,597,2524752
ECU,IPI,22200,2395,10028894
ECU,IPI,20,2270,9646842
ECU,IPI,17136,67736,297134539
ECU,IPI,2,3138,13275654
ECU,IPI,29340,11149,47372866
ECU,IPI,79,1335,5854919
ECU,IPI,33,1276,5179914
ECU,IPI,278,5264,22317973
ECU,IPI,82600,17855,75864450
ECU,IPI,18144,40096,169685069
ECU,IPI,240,360,1579198
ECU,IPI,83544,136775,579758906
ECU,IPI,252,3553,15587470
ECU,IPI,228,3794,16125102
ECU,IPI,19536,146781,634873451
ECU,IPI,5028,73560,317594397
ECU,IPI,17,122,518760
ECU,IPI,34940,50663,212862114
ECU,IPI,51,601,2554116
ECU,IPI,4200,11051,46553180
ECU,IPI,630,5340,22004111
ECU,IPI,138690,514186,2169971216
ECU,IPI,64000,15104,64176896
ECU,IPI,160,3336,14633898
ECU,IPI,242680250,61449646,253211000000
ECU,IPI,1361,5317,22607172
ECU,IPI,2000,7380,29968925
ECU,IPI,99,514,2151118
ECU,IPI,200,978,4128519
ECU,IPI,400,3810,15699562
ECU,IPI,444,8607,35969801
ECU,IPI,10,344,1463952
ECU,IPI,360,3388,14302703
ECU,IPI,125,1259,5313675
ECU,IPI,48,734,3221958
ECU,IPI,1020,3121,13175802
ECU,IPI,48,647,2708744
ECU,IPI,1992,13898,58561657
ECU,IPI,100,1364,5798065
ECU,IPI,2000,4640,19427726
ECU,IPI,992,4713,19735179
ECU,IPI,0,84,355406
ECU,IPI,1125,12331,51964192
ECU,IPI,12,490,2065435
ECU,IPI,25,329,1377945
ECU,IPI,2,500,2107912
ECU,IPI,12,142,599816
ECU,IPI,6036,37123,162844444
ECU,IPI,1000,2780,11737410
ECU,IPI,12055,56936,239841046
ECU,IPI,2445,41490,179594993
ECU,IPI,23,1949,8190463
ECU,IPI,180,13205,55481120
ECU,IPI,941,25480,107055489
ECU,IPI,2090,13400,56574739
ECU,IPI,168,1103,4837609
ECU,IPI,800,5733,24201571
ECU,IPI,1,1248,5273838
ECU,IPI,30000,19531,82564013
ECU,IPI,5052,21443,92124505
ECU,IPI,45000,44660,187802951
ECU,IPI,15,84,358961
ECU,IPI,690,8869,36942533
ECU,IPI,2170,10763,45433639
ECU,IPI,120,113,495078
ECU,IPI,182508,16200,69084505
ECU,IPI,112800,2430,10594219
ECU,IPI,109008,54666,231095685
ECU,IPI,2080,1021,4477727
ECU,IPI,1678,10292,44357138
ECU,IPI,70,192,844432
ECU,IPI,49460,12383,51849420
ECU,IPI,18000,4860,20479894
ECU,IPI,200,646,2755154
ECU,IPI,35,51,216093
ECU,IPI,500,6375,27087375
ECU,IPI,300,771,3382115
ECU,IPI,9,58,247078
ECU,IPI,268,1265,5329908
ECU,IPI,6800,1608,6833534
ECU,IPI,15,356,1504866
ECU,IPI,480,6230,25669897
ECU,IPI,2823,16763,73535336
ECU,IPI,1750,1848,7785206
ECU,IPI,31385,5458,23111152
ECU,IPI,1105,28431,120803829
ECU,IPI,70,1621,6853022
ECU,IPI,89,3789,16099588
ECU,IPI,1478,15208,66712325
ECU,IPI,531,5389,23641378
ECU,IPI,360,5039,21098498
ECU,IPI,247,2633,11024481
ECU,IPI,4,69,290578
ECU,IPI,184,1151,4834540
ECU,IPI,499,4827,20136528
ECU,IPI,17,94,392197
ECU,IPI,652,6967,28384920
ECU,IPI,763,5033,21106168
ECU,IPI,53,324,1356734
ECU,IPI,144,457,1912608
ECU,IPI,2,8,34621
ECU,IPI,289,919,3852336
ECU,IPI,100,369,1545007
ECU,IPI,9318,103358,439065036
ECU,IPI,50,194,822319
ECU,IPI,15,61,257232
ECU,IPI,25,97,406140
ECU,IPI,830,5323,22311501
ECU,IPI,530,4517,18616435
ECU,IPI,258,687,2887092
ECU,IPI,5309,19508,80423127
ECU,IPI,772,4042,16888645
ECU,IPI,1061,5861,23923869
ECU,IPI,10,42,174598
ECU,IPI,78,301,1271187
ECU,IPI,10757,58180,242580227
ECU,IPI,2652,14964,61224858
ECU,IPI,1703,14758,61940572
ECU,IPI,1531,8384,34777625
ECU,IPI,617,2971,12278740
ECU,IPI,486,1815,7661907
ECU,IPI,164,922,3870565
ECU,IPI,586,4953,20277417
ECU,IPI,220,1808,7513793
ECU,IPI,285,1359,5510413
ECU,IPI,142,2254,9555851
ECU,IPI,14,249,1056648
ECU,IPI,373,5593,23706828
ECU,IPI,114,980,4039856
ECU,IPI,47,910,3868893
ECU,IPI,1855,23037,97627259
ECU,IPI,2222,31420,132581579
ECU,IPI,2305,25585,105425239
ECU,IPI,42,393,1670646
ECU,IPI,248,2530,10254391
ECU,IPI,735,10479,42626143
ECU,IPI,8,82,344357
ECU,IPI,484,6945,28563103
ECU,IPI,943,11869,49003904
ECU,IPI,253,2664,11085483
ECU,IPI,240,2568,10410056
ECU,IPI,548,3586,14605448
ECU,IPI,13729,169006,710567048
ECU,IPI,1472,12346,50171053
ECU,IPI,118,1180,5013820
ECU,IPI,1535,19723,83209925
ECU,IPI,428,3951,16281394
ECU,IPI,1044,9431,38577150
ECU,IPI,156,1279,5271097
ECU,IPI,788,7133,28914659
ECU,IPI,427,2928,12064763
ECU,IPI,47,418,1698645
ECU,IPI,2473,18405,75839393
ECU,IPI,599,4165,17162382
ECU,IPI,485,3137,13157190
ECU,IPI,280,3164,12826097
ECU,IPI,8230,61714,259465368
ECU,IPI,30,8,33433
ECU,IPI,20,46,192242
ECU,IPI,23,141,598444
ECU,IPI,20,62,263499
ECU,IPI,709,5068,21537743
ECU,IPI,15,22,92828
ECU,IPI,912,2262,9397477
ECU,IPI,109,640,2807462
ECU,IPI,3474,15497,62821929
ECU,IPI,788,3613,14647046
ECU,IPI,1250,862,3607109
ECU,IPI,30,31,130230
ECU,IPI,945,1970,8639790
ECU,IPI,2300,2670,11253407
ECU,IPI,50,194,820680
ECU,IPI,6128,135746,550283326
ECU,IPI,1,8835,37540510
ECU,IPI,540,265,1160710
ECU,IPI,24,33,145286
ECU,IPI,120,5784,25374635
ECU,IPI,9633,904,3826181
ECU,IPI,1000,2000,8107520
ECU,IPI,5286,21317,89987371
ECU,IPI,1,15228,66800058
ECU,IPI,210,567,2298482
ECU,IPI,350,7701,33780353
ECU,IPI,646,28328,114836170
ECU,IPI,6,19,81262
ECU,IPI,115,262,1104653
ECU,IPI,12250,2585,10990632
ECU,IPI,36,32,133776
ECU,IPI,2004,3206,13471786
ECU,IPI,434,1600,7018217
ECU,IPI,822,4187,17529462
ECU,IPI,48,553,2314998
ECU,IPI,6400,34766,146968553
ECU,IPI,220,1125,4756363
ECU,IPI,631,9609,40622512
ECU,IPI,250,1200,5023240
ECU,IPI,11000,10188,42931926
ECU,IPI,36729,17325,73240377
ECU,IPI,25000,17250,73001482
ECU,IPI,7200,24950,104828174
ECU,IPI,1205,4916,20753324
ECU,IPI,2079,11987,50602773
ECU,IPI,7964,52648,222247952
ECU,IPI,140,4840,21100237
ECU,IPI,1735,24500,106805299
ECU,IPI,60260,74006,305798336
ECU,IPI,746,6035,25475033
ECU,IPI,30160,21286,86437487
ECU,IPI,40105,11305,47497204
ECU,IPI,32304,6634,27944756
ECU,IPI,32250,3232,13612904
ECU,IPI,203,266,1166544
ECU,IPI,2510,12939,56385236
ECU,IPI,658,7369,32125290
ECU,IPI,304,21855,90806214
ECU,IPI,592,6250,25755523
ECU,IPI,10600,12720,53443462
ECU,IPI,1800,4140,18160772
ECU,IPI,3,80,337842
ECU,IPI,15,549,2313421
ECU,IPI,758,8424,35488080
ECU,IPI,31,728,3068680
ECU,IPI,555,4510,19184742
ECU,IPI,256,2739,11592212
ECU,IPI,407,1726,7570936
ECU,IPI,2023,1116,4897706
ECU,IPI,6369,35925,157426665
ECU,IPI,5983,29320,125047160
ECU,IPI,2814,18627,79760230
ECU,IPI,54,173,726613
ECU,IPI,76,239,1002779
ECU,IPI,56,257,1081306
ECU,IPI,7048,30429,128658375
ECU,IPI,3178,15161,63671266
ECU,IPI,1288,10709,45136704
ECU,IPI,408,1438,6307315
ECU,IPI,398,1373,6023323
ECU,IPI,1960,10447,43804008
ECU,IPI,200,1390,5840127
ECU,IPI,387,2428,10650503
ECU,IPI,198,2128,9337006
ECU,IPI,394,1539,6749183
ECU,IPI,100,875,3676339
ECU,IPI,198,1045,4585990
ECU,IPI,2431,14623,64032757
ECU,IPI,400,3625,15230546
ECU,IPI,770,7823,32832084
ECU,IPI,388,2945,12569179
ECU,IPI,1273,9884,41492196
ECU,IPI,1007,5262,23084667
ECU,IPI,393,1419,6222565
ECU,IPI,4794,34579,144946588
ECU,IPI,333,3881,16304541
ECU,IPI,168,1159,4905700
ECU,IPI,300,3600,15693839
ECU,IPI,118,2242,9773775
ECU,IPI,3392,62372,271904496
ECU,IPI,2071,11633,51030454
ECU,IPI,50,200,871879
ECU,IPI,2393,21526,91246545
ECU,IPI,3100,2582,10915121
ECU,IPI,25000,5250,22307250
ECU,IPI,4,82,340156
ECU,IPI,8,245,996203
ECU,IPI,122,3796,16490804
ECU,IPI,44,2595,10780158
ECU,IPI,3,2406,10488716
ECU,IPI,23,1577,6916315
ECU,IPI,128,2406,9769220
ECU,IPI,91,3493,15134479
ECU,IPI,299,2462,10308879
ECU,IPI,221,1755,7349710
ECU,IPI,97,1369,5732100
ECU,IPI,208,3461,14716994
ECU,IPI,9073,49664,211174012
ECU,IPI,3222,38200,158719539
ECU,IPI,3591,13675,59614751
ECU,IPI,96,126,522027
ECU,IPI,150,930,3942130
ECU,IPI,700,2260,9579801
ECU,IPI,500,1335,5658865
ECU,IPI,1471,7600,31577959
ECU,IPI,2200,4994,21906980
ECU,IPI,20,747,3256036
ECU,IPI,382,8431,36752576
ECU,IPI,125,675,2861224
ECU,IPI,1600,2710,11487284
ECU,IPI,370,1056,4476226
ECU,IPI,300,390,1653152
ECU,IPI,160,400,1695540
ECU,IPI,1000,1280,5614925
ECU,IPI,200,415,1759123
ECU,IPI,1254,3918,16585983
ECU,IPI,205,2192,9235822
ECU,IPI,792,12913,54512878
ECU,IPI,2162,4636,19653004
ECU,IPI,7000,456,1915730
ECU,IPI,780,11996,50850940
ECU,IPI,40130,17424,75957314
ECU,IPI,432,929,3937044
ECU,IPI,6800,11333,47740262
ECU,IPI,11635,2302,9673519
ECU,IPI,3425,7775,32200861
ECU,IPI,924,9455,39158380
ECU,IPI,2,10,40707
ECU,IPI,82,635,2677304
ECU,IPI,14,116,490085
ECU,IPI,60,376,1582767
ECU,IPI,124,646,2723067
ECU,IPI,98,1013,4269763
ECU,IPI,2,18,77790
ECU,IPI,150,760,3202786
ECU,IPI,6,55,233370
ECU,IPI,75,1003,4228635
ECU,IPI,959,14331,60936702
ECU,IPI,3036,37089,157704958
ECU,IPI,106,974,4103564
ECU,IPI,2,11,47281
ECU,IPI,148,1480,6492257
ECU,IPI,30,300,1315998
ECU,IPI,6098,72413,312351100
ECU,IPI,108,1080,4737593
ECU,IPI,111,1066,4666930
ECU,IPI,30,274,1152942
ECU,IPI,24,127,533741
ECU,IPI,6,42,174964
ECU,IPI,2,14,58321
ECU,IPI,10884,70500,302123968
ECU,IPI,65,952,4025152
ECU,IPI,5969,19459,82679506
ECU,IPI,1000,12500,52985625
ECU,IPI,2228,10966,46596234
ECU,IPI,9,169,713154
ECU,IPI,1025,4986,21186024
ECU,IPI,2400,56520,229118515
ECU,IPI,60,200,847770
ECU,IPI,2637,264,1156762
ECU,IPI,5040,50,213322
ECU,IPI,63,534,2200411
ECU,IPI,11097,40466,171134068
ECU,IPI,4157,8630,36131803
ECU,IPI,1173,8732,38068460
ECU,IPI,1,11566,48894585
ECU,IPI,117,222,940767
ECU,IPI,360,603,2551878
ECU,IPI,2772,10952,45863054
ECU,IPI,187,711,3007238
ECU,IPI,38090,69705,294035502
ECU,IPI,8049,42985,180603817
ECU,IPI,63,58086,245105175
ECU,IPI,16880,28176,119433838
ECU,IPI,314,524,2200551
ECU,IPI,268,597,2509322
ECU,IPI,84,261,1096599
ECU,IPI,37,703,2953087
ECU,IPI,10,10948,46134544
ECU,IPI,200,10946,46308257
ECU,IPI,32,521,2212454
ECU,IPI,1,1792,7596019
ECU,IPI,2000,46470,196979360
ECU,IPI,530,1572,6677304
ECU,IPI,29750,9312,39364399
ECU,IPI,1,4810,20452553
ECU,IPI,1806,4102,17389034
ECU,IPI,3510,36328,147523863
ECU,IPI,1025,6836,28860645
ECU,IPI,1325,16234,68539805
ECU,IPI,26460,21499,90769657
ECU,IPI,23562,56406,232427692
ECU,IPI,1294094,138776,583407951
ECU,IPI,100000,16503,69678165
ECU,IPI,130,263,1118847
ECU,IPI,5298,8555,36270759
ECU,IPI,3,5,21882
ECU,IPI,870,1262,5278629
ECU,IPI,11832,20421,85957707
ECU,IPI,1526,2619,11121358
ECU,IPI,2879,4227,17780404
ECU,IPI,8351,12706,53125155
ECU,IPI,9984,17681,74969526
ECU,IPI,23,42,180370
ECU,IPI,7937,12604,53563953
ECU,IPI,1613,2848,12064217
ECU,IPI,37,73,308528
ECU,IPI,1914,4578,19773223
ECU,IPI,682,815,3322026
ECU,IPI,3382,4360,18733574
ECU,IPI,1390,1743,7348730
ECU,IPI,3861,5875,24959955
ECU,IPI,3828,4973,20719901
ECU,IPI,1216,1723,7269839
ECU,IPI,1214,2748,11553653
ECU,IPI,1684,3569,15105568
ECU,IPI,2561,4937,20800974
ECU,IPI,2545,4538,18757620
ECU,IPI,194,392,1711105
ECU,IPI,9504,13411,56363140
ECU,IPI,17771,25750,108958523
ECU,IPI,1407,1865,7728444
ECU,IPI,725,1099,4696005
ECU,IPI,43653,56517,240294225
ECU,IPI,2735,3728,15493473
ECU,IPI,123,246,999090
ECU,IPI,3401,4039,17090866
ECU,IPI,3326,5108,21593648
ECU,IPI,252,261,1135214
ECU,IPI,5517,8368,35279489
ECU,IPI,50,506,2086794
ECU,IPI,1000,10301,44055517
ECU,IPI,55791,439648,1847181554
ECU,IPI,274,1561,6595357
ECU,IPI,1821,11571,48534271
ECU,IPI,425,4004,16904710
ECU,IPI,1863,18480,78040586
ECU,IPI,157,1559,6560542
ECU,IPI,99,1251,5230714
ECU,IPI,22381,139177,578215692
ECU,IPI,15218,110410,466260168
ECU,IPI,2516,22419,94729740
ECU,IPI,9130,72686,307685227
ECU,IPI,19,180,790388
ECU,IPI,219,2067,8906242
ECU,IPI,101,820,3487777
ECU,IPI,128,609,2574411
ECU,IPI,1044,4669,19751872
ECU,IPI,186,1570,6643327
ECU,IPI,617,5229,22121775
ECU,IPI,442,2800,11847062
ECU,IPI,80,760,3215687
ECU,IPI,5289,11382,48154453
ECU,IPI,3806,10963,46380854
ECU,IPI,1469,12914,54634478
ECU,IPI,2,19,80466
ECU,IPI,276,1248,5281620
ECU,IPI,96,1825,7722048
ECU,IPI,63,987,4178309
ECU,IPI,22,372,1573533
ECU,IPI,109,1814,7673057
ECU,IPI,49,777,3286169
ECU,IPI,131,2477,10480956
ECU,IPI,150,2947,12468750
ECU,IPI,209,3394,14359367
ECU,IPI,262,2154,9112438
ECU,IPI,807,8848,37432649
ECU,IPI,30,222,938984
ECU,IPI,1163,11490,48611274
ECU,IPI,949,10264,43423573
ECU,IPI,804,3364,14233718
ECU,IPI,252,1329,5624173
ECU,IPI,186,1935,8171602
ECU,IPI,1028,160417,674895397
ECU,IPI,4,704,2984150
ECU,IPI,292576,68563,300763535
ECU,IPI,9906,4874,20185330
ECU,IPI,21846,123743,516777651
ECU,IPI,25000,29110,120557027
ECU,IPI,8000,30934,130307369
ECU,IPI,87340,183125,794472655
ECU,IPI,5606,9868,41827827
ECU,IPI,11213,22273,94412881
ECU,IPI,218435,329786,1397190215
ECU,IPI,4987,7938,33646932
ECU,IPI,898,1807,7658246
ECU,IPI,1000,875,3709290
ECU,IPI,120000,28815,123688528
ECU,IPI,30000,7700,32510093
ECU,IPI,40,105,459152
ECU,IPI,5474,26083,105734708
ECU,IPI,537,6928,30389991
ECU,IPI,300,1482,6245104
ECU,IPI,38,3950,16596044
ECU,IPI,240,12599,52934152
ECU,IPI,124,3830,16090263
ECU,IPI,16276,16289,68933286
ECU,IPI,5000,11200,46535327
ECU,IPI,354,2686,11782920
ECU,IPI,153981,129414,553687747
ECU,IPI,920,2097,8712743
ECU,IPI,14184,7131,28908335
ECU,IPI,54600,92468,390742447
ECU,IPI,464,2002,8780339
ECU,IPI,69000,82469,346326812
ECU,IPI,114000,149534,624897252
ECU,IPI,11703,107610,456142267
ECU,IPI,12,560,2363134
ECU,IPI,3165,29105,123371772
ECU,IPI,48248,137486,581514687
ECU,IPI,2816,101943,433155425
ECU,IPI,4717,24359,102649654
ECU,IPI,1423100,231502,961766172
ECU,IPI,185000,78074,321977787
ECU,IPI,1044608,92403,401442589
ECU,IPI,20503,5339,22086838
ECU,IPI,1863500,45015,188133569
ECU,IPI,1564,5552,23440537
ECU,IPI,917,70367,297094794
ECU,IPI,10,15,62133
ECU,IPI,1472,2149,9138909
ECU,IPI,3662,8215,35695497
ECU,IPI,81,284,1198875
ECU,IPI,331,581,2526804
ECU,IPI,74,146,611786
ECU,IPI,1885,3735,16062187
ECU,IPI,3740,7410,31331477
ECU,IPI,71,17509,74073750
ECU,IPI,2830,8090,35362765
ECU,IPI,3459,41254,179841772
ECU,IPI,106,182,800565
ECU,IPI,5628,34584,148066255
ECU,IPI,131,1657,6982759
ECU,IPI,62,295,1247184
ECU,IPI,60,888,3754666
ECU,IPI,167,2172,9185824
ECU,IPI,4320,24051,101419763
ECU,IPI,1096,2677,11324328
ECU,IPI,312,2801,11849092
ECU,IPI,1773,8007,33791023
ECU,IPI,44,255,1080075
ECU,IPI,666,3223,13597606
ECU,IPI,2,38,160848
ECU,IPI,138,3176,13436502
ECU,IPI,15,221,932552
ECU,IPI,98,1098,4643771
ECU,IPI,2,40,169901
ECU,IPI,266,3445,14566502
ECU,IPI,40,380,1609324
ECU,IPI,106,1792,7580015
ECU,IPI,22,278,1171989
ECU,IPI,75,711,2995753
ECU,IPI,1670,21685,91468533
ECU,IPI,64,765,3224403
ECU,IPI,2467,23638,99666061
ECU,IPI,1,14,57731
ECU,IPI,34,359,1512860
ECU,IPI,446,3520,14835197
ECU,IPI,516,4565,19260450
ECU,IPI,56,974,4119774
ECU,IPI,431,5003,21165488
ECU,IPI,21600,17628,71584311
ECU,IPI,24243,76591,324028724
ECU,IPI,15604,65670,280060254
ECU,IPI,27,71140,294747579
ECU,IPI,1561,9780,41343874
ECU,IPI,2087,9812,41592953
ECU,IPI,30172,71366,300735110
ECU,IPI,6017,30561,128783559
ECU,IPI,250,884,3739478
ECU,IPI,306,1920,8116589
ECU,IPI,4,51776,218105431
ECU,IPI,717,4007,17466852
ECU,IPI,13932,113296,473548243
ECU,IPI,60454,486788,2135374983
ECU,IPI,1208,4781,20225277
ECU,IPI,46,404,1710436
ECU,IPI,1440,51060,216014016
ECU,IPI,7000,17723,75125139
ECU,IPI,7889,119757,504651773
ECU,IPI,216850,29980,126738294
ECU,IPI,6,16626,70037994
ECU,IPI,7200,608,2668010
ECU,IPI,13892,91912,390210658
ECU,IPI,363933,234393,988112392
ECU,IPI,325,4547,18433460
ECU,IPI,400,4692,19257610
ECU,IPI,108,2026,8247017
ECU,IPI,150,2022,8401289
ECU,IPI,300,2967,12934340
ECU,IPI,6588,33249,141121765
ECU,IPI,84,545,2391432
ECU,IPI,551,10677,45256336
ECU,IPI,276,3708,15655763
ECU,IPI,31,217,916194
ECU,IPI,231,3379,14268215
ECU,IPI,160,614,2695164
ECU,IPI,160,1133,4757345
ECU,IPI,803,4135,17048422
ECU,IPI,3172,16184,68661820
ECU,IPI,1527,4781,19827052
ECU,IPI,740,1563,6337040
ECU,IPI,185,363,1469893
ECU,IPI,71101,211763,891527372
ECU,IPI,1660,5167,21715752
ECU,IPI,6,41,173708
ECU,IPI,4825,29593,124620616
ECU,IPI,812,3120,12978796
ECU,IPI,279,3449,14029208
ECU,IPI,254,3327,14448666
ECU,IPI,667,7922,33476347
ECU,IPI,525,8201,34672651
ECU,IPI,33826,334458,1427819308
ECU,IPI,347,2065,8853246
ECU,IPI,771,6957,28473551
ECU,IPI,206,1207,4893537
ECU,IPI,28695,281604,1184970912
ECU,IPI,48,283,1240197
ECU,IPI,104,698,3061187
ECU,IPI,105,754,3307103
ECU,IPI,990,9211,38737323
ECU,IPI,2840,23261,97714928
ECU,IPI,1146,4309,18658970
ECU,IPI,11816,35901,152545346
ECU,IPI,2,994,4202026
ECU,IPI,2,226220,932165379
ECU,IPI,9998,58445,246357325
ECU,IPI,210000,127556,538553334
ECU,IPI,1240,14200,60190610
ECU,IPI,2670,10196,43048683
ECU,IPI,528,1539,6499148
ECU,IPI,502,2518,10632700
ECU,IPI,806,4791,20229680
ECU,IPI,19,112,473761
ECU,IPI,919,5842,24666970
ECU,IPI,9797,46414,195962861
ECU,IPI,10760,22021,92974728
ECU,IPI,137,514,2171505
ECU,IPI,6967,9620,40777737
ECU,IPI,4488,17246,72812982
ECU,IPI,26737,85800,360890246
ECU,IPI,23139,33276,140495576
ECU,IPI,162561,91959,389516240
ECU,IPI,14760,19504,82347897
ECU,IPI,2200,13640,56046066
ECU,IPI,91,152,639541
ECU,IPI,351000,15392,64760396
ECU,IPI,62,140010,583163312
ECU,IPI,3600,1727,7292225
ECU,IPI,28550,10840,45950490
ECU,IPI,1078,8626,36650174
ECU,IPI,216,1728,7342272
ECU,IPI,200,880,3624415
ECU,IPI,220,2651,11190905
ECU,IPI,1386,4283,17647256
ECU,IPI,44,534,2199463
ECU,IPI,100,483,1957966
ECU,IPI,1032,70358,292334016
ECU,IPI,2284,245685,1071040366
ECU,IPI,10000,11539,48314955
ECU,IPI,5070,20461,85670077
ECU,IPI,10000,18564,77726691
ECU,IPI,120,232,977836
ECU,IPI,6105,25396,107649792
ECU,IPI,500,5378,22757461
ECU,IPI,8000,29483,122499597
ECU,IPI,3065,81745,332081935
ECU,IPI,32,928,3762132
ECU,IPI,100,3606,15285293
ECU,IPI,100,1054,4478446
ECU,IPI,10080,155278,657210815
ECU,IPI,81420,582160,2447587466
ECU,IPI,2357,16707,71999442
ECU,IPI,8827,35690,150687363
ECU,IPI,10000,10478,44239903
ECU,IPI,4000,4495,18978928
ECU,IPI,416,1424,5869494
ECU,IPI,616,2658,11266821
ECU,IPI,1013,1924,8123977
ECU,IPI,25511,39635,166433568
ECU,IPI,8050,28080,117374864
ECU,IPI,26,765,3102059
ECU,IPI,2791,7683,31272183
ECU,IPI,1917,2796,12265101
ECU,IPI,5802,19777,85211069
ECU,IPI,183,594,2525741
ECU,IPI,11620,24372,105140912
ECU,IPI,1253,15285,63588472
ECU,IPI,2213,15535,65360106
ECU,IPI,3000,39320,171412829
ECU,IPI,150,2741,11647359
ECU,IPI,31,245,1040155
ECU,IPI,7646,12723,52837108
ECU,IPI,3133,6831,28149274
ECU,IPI,2258,3501,14780988
ECU,IPI,240,2753,11648836
ECU,IPI,668,2617,11481819
ECU,IPI,2149,12173,51544083
ECU,IPI,480,1687,7353000
ECU,IPI,20467,6951,29793251
ECU,IPI,38,377,1591295
ECU,IPI,3765,14166,57424348
ECU,IPI,1610,8356,35364034
ECU,IPI,4154,21982,91844140
ECU,IPI,8000,11117,45065650
ECU,IPI,3000,3129,12684215
ECU,IPI,4000,4536,18387855
ECU,IPI,2000,7800,32857500
ECU,IPI,3066,7425,30245641
ECU,IPI,194848,220958,947774906
ECU,IPI,17659,20025,87844182
ECU,IPI,11800,20766,84180380
ECU,IPI,2081,10407,43938024
ECU,IPI,23,702,2846712
ECU,IPI,81530,45616,192983506
ECU,IPI,126,1156,4898161
ECU,IPI,782,7194,30492210
ECU,IPI,60373,252920,1070363673
ECU,IPI,6,40,173712
ECU,IPI,956,6677,28192922
ECU,IPI,12000,455,1929525
ECU,IPI,203760,14267,59917351
ECU,IPI,321981,31594,132850881
ECU,IPI,32,467,1967924
ECU,IPI,1120306,24043,101807801
ECU,IPI,200,220,927073
ECU,IPI,63,2884,12174397
ECU,IPI,15,3121,13177143
ECU,IPI,5,242,1019635
ECU,IPI,7,1159,4893019
ECU,IPI,20,3936,16616035
ECU,IPI,2500,250,1055522
ECU,IPI,19100,3044,13271103
ECU,IPI,120,21011,88919191
ECU,IPI,111,303,1278153
ECU,IPI,352,5626,23182320
ECU,IPI,1738,4211,17779517
ECU,IPI,70,260,1099179
ECU,IPI,1000,143,622348
ECU,IPI,8,72,306102
ECU,IPI,10113,11049,48469522
ECU,IPI,39,902,3809045
ECU,IPI,48,504,2128889
ECU,IPI,22,370,1562379
ECU,IPI,21,296,1251473
ECU,IPI,318,1669,7045289
ECU,IPI,54,734,3099640
ECU,IPI,7,110,465999
ECU,IPI,91,2125,8970158
ECU,IPI,16,242,1020605
ECU,IPI,229,1674,7068422
ECU,IPI,6,151,639161
ECU,IPI,15,221,931576
ECU,IPI,208,3964,16191556
ECU,IPI,10,133,561538
ECU,IPI,44013,141067,583696387
ECU,IPI,14066,2716,11542324
ECU,IPI,64740,8860,37644695
ECU,IPI,73074,9170,38962650
ECU,IPI,52920,9766,41494034
ECU,IPI,0,422,1783833
ECU,IPI,696,55794,229821162
ECU,IPI,34,3541,14354770
ECU,IPI,10161,5833,24850526
ECU,IPI,2,338,1427489
ECU,IPI,6,189,797975
ECU,IPI,36,239,1009417
ECU,IPI,2259,9872,41976292
ECU,IPI,5,16774,71324047
ECU,IPI,142,1805,7621717
ECU,IPI,34,173,728174
ECU,IPI,25760,57960,244671764
ECU,IPI,2,1309,5561091
ECU,IPI,2,32396,137321785
ECU,IPI,1,7231,31522821
ECU,IPI,14,6848,28451700
ECU,IPI,4,470,1953653
ECU,IPI,200,34615,150912401
ECU,IPI,760,56170,230753832
ECU,IPI,2,13584,58902219
ECU,IPI,38,37624,163614492
ECU,IPI,2313,566269,2316908138
ECU,IPI,90,31500,127693440
ECU,IPI,589,61267,248361714
ECU,IPI,145,41725,169143136
ECU,IPI,1,30695,129302688
ECU,IPI,6,1651,6953532
ECU,IPI,5,40,172167
ECU,IPI,2,29608,124724542
ECU,IPI,2,2621,11146471
ECU,IPI,1,4773,20295141
ECU,IPI,66,1625,6888640
ECU,IPI,145,3691,15336548
ECU,IPI,27,1312,5452611
ECU,IPI,2,3196,14019590
ECU,IPI,50,3090,13021167
ECU,IPI,1,1379,5862229
ECU,IPI,91,68823,301897731
ECU,IPI,320,314,1333846
ECU,IPI,130,377,1643494
ECU,IPI,2,2580,10971073
ECU,IPI,37,5929,25211024
ECU,IPI,83,2557,10873189
ECU,IPI,160,25112,101798021
ECU,IPI,385,48581,196936485
ECU,IPI,1200,244,1018858
ECU,IPI,6210,1971,8152849
ECU,IPI,1,389,1653137
ECU,IPI,20,514,2165138
ECU,IPI,1,78,327719
ECU,IPI,60,611,2599685
ECU,IPI,32430,312265,1311291991
ECU,IPI,14000,138965,590560950
ECU,IPI,6092,33862,143480693
ECU,IPI,42,584,2477438
ECU,IPI,6420,9832,42691108
ECU,IPI,1040,2342,9951377
ECU,IPI,56000,41603,181366124
ECU,IPI,7855,8596,37472182
ECU,IPI,6,34088,140462870
ECU,IPI,100,1990,8401959
ECU,IPI,600,1734,7606468
ECU,IPI,3940,18271,77140075
ECU,IPI,658,2920,12224394
ECU,IPI,30218,77003,323230509
ECU,IPI,6922,21698,90850915
ECU,IPI,20,39,166460
ECU,IPI,9972,16703,70731782
ECU,IPI,641,931,3937785
ECU,IPI,11062,18085,76478865
ECU,IPI,1192,1972,8306839
ECU,IPI,82,141,596302
ECU,IPI,2705,3918,16556620
ECU,IPI,3054,4667,19793967
ECU,IPI,11711,21015,88949022
ECU,IPI,431,524,2223040
ECU,IPI,549,814,3445115
ECU,IPI,12527,21047,89248200
ECU,IPI,1506,2632,11165171
ECU,IPI,1449,2642,11226756
ECU,IPI,791,1868,7920079
ECU,IPI,4,5,22876
ECU,IPI,862,1170,4958691
ECU,IPI,9527,11997,50864763
ECU,IPI,5303,8862,37571300
ECU,IPI,4693,5752,24407867
ECU,IPI,120,170,716543
ECU,IPI,3257,7373,31242556
ECU,IPI,2037,4324,18312424
ECU,IPI,2098,3817,16168080
ECU,IPI,22,40,170551
ECU,IPI,1050,1875,7902863
ECU,IPI,859,1731,7331312
ECU,IPI,33,68,288683
ECU,IPI,1707,33853,142932228
ECU,IPI,19993,30963,130804794
ECU,IPI,27372,41338,174147968
ECU,IPI,1881,2643,11215241
ECU,IPI,1835,2784,11784178
ECU,IPI,1608,1949,8288259
ECU,IPI,2193,3039,12874755
ECU,IPI,110,220,933688
ECU,IPI,1591,2294,9697551
ECU,IPI,5732,7704,32675538
ECU,IPI,874,1028,4345217
ECU,IPI,12534,19931,84445915
ECU,IPI,18,147,621895
ECU,IPI,1006,12787,54118494
ECU,IPI,63181,491043,2074951648
ECU,IPI,84,482,2035597
ECU,IPI,434,2839,12005232
ECU,IPI,660,6104,25904678
ECU,IPI,2494,24087,102139330
ECU,IPI,163,1615,6846885
ECU,IPI,107,1352,5734124
ECU,IPI,10521,66967,281791744
ECU,IPI,13947,99388,419725756
ECU,IPI,4259,38014,160852727
ECU,IPI,11431,89098,377425484
ECU,IPI,20,185,782587
ECU,IPI,113,1069,4538051
ECU,IPI,50,453,1917188
ECU,IPI,224,1290,5458818
ECU,IPI,46,576,2437953
ECU,IPI,48,503,2128639
ECU,IPI,137,1442,6077893
ECU,IPI,24,327,1383346
ECU,IPI,1294,7132,30056534
ECU,IPI,511,2870,12135733
ECU,IPI,2178,12917,54439663
ECU,IPI,1488,4261,18034244
ECU,IPI,1,10,42182
ECU,IPI,13,128,541332
ECU,IPI,1125,5200,21960129
ECU,IPI,3781,19658,82929190
ECU,IPI,2,38,159752
ECU,IPI,301,2469,10434210
ECU,IPI,204,1208,5102541
ECU,IPI,841,6974,29512452
ECU,IPI,484,4639,19604336
ECU,IPI,208,1375,5818893
ECU,IPI,11,197,830573
ECU,IPI,46,872,3676520
ECU,IPI,57,836,3540001
ECU,IPI,1112,11114,46849201
ECU,IPI,869,10358,43743221
ECU,IPI,205,2132,9009055
ECU,IPI,105,822,3470871
ECU,IPI,2164,24426,102993067
ECU,IPI,4788,34604,145879338
ECU,IPI,147,842,3564165
ECU,IPI,226,1295,5479597
ECU,IPI,30,19388,78595312
ECU,IPI,378,5136,21272372
ECU,IPI,4690,15045,63970951
ECU,IPI,54140,75255,319080256
ECU,IPI,18847,453383,1924955003
ECU,IPI,1336,48790,202719356
ECU,IPI,4855,202550,841584967
ECU,IPI,1621,59006,245166182
ECU,IPI,3283,119278,495592185
ECU,IPI,3002,107637,447223656
ECU,IPI,17591,15327,64176228
ECU,IPI,18200,30756,124894888
ECU,IPI,23000,31393,133070218
ECU,IPI,6784,28864,119538236
ECU,IPI,26298,77062,312937265
ECU,IPI,1229,5735,24387097
ECU,IPI,414990,13543,56903296
ECU,IPI,84659,30681,126422970
ECU,IPI,3288,47285,206135929
ECU,IPI,19,274,1195871
ECU,IPI,651,598,2607662
ECU,IPI,22,229,968571
ECU,IPI,287,1564,6616812
ECU,IPI,90,566,2393856
ECU,IPI,1060,2999,12691086
ECU,IPI,1733,7257,30712507
ECU,IPI,16,83,352862
ECU,IPI,2,40,169279
ECU,IPI,18,113,476520
ECU,IPI,375,3200,13540823
ECU,IPI,9,145,612493
ECU,IPI,10,230,971660
ECU,IPI,620,7145,30236918
ECU,IPI,272,2844,12037458
ECU,IPI,36,246,1043181
ECU,IPI,77,1016,4300866
ECU,IPI,18,75,317228
ECU,IPI,110,992,4197395
ECU,IPI,21600,17628,74913888
ECU,IPI,24836,77974,328466402
ECU,IPI,11,49355,206710409
ECU,IPI,1369,3623,15793104
ECU,IPI,684,5394,23512467
ECU,IPI,3130,46470,193080228
ECU,IPI,97882,63372,266953834
ECU,IPI,128,510,2154405
ECU,IPI,673,2667,11276309
ECU,IPI,8294,41300,174589601
ECU,IPI,108,2381,10054485
ECU,IPI,8441,23234,98095955
ECU,IPI,4550,11980,50578527
ECU,IPI,574,4076,17207972
ECU,IPI,252,4323,18251757
ECU,IPI,223,3483,14706637
ECU,IPI,1330,14663,61909012
ECU,IPI,105,791,3338195
ECU,IPI,3894,40287,170096606
ECU,IPI,16,121,511380
ECU,IPI,1448,5530,23347482
ECU,IPI,45794,25905,109355952
ECU,IPI,660,463,1908589
ECU,IPI,693,790,3254960
ECU,IPI,80,1540,6712866
ECU,IPI,750,9500,41415346
ECU,IPI,1900,23142,100883578
ECU,IPI,12750,95738,417359147
ECU,IPI,1357,623934,2653024798
ECU,IPI,403,3613,15749553
ECU,IPI,12369,94384,398997597
ECU,IPI,4495,30229,126734647
ECU,IPI,20,221,909380
ECU,IPI,1412,9643,42039787
ECU,IPI,755,7088,29678490
ECU,IPI,4668,6201,25932077
ECU,IPI,7820,11448,47171003
ECU,IPI,440,6377,26277070
ECU,IPI,128,579,2422604
ECU,IPI,1400,20518,89448305
ECU,IPI,1065,4073,17053985
ECU,IPI,3000,4488,18992700
ECU,IPI,4592,14736,60719684
ECU,IPI,21100,49642,206257454
ECU,IPI,4000,10419,43890037
ECU,IPI,37367,42374,179132142
ECU,IPI,17142,19439,81886872
ECU,IPI,12557,51077,211530495
ECU,IPI,12,77,323085
ECU,IPI,343660,19232,79649928
ECU,IPI,720,12499,52838993
ECU,IPI,60,69,293351
ECU,IPI,3242,1803,7609221
ECU,IPI,3300,16480,70023520
ECU,IPI,9766,14039,59651116
ECU,IPI,14,201,852859
ECU,IPI,177,574,2502078
ECU,IPI,2002,5834,25434876
ECU,IPI,308,985,4295230
ECU,IPI,326,783,3414892
ECU,IPI,11,340,1434183
ECU,IPI,15,29,121994
ECU,IPI,60,146,622054
ECU,IPI,9360,4202,17855998
ECU,IPI,12,274,1156524
ECU,IPI,1057,8954,38047246
ECU,IPI,24987,68562,282519391
ECU,IPI,2,311,1309786
ECU,IPI,900,3285,13648978
ECU,IPI,624,212,901468
ECU,IPI,260,3973,16746969
ECU,IPI,14,266,1131934
ECU,IPI,23,153,644780
ECU,IPI,176,1155,4866082
ECU,IPI,36,262,1110155
ECU,IPI,15,471,1996498
ECU,IPI,3,108,457796
ECU,IPI,6,58,246701
ECU,IPI,78,739,3132510
ECU,IPI,2792,2206,9349886
ECU,IPI,11,157,661930
ECU,IPI,57000,130460,554727661
ECU,IPI,22,238,1009694
ECU,IPI,1,6050,25494518
ECU,IPI,10,50,211942
ECU,IPI,8,71,300958
ECU,IPI,120,1416,6002212
ECU,IPI,15,1057,4452986
ECU,IPI,25,2202,9278951
ECU,IPI,35,4451,18757813
ECU,IPI,18,975,4108115
ECU,IPI,717,5320,22418320
ECU,IPI,328,17676,74484532
ECU,IPI,17,461,1944241
ECU,IPI,3,1180,4970757
ECU,IPI,59,183,773095
ECU,IPI,1776,1267,5385183
ECU,IPI,54,2173,9158052
ECU,IPI,60,6149,25910142
ECU,IPI,28,7,28376
ECU,IPI,18,6,25498
ECU,IPI,1561,702,2967628
ECU,IPI,4,20,84279
ECU,IPI,21,169,696591
ECU,IPI,400,60,245177
ECU,IPI,11,471,1938958
ECU,IPI,1,91,376625
ECU,IPI,20,155,640344
ECU,IPI,18,372,1531222
ECU,IPI,0,12,51178
ECU,IPI,0,30,125473
ECU,IPI,1,56,232362
ECU,IPI,0,26,108784
ECU,IPI,15,1344,5538731
ECU,IPI,130,4311,17762592
ECU,IPI,2,148,609811
ECU,IPI,0,19,77880
ECU,IPI,3,2128,8767361
ECU,IPI,1,694,2861111
ECU,IPI,1,51790,219529575
ECU,IPI,4,6,26207
ECU,IPI,5,2003,8253313
ECU,IPI,20,1093,4503014
ECU,IPI,20,613,2526764
ECU,IPI,4,175,720202
ECU,IPI,1,362,1492777
ECU,IPI,1,93,384042
ECU,IPI,1,188,774429
ECU,IPI,2,3904,16085293
ECU,IPI,2,1971,8123638
ECU,IPI,3,982,4044677
ECU,IPI,1,880,3624250
ECU,IPI,5,4844,19959871
ECU,IPI,6,2938,12105393
ECU,IPI,2,225,926645
ECU,IPI,2,726,2993218
ECU,IPI,2,356,1466240
ECU,IPI,15,3027,12472293
ECU,IPI,1,539,2222580
ECU,IPI,1,3439,14170483
ECU,IPI,2,503,2074485
ECU,IPI,8,225,926975
ECU,IPI,8,8504,35040434
ECU,IPI,1,3127,12886168
ECU,IPI,1,769,3167150
ECU,IPI,16,903,3720425
ECU,IPI,2,1321,5444246
ECU,IPI,3,8642,36630149
ECU,IPI,139,113,467940
ECU,IPI,206,320,1403731
ECU,IPI,3,3,13160
ECU,IPI,4000,19000,83346540
ECU,IPI,750,8371,36721608
ECU,IPI,290200,271447,1148434602
ECU,IPI,32400,30473,131575334
ECU,IPI,430000,36429,154416643
ECU,IPI,97,422,1782566
ECU,IPI,15,29,122441
ECU,IPI,3323,64608,272410557
ECU,IPI,8159,44206,193916166
ECU,IPI,153,71595,304136242
ECU,IPI,76,382,1612838
ECU,IPI,585,21438,90513165
ECU,IPI,175,600,2533254
ECU,IPI,220,662,2743449
ECU,IPI,35,1265,5329739
ECU,IPI,50,1001,4214943
ECU,IPI,8000,16200,66754044
ECU,IPI,30000,6000,25332540
ECU,IPI,10,130,547920
ECU,IPI,100,2191,9230598
ECU,IPI,20,740,3119019
ECU,IPI,6000,2580,10631200
ECU,IPI,1785,40336,169953774
ECU,IPI,37,11289,47555755
ECU,IPI,3208,65802,266743935
ECU,IPI,324,6958,29961872
ECU,IPI,606,11528,49318444
ECU,IPI,9739,154218,648265542
ECU,IPI,1075,23777,102530841
ECU,IPI,1183,29632,126297687
ECU,IPI,98,826,3624215
ECU,IPI,3075,26981,116702857
ECU,IPI,2554,7121,29996370
ECU,IPI,10,180,758671
ECU,IPI,41490,44869,189519139
ECU,IPI,2000,3260,13737542
ECU,IPI,1000,4950,20851875
ECU,IPI,62738,53189,223233173
ECU,IPI,2760,6291,26666097
ECU,IPI,450,8950,37702212
ECU,IPI,410,3980,17459521
ECU,IPI,6,151,643894
ECU,IPI,2905,22898,96874623
ECU,IPI,15850,4596,19403619
ECU,IPI,534000,25808,109428113
ECU,IPI,122000,4753,20197197
ECU,IPI,2880,1248,5257200
ECU,IPI,300,227,958256
ECU,IPI,122200,1969,8362203
ECU,IPI,295,5903,25080147
ECU,IPI,2,42,178458
ECU,IPI,240,2400,10113528
ECU,IPI,13,223,945827
ECU,IPI,47,470,1974719
ECU,IPI,230,182,760780
ECU,IPI,3850,3076,13411694
ECU,IPI,10123,37919,160246013
ECU,IPI,84,996,4230092
ECU,IPI,100,23,93399
ECU,IPI,2,445,1886288
ECU,IPI,7,90,366693
ECU,IPI,597,11445,48086511
ECU,IPI,8048,24489,103456373
ECU,IPI,11913,26121,110772829
ECU,IPI,777,3869,16973172
ECU,IPI,69,436,1913022
ECU,IPI,8719,15844,65831742
ECU,IPI,436,1201,5268335
ECU,IPI,6627,10431,43389039
ECU,IPI,1647,806,3401765
ECU,IPI,256,21640,91729350
ECU,IPI,47,927,3913229
ECU,IPI,4808,13668,57698761
ECU,IPI,214,6597,27670345
ECU,IPI,1508,4426,19416980
ECU,IPI,3223,19789,85359518
ECU,IPI,432,1814,7596911
ECU,IPI,1112,3925,16434852
ECU,IPI,42,344,1455913
ECU,IPI,36,274,1159658
ECU,IPI,4948,8171,34543864
ECU,IPI,4998,40584,172028471
ECU,IPI,8088,68053,288467307
ECU,IPI,5066,46571,194991987
ECU,IPI,2568,31100,129113029
ECU,IPI,498,4231,17885664
ECU,IPI,1271,29783,126546862
ECU,IPI,788,27886,118488421
ECU,IPI,7064,81042,343369901
ECU,IPI,6040,50951,216280884
ECU,IPI,699,8388,35486357
ECU,IPI,217,6313,26053745
ECU,IPI,271,8866,36086402
ECU,IPI,145,554,2249497
ECU,IPI,29122,33245,140519436
ECU,IPI,950,3253,13821147
ECU,IPI,227,282471,1195532507
ECU,IPI,49,76845,327087605
ECU,IPI,7,127,540218
ECU,IPI,2,44,187806
ECU,IPI,2225,9300,39515700
ECU,IPI,221,3065,13025160
ECU,IPI,29,599,2520515
ECU,IPI,5,85,361165
ECU,IPI,576,9200,39120759
ECU,IPI,2,43,182707
ECU,IPI,91,1078,4582122
ECU,IPI,1328,4604,18970181
ECU,IPI,205,3675,15615967
ECU,IPI,12,282,1188743
ECU,IPI,280,4094,17353852
ECU,IPI,6,366,1486264
ECU,IPI,584,10095,42895355
ECU,IPI,6,88448,374917805
ECU,IPI,29,4272,18033778
ECU,IPI,158,2038,8638776
ECU,IPI,2,17,71849
ECU,IPI,842,3792,16122395
ECU,IPI,10,1960,8308146
ECU,IPI,1380,6931,29470088
ECU,IPI,27839,85142,362431488
ECU,IPI,16,4680,19837818
ECU,IPI,540,3950,16796691
ECU,IPI,6,122,517316
ECU,IPI,200,88,368457
ECU,IPI,20,202,845776
ECU,IPI,6476,22816,96073900
ECU,IPI,1421,7657,32889850
ECU,IPI,1552,4074,17313726
ECU,IPI,80,73,304814
ECU,IPI,545,6459,27446288
ECU,IPI,33046,22537,95270913
ECU,IPI,3398,11671,49455382
ECU,IPI,278,4931,20950969
ECU,IPI,115,2299,9769938
ECU,IPI,17,329,1397182
ECU,IPI,10,16,66573
ECU,IPI,677,14732,62255088
ECU,IPI,48,561,2362520
ECU,IPI,5,119,507331
ECU,IPI,120,210,916346
ECU,IPI,690,6972,30583179
ECU,IPI,213,1223,5178636
ECU,IPI,195,779,3161965
ECU,IPI,453296,26281,109975965
ECU,IPI,475000,18858,82721441
ECU,IPI,384,3667,15451448
ECU,IPI,48480,27096,114141900
ECU,IPI,174,2972,13039084
ECU,IPI,467328,14824,65026005
ECU,IPI,265,4438,18287312
ECU,IPI,3,48,197790
ECU,IPI,7057,33374,137523220
ECU,IPI,22680,14880,61825507
ECU,IPI,16,259,1068642
ECU,IPI,350,2205,9264374
ECU,IPI,90,1770,7293497
ECU,IPI,400,14720,59671347
ECU,IPI,1686,211769,899805971
ECU,IPI,125,8027,35213694
ECU,IPI,2,28,115377
ECU,IPI,9447,128580,544033522
ECU,IPI,37,100,412062
ECU,IPI,8376,22803,93961426
ECU,IPI,8,357,1500660
ECU,IPI,10966,29852,123009531
ECU,IPI,960,9493,40131637
ECU,IPI,4,10,41206
ECU,IPI,20165,28584,121151131
ECU,IPI,1280,1882,8000435
ECU,IPI,43833,143630,621081941
ECU,IPI,2035,37909,156998298
ECU,IPI,1025,2529,10745721
ECU,IPI,537,2406,10195981
ECU,IPI,23511,73953,313402560
ECU,IPI,97,2224,9164259
ECU,IPI,1981,3990,16957008
ECU,IPI,1273,3321,14110929
ECU,IPI,2115,6996,29726004
ECU,IPI,1744,23500,103085106
ECU,IPI,3349,11738,49875442
ECU,IPI,4178,1462,6203938
ECU,IPI,576,6932,28100664
ECU,IPI,6383,20917,88810372
ECU,IPI,8400,39600,173711736
ECU,IPI,1224,1968,8369389
ECU,IPI,9983,17021,74665779
ECU,IPI,79200,115040,488336031
ECU,IPI,2,74,324569
ECU,IPI,1970,6528,27737472
ECU,IPI,50,1750,7211085
ECU,IPI,450,4661,19805901
ECU,IPI,70,7280,30932720
ECU,IPI,188,619,2631420
ECU,IPI,104028,17477,70846347
ECU,IPI,1500,825,3475312
ECU,IPI,3000,747,3174533
ECU,IPI,200,166,727791
ECU,IPI,100,61,260015
ECU,IPI,11160,15171,62975452
ECU,IPI,24,556,2439202
ECU,IPI,9,213,928029
ECU,IPI,1340,2622,11428603
ECU,IPI,12000,4451,18915459
ECU,IPI,84,7520,30987062
ECU,IPI,152,404,1716883
ECU,IPI,232,252,1073052
ECU,IPI,33725,209681,887528363
ECU,IPI,229,296,1259404
ECU,IPI,103,214,889988
ECU,IPI,13,26,114229
ECU,IPI,867,1879,7809127
ECU,IPI,500,911,3776484
ECU,IPI,244,469,1963004
ECU,IPI,20,63,267050
ECU,IPI,90,426,1784071
ECU,IPI,27,136,595708
ECU,IPI,328,721,2972121
ECU,IPI,7965,8348,35234716
ECU,IPI,5093,9020,38054323
ECU,IPI,3442,3652,15355064
ECU,IPI,2449,5541,22862368
ECU,IPI,29,27,120370
ECU,IPI,3272,5106,21509428
ECU,IPI,1671,1108,4640551
ECU,IPI,343,457,1897977
ECU,IPI,25,76,333737
ECU,IPI,290,362,1504836
ECU,IPI,113,211,924006
ECU,IPI,1595,1947,8193272
ECU,IPI,6,7,32812
ECU,IPI,302,542,2249900
ECU,IPI,24,47,207928
ECU,IPI,3142,4373,19150075
ECU,IPI,867,1734,7226882
ECU,IPI,299,516,2143949
ECU,IPI,2501,2135,8892977
ECU,IPI,505,599,2626162
ECU,IPI,657,993,4220319
ECU,IPI,434,587,2467826
ECU,IPI,178,308,1308012
ECU,IPI,1092,1396,5753828
ECU,IPI,29,197,838413
ECU,IPI,32,218,925432
ECU,IPI,2310,4026,16727788
ECU,IPI,31,368,1522790
ECU,IPI,366,2384,9982429
ECU,IPI,603,3933,16588340
ECU,IPI,45,306,1295301
ECU,IPI,1,10,42287
ECU,IPI,176,1554,6723084
ECU,IPI,36,250,1062250
ECU,IPI,33,233,967630
ECU,IPI,254,1423,5874692
ECU,IPI,725,4741,19875306
ECU,IPI,435,2938,12430887
ECU,IPI,489,3103,12892446
ECU,IPI,1923,12303,51240650
ECU,IPI,41,281,1193417
ECU,IPI,504,8177,33695958
ECU,IPI,1639,29776,122694551
ECU,IPI,5,2000,8454780
ECU,IPI,2415,13052,55177332
ECU,IPI,17937,70443,290270277
ECU,IPI,48,42045,176900782
ECU,IPI,601,3764,15929135
ECU,IPI,95,4788,19443254
ECU,IPI,42,2577,11303107
ECU,IPI,27,256,1124082
ECU,IPI,107710,15875,66936397
ECU,IPI,538,2182,9271167
ECU,IPI,3059,18811,82517505
ECU,IPI,72000,3103,13187700
ECU,IPI,368,604,2487948
ECU,IPI,7384,512,2172326
ECU,IPI,200,385,1689259
ECU,IPI,40,150,655654
ECU,IPI,80,25980,109689898
ECU,IPI,30,642,2800043
ECU,IPI,303,4460,18831197
ECU,IPI,1,7337,31050345
ECU,IPI,10,1120,4655195
ECU,IPI,10,1920,7978150
ECU,IPI,250,8561,37321695
ECU,IPI,80,3574,15580496
ECU,IPI,1030,1874,7847294
ECU,IPI,500,620,2702828
ECU,IPI,25,5250,21811358
ECU,IPI,12,7133,30329648
ECU,IPI,3,605,2513739
ECU,IPI,600,644,2736475
ECU,IPI,320,1132,4689548
ECU,IPI,70,4029,17008825
ECU,IPI,20,51,221458
ECU,IPI,15620,38256,157636790
ECU,IPI,425,1229,5184525
ECU,IPI,764,3666,15479322
ECU,IPI,1297,4753,20067129
ECU,IPI,12,720,3047018
ECU,IPI,310,470,2050662
ECU,IPI,1080,1577,6699823
ECU,IPI,460,865,3651263
ECU,IPI,20,28,123807
ECU,IPI,1680,5969,25292360
ECU,IPI,10,2036,8460580
ECU,IPI,30799,23106,95417205
ECU,IPI,1200,1254,5328246
ECU,IPI,300,2490,10526201
ECU,IPI,52720,47342,203879879
ECU,IPI,1224,23560,100179240
ECU,IPI,287,2296,9307433
ECU,IPI,59,30893,130931384
ECU,IPI,355,7286,31764332
ECU,IPI,2500,13325,56659099
ECU,IPI,14510,113163,480908870
ECU,IPI,27767,34135,144411217
ECU,IPI,2988,8661,36653685
ECU,IPI,904,258,1088539
ECU,IPI,954,18828,79492159
ECU,IPI,1440,9723,41319803
ECU,IPI,320,4921,20827513
ECU,IPI,192320,3756,15970893
ECU,IPI,1820,4016,16308293
ECU,IPI,200046,7519,31740573
ECU,IPI,2400,508,2161167
ECU,IPI,510,176,747262
ECU,IPI,373,518,2187693
ECU,IPI,7633,13246,55914759
ECU,IPI,432,2209,9326950
ECU,IPI,1668,4431,18703713
ECU,IPI,622,541,2282294
ECU,IPI,6222,2326,9817476
ECU,IPI,202,206,869480
ECU,IPI,1222,37613,155773263
ECU,IPI,160,552,2329743
ECU,IPI,794,2393,10102968
ECU,IPI,3369,20468,86401595
ECU,IPI,216,994,4114925
ECU,IPI,3702,37487,151964517
ECU,IPI,7098,66356,268990488
ECU,IPI,4656,21008,86566232
ECU,IPI,29,32480,137015561
ECU,IPI,1634,9360,37943194
ECU,IPI,7820,11389,48427181
ECU,IPI,54,889,3777142
ECU,IPI,304,15469,65313368
ECU,IPI,1965,9420,39852008
ECU,IPI,290,2599,10882918
ECU,IPI,56,1118,4680993
ECU,IPI,948,4569,19198597
ECU,IPI,5609,13596,56926420
ECU,IPI,27,626,2619352
ECU,IPI,134,2060,8624026
ECU,IPI,1090,11815,49640909
ECU,IPI,426,3521,14845626
ECU,IPI,10901,17994,76093324
ECU,IPI,45,196,819858
ECU,IPI,301,2288,9680905
ECU,IPI,5,16,66174
ECU,IPI,2470,6854,27832929
ECU,IPI,476,13040,53732885
ECU,IPI,320,232,985252
ECU,IPI,280,328,1388106
ECU,IPI,800,1079,4590004
ECU,IPI,1000,5951,25304188
ECU,IPI,675,10490,43584282
ECU,IPI,10437,128257,543192002
ECU,IPI,640,698,2948858
ECU,IPI,15340,21828,92509248
ECU,IPI,40,644,2722608
ECU,IPI,170,771,3250867
ECU,IPI,4046,21581,91018555
ECU,IPI,2204,2423,10243642
ECU,IPI,8429,26976,113661451
ECU,IPI,875,4358,18420894
ECU,IPI,19979,32066,134743631
ECU,IPI,34865,39537,166549233
ECU,IPI,76,433,1827862
ECU,IPI,100900,16441,69082661
ECU,IPI,1080,13776,58031400
ECU,IPI,6100,3489,14790195
ECU,IPI,5,55,233351
ECU,IPI,13,1,3841
ECU,IPI,54,4,15197
ECU,IPI,107,343,1446459
ECU,IPI,31,6,23598
ECU,IPI,66,4668,19836796
ECU,IPI,3,11100,47198199
ECU,IPI,1200,2750,11625322
ECU,IPI,159,1943,8005046
ECU,IPI,1,1500,6358275
ECU,IPI,1,4090,17303195
ECU,IPI,1,3805,16097471
ECU,IPI,1,5000,21194250
ECU,IPI,1,5500,23313675
ECU,IPI,2,9000,38149650
ECU,IPI,45,13656,57729238
ECU,IPI,186,10340,43966611
ECU,IPI,2,17105,72364584
ECU,IPI,40,20,82412
ECU,IPI,29,100,439017
ECU,IPI,83,285,1249145
ECU,IPI,100,95,403315
ECU,IPI,1150,67,288146
ECU,IPI,100,8319,35123567
ECU,IPI,1,51790,218661577
ECU,IPI,12,13347,56354093
ECU,IPI,5,8372,35345860
ECU,IPI,1,56659,238054572
ECU,IPI,1,18804,79393236
ECU,IPI,56,7,29998
ECU,IPI,8,33,143707
ECU,IPI,14,14,61413
ECU,IPI,19,1900,8334654
ECU,IPI,202000,181164,768643168
ECU,IPI,420,3200,13295807
ECU,IPI,48,155,659924
ECU,IPI,219,940,3996965
ECU,IPI,31,3134,13327283
ECU,IPI,10,50,212604
ECU,IPI,10,47,201124
ECU,IPI,16,87,370527
ECU,IPI,589,160,681525
ECU,IPI,17,826,3513672
ECU,IPI,95,897,3815996
ECU,IPI,48,288,1225070
ECU,IPI,14,1087,4620066
ECU,IPI,1172,3792,16123287
ECU,IPI,1,741,3151649
ECU,IPI,8,7805,33189093
ECU,IPI,1,94,398846
ECU,IPI,18,905,3848056
ECU,IPI,422,11544,49085362
ECU,IPI,102,6358,27033598
ECU,IPI,10,230,979256
ECU,IPI,146,7894,33567699
ECU,IPI,51000,44906,190103121
ECU,IPI,25000,22838,97109231
ECU,IPI,3699,28946,122323204
ECU,IPI,1551,16347,67537380
ECU,IPI,75,434,1836085
ECU,IPI,60300,45593,189435473
ECU,IPI,67000,66010,280680461
ECU,IPI,3547,16868,71763478
ECU,IPI,184092,520188,2203647790
ECU,IPI,113699,387953,1646116184
ECU,IPI,3042,13817,57782811
ECU,IPI,27746,83991,355888214
ECU,IPI,3601,283178,1196202248
ECU,IPI,449,4169,17180307
ECU,IPI,24212,78169,327794125
ECU,IPI,15801,59098,249259948
ECU,IPI,104,628,2737006
ECU,IPI,44745,1016251,4340384750
ECU,IPI,12797,45499,192066955
ECU,IPI,8197,24536,103801993
ECU,IPI,3668,23543,99217828
ECU,IPI,6762,17666,74175073
ECU,IPI,9600,17605,73845391
ECU,IPI,6900,12101,50413837
ECU,IPI,387,606,2557023
ECU,IPI,230,1757,7312090
ECU,IPI,205884,85332,356335643
ECU,IPI,244900,19063,78551871
ECU,IPI,18,13,55562
ECU,IPI,74,148,618966
ECU,IPI,9442,43924,186451231
ECU,IPI,1030,1341,5671465
ECU,IPI,102,946,3932788
ECU,IPI,1766,7960,33400037
ECU,IPI,180,498,2172638
ECU,IPI,24,160,668959
ECU,IPI,564,3668,15230168
ECU,IPI,52,339,1374508
ECU,IPI,132,546,2287992
ECU,IPI,1068,926,3856444
ECU,IPI,96,500,2076893
ECU,IPI,648,2598,10894370
ECU,IPI,432,843,3529566
ECU,IPI,24,57,239120
ECU,IPI,30,1537,6232332
ECU,IPI,3,114,477487
ECU,IPI,10,47,196371
ECU,IPI,160,720,2966455
ECU,IPI,160,1341,5468803
ECU,IPI,24,59,246029
ECU,IPI,24,53,222330
ECU,IPI,120,186,780626
ECU,IPI,108,270,1131916
ECU,IPI,778,5922,25208329
ECU,IPI,50046,144638,617453616
ECU,IPI,31518,105844,448048130
ECU,IPI,1275,5792,24396345
ECU,IPI,6044,21313,91560961
ECU,IPI,1200,92196,389777489
ECU,IPI,5308,21574,90992330
ECU,IPI,2522,10996,46306834
ECU,IPI,102,615,2679985
ECU,IPI,2133,19570,82440647
ECU,IPI,384,1986,8365435
ECU,IPI,798,7288,30702806
ECU,IPI,14098,46765,198703635
ECU,IPI,550,21520,90652747
ECU,IPI,90,944,3994161
ECU,IPI,10,180,783123
ECU,IPI,636,5686,23968551
ECU,IPI,84,516,2182656
ECU,IPI,744,1834,7725093
ECU,IPI,432,2885,12206241
ECU,IPI,24,48,204635
ECU,IPI,60,244,1030661
ECU,IPI,960,629,2660250
ECU,IPI,558,1699,7187256
ECU,IPI,48,203,860464
ECU,IPI,216,600,2537435
ECU,IPI,672,1146,4848406
ECU,IPI,6,221,935853
ECU,IPI,280,1305,5520185
ECU,IPI,240,904,3825191
ECU,IPI,35,308,1296144
ECU,IPI,48,150,634888
ECU,IPI,108,132,557002
ECU,IPI,60,8,34945
ECU,IPI,300,519,2196110
ECU,IPI,500,516,2183587
ECU,IPI,6732,13192,55919757
ECU,IPI,29220,52272,222996578
ECU,IPI,43,731,3109341
ECU,IPI,37,626,2661808
ECU,IPI,13,214,909947
ECU,IPI,54000,1735,7371802
ECU,IPI,120,366,1605518
ECU,IPI,120,36,157920
ECU,IPI,2880,15899,67395172
ECU,IPI,198,4503,19136529
ECU,IPI,5905,56132,235697384
ECU,IPI,3827,8527,35934503
ECU,IPI,1440,1781,7770259
ECU,IPI,842,1135,4804175
ECU,IPI,80529,332381,1402364691
ECU,IPI,24784,74503,315055705
ECU,IPI,6749,4141,17151881
ECU,IPI,360,490,2075341
ECU,IPI,720,900,3947994
ECU,IPI,360,479,2100333
ECU,IPI,13631,37727,159288140
ECU,IPI,27473,56638,238366554
ECU,IPI,10000,249,1058851
ECU,IPI,10000,136,578289
ECU,IPI,16000,33438,135549951
ECU,IPI,30000,16800,71383200
ECU,IPI,1356,6356,26944165
ECU,IPI,3900,3908,16496348
ECU,IPI,21927,20616,83718112
ECU,IPI,8103,8340,35205422
ECU,IPI,22756,19679,82913554
ECU,IPI,9065,7126,30081456
ECU,IPI,6032,5756,24296379
ECU,IPI,6014,18379,75733534
ECU,IPI,1582,4699,19919204
ECU,IPI,18521,16721,70216217
ECU,IPI,3691,3736,15697000
ECU,IPI,19707,21362,88470843
ECU,IPI,26267,22732,95290216
ECU,IPI,2887,2270,9538103
ECU,IPI,22013,61131,259790127
ECU,IPI,9969,25794,112447759
ECU,IPI,40,1207,5013351
ECU,IPI,490,2765,11488409
ECU,IPI,56,2520,10681902
ECU,IPI,1920,5744,23285446
ECU,IPI,18840,51318,208032234
ECU,IPI,419,4685,19782307
ECU,IPI,634,38097,160382834
ECU,IPI,1017,61319,258305908
ECU,IPI,428,817,3473192
ECU,IPI,1526,2530,10758128
ECU,IPI,11238,18064,76809116
ECU,IPI,6718,13059,55529574
ECU,IPI,639,1253,5325785
ECU,IPI,13370,26027,110670932
ECU,IPI,359,716,3043859
ECU,IPI,8568,21351,91181768
ECU,IPI,41974,84740,362411983
ECU,IPI,191,495,2101436
ECU,IPI,1474,4836,20556265
ECU,IPI,1358,2671,11578519
ECU,IPI,12584,32856,140016674
ECU,IPI,78,185,784723
ECU,IPI,905,1225,5209065
ECU,IPI,535,833,3542409
ECU,IPI,2388,7210,30832801
ECU,IPI,2523,8496,36111464
ECU,IPI,147,474,2023701
ECU,IPI,543,1789,7623061
ECU,IPI,326,545,2318112
ECU,IPI,2762,6878,29698200
ECU,IPI,58,108,475909
ECU,IPI,593,804,3418170
ECU,IPI,10818,16537,70316897
ECU,IPI,2638,4483,19063523
ECU,IPI,9313,17862,75805913
ECU,IPI,6814,29870,123703686
ECU,IPI,132,1849,7984564
ECU,IPI,8288,72050,306424267
ECU,IPI,36,438,1861122
ECU,IPI,427,4822,20463584
ECU,IPI,138,1917,8195639
ECU,IPI,1780,23940,104134114
ECU,IPI,76,987,4195835
ECU,IPI,9100,6370,26833625
ECU,IPI,1870,5580,23503644
ECU,IPI,2083,277087,1164762748
ECU,IPI,75000,49710,204836020
ECU,IPI,443,11789,49891456
ECU,IPI,20120,47509,195766536
ECU,IPI,29,2356,9970733
ECU,IPI,4707,8386,35640108
ECU,IPI,5070,5018,21323387
ECU,IPI,1000,1618,6724604
ECU,IPI,1022,60177,254667766
ECU,IPI,1091,17209,72826237
ECU,IPI,1635,79701,337291818
ECU,IPI,1080,1827,7591740
ECU,IPI,1637,5152,21405461
ECU,IPI,300,1908,8368694
ECU,IPI,10082,36900,160580869
ECU,IPI,60,1800,7454574
ECU,IPI,434,3413,14411260
ECU,IPI,3399,27750,116755088
ECU,IPI,80,840,3539595
ECU,IPI,20266,156635,658820271
ECU,IPI,3461,25309,106414467
ECU,IPI,29,1288,5452343
ECU,IPI,440,4605,19398226
ECU,IPI,1691,23071,99969545
ECU,IPI,0,4,17187
ECU,IPI,4080,26617,111833721
ECU,IPI,1500,3828,15906066
ECU,IPI,77,2130,9015069
ECU,IPI,125,2167,9170721
ECU,IPI,4500,5654,24803053
ECU,IPI,22000,26400,108784368
ECU,IPI,1000,2080,8570890
ECU,IPI,3300,18594,77257744
ECU,IPI,5875,21846,92488558
ECU,IPI,49,1132,4755418
ECU,IPI,840,2845,12480135
ECU,IPI,14611,3375,14306712
ECU,IPI,493957,29869,125824258
ECU,IPI,589116,19790,83365206
ECU,IPI,2,9569,41975072
ECU,IPI,140,40604,172112146
ECU,IPI,52,9100,38498551
ECU,IPI,45353,3440,14483616
ECU,IPI,306700,53278,225284025
ECU,IPI,109000,23980,101891020
ECU,IPI,22,161,700992
ECU,IPI,675,1975,8391775
ECU,IPI,3366,8987,38021423
ECU,IPI,113,491,2077230
ECU,IPI,95,721,3045562
ECU,IPI,29,166,702640
ECU,IPI,21,98,412794
ECU,IPI,348,2043,8625308
ECU,IPI,135,826,3486855
ECU,IPI,834,3989,16840608
ECU,IPI,4,11,47372
ECU,IPI,980,3239,13676658
ECU,IPI,523,2157,9106415
ECU,IPI,2874,6973,29439494
ECU,IPI,605,2655,11208087
ECU,IPI,1319,3803,16056482
ECU,IPI,615,1956,8257268
ECU,IPI,293,1347,5688591
ECU,IPI,2987,7522,31760588
ECU,IPI,999,3575,15094563
ECU,IPI,681,2286,9652247
ECU,IPI,58,277,1167450
ECU,IPI,67,600,2531143
ECU,IPI,171,1371,5788865
ECU,IPI,806,3010,12707266
ECU,IPI,164,728,3073133
ECU,IPI,495,4607,19449564
ECU,IPI,328,1119,4724645
ECU,IPI,39,197,830147
ECU,IPI,30,158,666457
ECU,IPI,34,222,936628
ECU,IPI,336,1344,5672885
ECU,IPI,218,994,4195364
ECU,IPI,5200,1672,7073580
ECU,IPI,4128,9082,38615781
ECU,IPI,54672,26502,112338045
ECU,IPI,1944,12682,53285568
ECU,IPI,1,6,27016
ECU,IPI,225,5413,22852400
ECU,IPI,5,28568,120897226
ECU,IPI,1,20971,88748643
ECU,IPI,88,8191,34829975
ECU,IPI,892,29065,120330535
ECU,IPI,68,4032,16699157
ECU,IPI,2270,48771,201849113
ECU,IPI,30,52059,221357640
ECU,IPI,2382,18669,78891225
ECU,IPI,8,574880,2450602776
ECU,IPI,233,2457,10441537
ECU,IPI,417,4400,18700636
ECU,IPI,89,15748,65433532
ECU,IPI,12,711,2952667
ECU,IPI,1,86370,365119674
ECU,IPI,493808,408456,1734980526
ECU,IPI,10704,19832,84329065
ECU,IPI,269200,24982,105724767
ECU,IPI,2644,4515,19324089
ECU,IPI,5692,10401,43752761
ECU,IPI,9839,22594,94089369
ECU,IPI,866,30567,127003594
ECU,IPI,330,1269,5391939
ECU,IPI,5731,29739,129645592
ECU,IPI,702,11206,47647092
ECU,IPI,4375,98183,398010318
ECU,IPI,672,1669,6766739
ECU,IPI,7056,19964,87575280
ECU,IPI,75000,49710,210371229
ECU,IPI,1000,2531,10699905
ECU,IPI,375690,661362,2803727925
ECU,IPI,137580,194964,827069862
ECU,IPI,12225,23483,97233415
ECU,IPI,30,2764,11683830
ECU,IPI,4318,9560,40651681
ECU,IPI,1992,2351,9841818
ECU,IPI,7799,33818,140509933
ECU,IPI,9948,12360,52086313
ECU,IPI,279893,379892,1633961307
ECU,IPI,345837,373035,1594826996
ECU,IPI,500,10239,43282344
ECU,IPI,1080000,36400,155898288
ECU,IPI,1008,3760,15872426
ECU,IPI,25000,13539,57534911
ECU,IPI,8000,7460,31536583
ECU,IPI,2000,8012,33869637
ECU,IPI,18,373,1574830
ECU,IPI,300,2040,8948786
ECU,IPI,520,15547,65721584
ECU,IPI,821,20431,84187563
ECU,IPI,2150,16241,68417150
ECU,IPI,3655,11282,47970804
ECU,IPI,569,15886,66975009
ECU,IPI,1350,15372,67430860
ECU,IPI,1469,14687,61881828
ECU,IPI,280,1647,6966183
ECU,IPI,21680,7245,31052904
ECU,IPI,21680,162946,691660644
ECU,IPI,4596,2397,10513771
ECU,IPI,439,3027,13277455
ECU,IPI,5745,192,815894
ECU,IPI,380,2200,9065364
ECU,IPI,420,6528,27596402
ECU,IPI,323,3380,14239261
ECU,IPI,6,875,3693864
ECU,IPI,1100,3988,16858409
ECU,IPI,1480,4389,18085401
ECU,IPI,1296,17976,78362482
ECU,IPI,6400,19400,84572359
ECU,IPI,1150,19099,83258393
ECU,IPI,50,246,1037824
ECU,IPI,4596,171,750119
ECU,IPI,28800,42624,180188271
ECU,IPI,800,3144,13290407
ECU,IPI,3641,23888,101094188
ECU,IPI,4672,13070,55252114
ECU,IPI,9200,64676,268724899
ECU,IPI,1200,6300,26176121
ECU,IPI,7050,29626,122078312
ECU,IPI,50,439,1854387
ECU,IPI,9,1160,4908239
ECU,IPI,46300,97230,410505421
ECU,IPI,98,1050,4441791
ECU,IPI,140,70,296720
ECU,IPI,2100,633,2678837
ECU,IPI,29768,34137,144464813
ECU,IPI,530,106,449318
ECU,IPI,188742,63729,269677662
ECU,IPI,17,3772,16040797
ECU,IPI,2500,8320,35209990
ECU,IPI,88,1692,7189308
ECU,IPI,120,1049,4442442
ECU,IPI,68,180,754763
ECU,IPI,810,1676,6961385
ECU,IPI,930,2456,10372263
ECU,IPI,1524,2770,11845912
ECU,IPI,11224,27349,115658663
ECU,IPI,3537,3976,17085130
ECU,IPI,3,6,24007
ECU,IPI,93,213,904202
ECU,IPI,1627,3901,16560122
ECU,IPI,50200,23488,99562957
ECU,IPI,9600,6634,28118835
ECU,IPI,3111,12909,54116099
ECU,IPI,456,1387,5955355
ECU,IPI,13,91,400414
ECU,IPI,405,2873,12491491
ECU,IPI,110,985,4262115
ECU,IPI,11,11,47119
ECU,IPI,1992,4108,17380530
ECU,IPI,197218,65211,276420750
ECU,IPI,8196,13228,56072864
ECU,IPI,64728,34992,148679988
ECU,IPI,37528,36753,156164007
ECU,IPI,2809,18299,77810866
ECU,IPI,287,3001,12641418
ECU,IPI,10341,343,1477359
ECU,IPI,2280,80530,353255756
ECU,IPI,2202,57061,239011963
ECU,IPI,10644,286726,1210852446
ECU,IPI,462,790,3281572
ECU,IPI,3861,16355,71745447
ECU,IPI,1400,259432,1051676767
ECU,IPI,1,1511,6226710
ECU,IPI,50,522,2170291
ECU,IPI,1900,8558,35559265
ECU,IPI,4,604,2488854
ECU,IPI,41,174,726893
ECU,IPI,399,567,2394416
ECU,IPI,150,682,2888320
ECU,IPI,612,550,2325806
ECU,IPI,3,21457,94122897
ECU,IPI,3,42080,170580397
ECU,IPI,2,143184,604435506
ECU,IPI,0,33,141179
ECU,IPI,24,30,127975
ECU,IPI,87,7898,33068000
ECU,IPI,2,80000,338191200
ECU,IPI,3500,980,4129514
ECU,IPI,7564,31059,130881694
ECU,IPI,16737,42512,178894133
ECU,IPI,24915,69755,294116988
ECU,IPI,684,1773,7488553
ECU,IPI,1276,4340,18214153
ECU,IPI,500,1152,4826189
ECU,IPI,18558,46892,197261566
ECU,IPI,93,221,934653
ECU,IPI,204,498,2094211
ECU,IPI,2947,8870,37471942
ECU,IPI,3366,10754,45279758
ECU,IPI,995,3195,13399540
ECU,IPI,1208,3965,16707774
ECU,IPI,6303,15698,66025548
ECU,IPI,265,492,2077335
ECU,IPI,2536,9252,38628468
ECU,IPI,979,13735,57054865
ECU,IPI,235,4238,17845898
ECU,IPI,54,1059,4393023
ECU,IPI,112,1566,6641775
ECU,IPI,629,7548,31730026
ECU,IPI,3627,42718,179938495
ECU,IPI,60000,96780,409780366
ECU,IPI,1551,2904,12341710
ECU,IPI,6580,2531,10755634
ECU,IPI,9200,29696,120380457
ECU,IPI,56,10000,40537600
ECU,IPI,646,4794,20193124
ECU,IPI,13,4788,20167639
ECU,IPI,12,1453,6120426
ECU,IPI,25,7657,32255492
ECU,IPI,349972,289493,1216427497
ECU,IPI,150,2129,9051211
ECU,IPI,2,167820,706939854
ECU,IPI,4375,98183,417482952
ECU,IPI,672,1669,7097801
ECU,IPI,5947,13853,58375536
ECU,IPI,14850,26717,110088956
ECU,IPI,9890,29395,124990356
ECU,IPI,41760,55678,235185179
ECU,IPI,70400,168214,714860718
ECU,IPI,25000,4285,18210007
ECU,IPI,40,2480,10483927
ECU,IPI,5,229,968072
ECU,IPI,7350,89766,379473777
ECU,IPI,4,399,1682217
ECU,IPI,322,4081,17272489
ECU,IPI,500,15750,66497918
ECU,IPI,6071,40094,169638875
ECU,IPI,401,5456,23086059
ECU,IPI,19139,5186,21917979
ECU,IPI,19139,110099,464818938
ECU,IPI,7594,1917,8076663
ECU,IPI,3329,21720,91259122
ECU,IPI,2584,23360,98403621
ECU,IPI,25,2419,10163501
ECU,IPI,44,288,1210293
ECU,IPI,62708,93356,390881501
ECU,IPI,8771,11570,48478485
ECU,IPI,12500,1104,4549041
ECU,IPI,12600,5865,24168343
ECU,IPI,2112,1382,5845857
ECU,IPI,84,3196,13168719
ECU,IPI,51700,105851,444736152
ECU,IPI,1960,52856,224747789
ECU,IPI,181,19500,82316683
ECU,IPI,13152,15817,66914374
ECU,IPI,50,350,1488232
ECU,IPI,30,35,145423
ECU,IPI,15,375,1594534
ECU,IPI,200,134,569780
ECU,IPI,222,550,2338650
ECU,IPI,1,50,207072
ECU,IPI,800,8,33240
ECU,IPI,11342,32788,137488302
ECU,IPI,4,24,104578
ECU,IPI,2994,26582,115879522
ECU,IPI,1320,9041,36714208
ECU,IPI,77,9609,42153522
ECU,IPI,2,157,688179
ECU,IPI,1,9,38471
ECU,IPI,1636,182914,779913619
ECU,IPI,1,37088,162691744
ECU,IPI,3,105582,438685047
ECU,IPI,4,3202,14047489
ECU,IPI,88,7558,32118331
ECU,IPI,1,98,429059
ECU,IPI,6,1332,5805326
ECU,IPI,2,253,1108509
ECU,IPI,2,1557,6828626
ECU,IPI,778,29052,123461598
ECU,IPI,18,15,61720
ECU,IPI,4,2,10205
ECU,IPI,211,169,718433
ECU,IPI,36,799272,3367722803
ECU,IPI,24,631112,2693174815
ECU,IPI,28,827248,3527156474
ECU,IPI,12,683040,2923019585
ECU,IPI,6,231840,1010683295
ECU,IPI,10551,97452,409447418
ECU,IPI,5766,44502,186976950
ECU,IPI,37,767,3246767
ECU,IPI,72775,125342,519749725
ECU,IPI,30000,6000,25328340
ECU,IPI,300,894,3714516
ECU,IPI,10,526,2228005
ECU,IPI,1963,26783,112111342
ECU,IPI,42,2949,12479656
ECU,IPI,319,9384,39713230
ECU,IPI,691,18631,78845156
ECU,IPI,840,3284,13646485
ECU,IPI,38,342,1500238
ECU,IPI,634,5700,25002909
ECU,IPI,95,1743,7065217
ECU,IPI,320,6200,26172618
ECU,IPI,14,850,3599290
ECU,IPI,720,3528,14658628
ECU,IPI,16826,50695,222380764
ECU,IPI,2400,5386,23627428
ECU,IPI,372,6800,27565568
ECU,IPI,275,9592,40591025
ECU,IPI,276,1624,7122181
ECU,IPI,110,1043,4332771
ECU,IPI,6990,29167,123144939
ECU,IPI,50,923,3835010
ECU,IPI,531,2880,12246487
ECU,IPI,48802,84494,359004075
ECU,IPI,7718,65180,274889444
ECU,IPI,70300,52495,223215208
ECU,IPI,698000,20075,88063077
ECU,IPI,158466,97125,402662328
ECU,IPI,1320,736,3219713
ECU,IPI,2890,25534,112008976
ECU,IPI,1041,9313,40852965
ECU,IPI,2448,14688,61630528
ECU,IPI,732,4319,18082859
ECU,IPI,7906,17958,75453176
ECU,IPI,150,165,693252
ECU,IPI,2,200,847770
ECU,IPI,8748,35911,152219392
ECU,IPI,12,54,226883
ECU,IPI,56,873,3712075
ECU,IPI,6322,58059,235766511
ECU,IPI,100,16800,73695888
ECU,IPI,3528,5033,20737432
ECU,IPI,21441,47301,196792532
ECU,IPI,6456,22071,93375062
ECU,IPI,2572,5122,21668169
ECU,IPI,700,2055,8467874
ECU,IPI,2300,10948,45113372
ECU,IPI,1,17540,74527460
ECU,IPI,300,189,829079
ECU,IPI,20,4000,17206322
ECU,IPI,12,4420,19389037
ECU,IPI,186,9455,39724206
ECU,IPI,4694,52991,224323843
ECU,IPI,2304500,138626,581672013
ECU,IPI,528,2355,10005885
ECU,IPI,1250,3670,15594085
ECU,IPI,240,674,2865526
ECU,IPI,1100,9242,39270108
ECU,IPI,1170,6038,25654697
ECU,IPI,384,2742,11649058
ECU,IPI,600,3384,14378616
ECU,IPI,5484,27380,116355190
ECU,IPI,1515940,64171,264424265
ECU,IPI,474720,34323,141430104
ECU,IPI,24756,103247,440021199
ECU,IPI,4640,78668,335736802
ECU,IPI,8,231832,939792586
ECU,IPI,92,32,131860
ECU,IPI,102090,173553,732634899
ECU,IPI,34200,46854,197789007
ECU,IPI,4925,225504,989209377
ECU,IPI,24000,3720,15806280
ECU,IPI,4920,17645,77404370
ECU,IPI,45,399,1696073
ECU,IPI,19,960,4185023
ECU,IPI,1000,8350,34580940
ECU,IPI,8,119,504282
ECU,IPI,550,4355,18045468
ECU,IPI,195,837,3398184
ECU,IPI,400,9463,40236677
ECU,IPI,8333,87317,367876424
ECU,IPI,39506,541984,2285756016
ECU,IPI,238,6892,27987606
ECU,IPI,271,7853,31890307
ECU,IPI,249,7197,29227255
ECU,IPI,750,3030,13290264
ECU,IPI,2760,5557,24377547
ECU,IPI,7180,42421,186087908
ECU,IPI,10450,24779,108314557
ECU,IPI,22,144,627754
ECU,IPI,9222,35191,149312124
ECU,IPI,2180,10893,47783449
ECU,IPI,180,513,2236372
ECU,IPI,512,1901,8041713
ECU,IPI,494,2111,8976258
ECU,IPI,28800,42624,179616257
ECU,IPI,260,534,2340722
ECU,IPI,2080,6170,25056864
ECU,IPI,19200,35591,150791889
ECU,IPI,32703,54051,227767860
ECU,IPI,9548,29644,124944838
ECU,IPI,300,192,842239
ECU,IPI,55500,6880,29264116
ECU,IPI,19815,122439,517769878
ECU,IPI,3,373,1587263
ECU,IPI,1,47,201081
ECU,IPI,22234,69417,294247954
ECU,IPI,108,4640,20352523
ECU,IPI,9,579,2460855
ECU,IPI,3,289,1229960
ECU,IPI,3,46,194278
ECU,IPI,160,20356,86557670
ECU,IPI,2,144752,586789868
ECU,IPI,21,313210,1325494689
ECU,IPI,2,351,1491123
ECU,IPI,3,178,757722
ECU,IPI,689,34277,145749527
ECU,IPI,4,692,2943467
ECU,IPI,59,3927,16696172
ECU,IPI,50,6525,27743824
ECU,IPI,58,1318,5603659
ECU,IPI,1,2220,9439002
ECU,IPI,8,1034,4396448
ECU,IPI,1,99,421084
ECU,IPI,50,550,2412663
ECU,IPI,2,220,937586
ECU,IPI,46,1012,4304986
ECU,IPI,3,593,2519789
ECU,IPI,2932,4538,19687201
ECU,IPI,3469,16469,70331407
ECU,IPI,4867,17652,75723360
ECU,IPI,761,4450,18916948
ECU,IPI,4950,67092,287407084
ECU,IPI,4,205,900494
ECU,IPI,736,6049,25993855
ECU,IPI,57,566,2484604
ECU,IPI,1489,10126,42544063
ECU,IPI,2062,20575,88133061
ECU,IPI,550,3879,16295886
ECU,IPI,262,1888,7931648
ECU,IPI,1556,11829,50666626
ECU,IPI,21,3754,15744675
ECU,IPI,329,2215,9656943
ECU,IPI,16,220,907196
ECU,IPI,24,122,504364
ECU,IPI,6,70,289762
ECU,IPI,43,629,2593106
ECU,IPI,159,1082,4458799
ECU,IPI,310,1911,7875988
ECU,IPI,1173,53829,226164032
ECU,IPI,88,3077,12929620
ECU,IPI,424,182476,775469657
ECU,IPI,24,10047,42696029
ECU,IPI,26,3025,12853503
ECU,IPI,7997,16632,70210158
ECU,IPI,1066,6433,26509185
ECU,IPI,80,2896,12251847
ECU,IPI,22470,38780,162935333
ECU,IPI,250,265,1127151
ECU,IPI,22750,5028,21368264
ECU,IPI,1243,18922,80052659
ECU,IPI,7920,29540,125517457
ECU,IPI,200,91,388254
ECU,IPI,400,88,375717
ECU,IPI,3028,7357,30314165
ECU,IPI,240,315,1337511
ECU,IPI,2700,7642,32192852
ECU,IPI,20,3691,15614547
ECU,IPI,6400,11864,50191238
ECU,IPI,406,3311,14080328
ECU,IPI,5798,15183,63793090
ECU,IPI,15,435,1848315
ECU,IPI,10,581,2467042
ECU,IPI,9,7791,33103959
ECU,IPI,20,1405,5971777
ECU,IPI,10,800,3399200
ECU,IPI,50,97,414069
ECU,IPI,91,1092,4610522
ECU,IPI,34300,49735,208963095
ECU,IPI,6000,600,2631996
ECU,IPI,2808,562,2463548
ECU,IPI,2808,421,1847661
ECU,IPI,6000,5964,26162040
ECU,IPI,9345,23774,96540873
ECU,IPI,11999,240,1019845
ECU,IPI,85008,4250,18062967
ECU,IPI,4,6000,24848580
ECU,IPI,3,2700,11472300
ECU,IPI,1,13931,58890798
ECU,IPI,1,1162,4910240
ECU,IPI,5,30154,127472084
ECU,IPI,2,56862,240375906
ECU,IPI,4,17892,75637772
ECU,IPI,3900,7218,29742635
ECU,IPI,373,1228,5061687
ECU,IPI,5894,5447,22445429
ECU,IPI,405,664,2736916
ECU,IPI,956,2040,8406065
ECU,IPI,5434,22742,93710934
ECU,IPI,69,102,421951
ECU,IPI,1700,1462,6024346
ECU,IPI,1,218,899573
ECU,IPI,100,1224,5041579
ECU,IPI,11250,2250,9453442
ECU,IPI,30000,14700,60879021
ECU,IPI,23004,3451,14602836
ECU,IPI,35784,7492,31705919
ECU,IPI,13,7759,32801714
ECU,IPI,208628,8249,34902385
ECU,IPI,52,13007,55308040
ECU,IPI,8000,4080,17335920
ECU,IPI,6600,1782,7571718
ECU,IPI,97416,162900,671248998
ECU,IPI,7016200,60016,248553181
ECU,IPI,1226,8488,37000843
ECU,IPI,2208,32682,138967698
ECU,IPI,6014,91970,382419186
ECU,IPI,298,3463,14387726
ECU,IPI,6380,14738,62349884
ECU,IPI,1258,8890,38997934
ECU,IPI,1880,12580,52016445
ECU,IPI,30,291,1180090
ECU,IPI,320,1418,5909136
ECU,IPI,12,164,689490
ECU,IPI,56504,172299,749600862
ECU,IPI,27690,52225,221650685
ECU,IPI,1700,4786,20994423
ECU,IPI,852,8955,39283242
ECU,IPI,20,643,2820973
ECU,IPI,2225,7604,33358049
ECU,IPI,7598,35830,145248207
ECU,IPI,26445,22845,94611134
ECU,IPI,3,9,39480
ECU,IPI,11,70,283763
ECU,IPI,500,454,1881327
ECU,IPI,173,5558,23100809
ECU,IPI,340,8490,35211039
ECU,IPI,9,167,703277
ECU,IPI,48,666,2804682
ECU,IPI,2852,7177,31482138
ECU,IPI,2173,3833,16813278
ECU,IPI,54,164,719237
ECU,IPI,41,965,3978335
ECU,IPI,204,3820,15739656
ECU,IPI,304,5203,21440575
ECU,IPI,32,247,1017381
ECU,IPI,0,13,55216
ECU,IPI,55,987,4194825
ECU,IPI,852,14375,61077845
ECU,IPI,2756,7670,32433495
ECU,IPI,29872,79416,336987002
ECU,IPI,304,355,1501842
ECU,IPI,1893,20500,89928109
ECU,IPI,110,2081,8768192
ECU,IPI,28,3400,14008213
ECU,IPI,65,1132,4766528
ECU,IPI,295,5530,23294493
ECU,IPI,19,201,846712
ECU,IPI,640,7987,33644858
ECU,IPI,52,646,2660355
ECU,IPI,1,292,1201408
ECU,IPI,4,496,2087968
ECU,IPI,30,3000,12749130
ECU,IPI,4682,11750,51541851
ECU,IPI,1,67,275505
ECU,IPI,29,737,3035001
ECU,IPI,47,523,2156897
ECU,IPI,33708,14567,61647615
ECU,IPI,15,94,397721
ECU,IPI,1,5,19799
ECU,IPI,0,1,3370
ECU,IPI,480000,5856,24331329
ECU,IPI,7500,24000,105279840
ECU,IPI,480000,3936,16353844
ECU,IPI,100,1190,5023454
ECU,IPI,5430,21818,92102287
ECU,IPI,5,77,322551
ECU,IPI,215,3842,16144379
ECU,IPI,4,56,237134
ECU,IPI,282,6845,27795569
ECU,IPI,638,9509,39952559
ECU,IPI,236,4600,18681442
ECU,IPI,986,12639,53103642
ECU,IPI,5462,17318,73409252
ECU,IPI,32555,97524,395340633
ECU,IPI,74,1314,5326641
ECU,IPI,865,21850,92616753
ECU,IPI,19829,107698,457939888
ECU,IPI,1384,5595,22682003
ECU,IPI,22,490,1986342
ECU,IPI,36,1200,4864512
ECU,IPI,24,928,3759862
ECU,IPI,1200000,21000,86533020
ECU,IPI,1550,22381,94035493
ECU,IPI,8878,46183,196231397
ECU,IPI,480000,9264,39192371
ECU,IPI,300000,6150,24930624
ECU,IPI,51,70246,308145318
ECU,IPI,80000,1400,5675264
ECU,IPI,116,1538,6705455
ECU,IPI,235,3116,13584326
ECU,IPI,449,5531,24113585
ECU,IPI,977,13166,57396950
ECU,IPI,300,2807,12238580
ECU,IPI,983,10242,44649759
ECU,IPI,719,5666,24698791
ECU,IPI,893,7254,31621257
ECU,IPI,1889,12390,54014884
ECU,IPI,1096,9391,40937382
ECU,IPI,140,1547,6531573
ECU,IPI,7467,94212,407969329
ECU,IPI,1545,35594,148359350
ECU,IPI,728,9362,41070104
ECU,IPI,4368,18220,76924791
ECU,IPI,200,1603,6768010
ECU,IPI,126,2266,9626319
ECU,IPI,1000,80480,353038397
ECU,IPI,408,2140,8898338
ECU,IPI,138,1003,4246687
ECU,IPI,139,2091,8881393
ECU,IPI,60,3600,15298956
ECU,IPI,1500,300,1274700
ECU,IPI,1535,4646,19614817
ECU,IPI,5176,23353,102440092
ECU,IPI,480,2459,10382288
ECU,IPI,465,3717,16305610
ECU,IPI,20,1429,6019662
ECU,IPI,21,15888,66928200
ECU,IPI,26,12641,53250212
ECU,IPI,3,76,320150
ECU,IPI,2,672,2830800
ECU,IPI,1,29,124198
ECU,IPI,128,1934,8072510
ECU,IPI,15,297,1258761
ECU,IPI,104,873,3656830
ECU,IPI,6000,39835,169286645
ECU,IPI,2,391,1661529
ECU,IPI,3921,61267,258778748
ECU,IPI,12,56,232344
ECU,IPI,51,2137,8891430
ECU,IPI,1141,21189,89044553
ECU,IPI,3,3000,12161280
ECU,IPI,1860000,32400,137689848
ECU,IPI,98,1083,4572101
ECU,IPI,2908,34901,147513088
ECU,IPI,270,7020,29072839
ECU,IPI,1350,33750,139773262
ECU,IPI,1,1255,5333386
ECU,IPI,2,26,110492
ECU,IPI,1,1200,5099652
ECU,IPI,10,100,424971
ECU,IPI,1,270,1147422
ECU,IPI,7,42,178488
ECU,IPI,33700,48865,205307764
ECU,IPI,1375,7905,34676547
ECU,IPI,2748,123118,529326428
ECU,IPI,252000,57960,245561450
ECU,IPI,1648,20600,85591763
ECU,IPI,1160,16240,65833062
ECU,IPI,126000,28980,122356168
ECU,IPI,800,1255,5332495
ECU,IPI,2300,1860,7903140
ECU,IPI,800,1280,5438720
ECU,IPI,125000,79890,338189186
ECU,IPI,650000,474500,2028422676
ECU,IPI,1277000,935320,3932826012
ECU,IPI,390340,277923,1179738109
ECU,IPI,6193,18362,78020096
ECU,IPI,205540,535932,2269709538
ECU,IPI,11046,46960,198099313
ECU,IPI,3725,17639,74268612
ECU,IPI,465,8188,34788688
ECU,IPI,55914,211467,899535086
ECU,IPI,63323,591520,2483963272
ECU,IPI,15566,142760,599358680
ECU,IPI,16173,96055,402846795
ECU,IPI,30000,15840,67304160
ECU,IPI,323178,713394,2975671172
ECU,IPI,216000,152567,658759579
ECU,IPI,321500,238321,1015582060
ECU,IPI,2884750,2011356,8531870943
ECU,IPI,22622,118776,500596364
ECU,IPI,18562,94084,396946540
ECU,IPI,33780,95937,398661020
ECU,IPI,4239,10644,44839535
ECU,IPI,9935,38588,156428437
ECU,IPI,26958,37473,158841324
ECU,IPI,1260,2835,12045915
ECU,IPI,2907,60646,257399314
ECU,IPI,115440,102217,439776618
ECU,IPI,40000,9960,42320040
ECU,IPI,1350,1148,4857878
ECU,IPI,5650,11216,47470391
ECU,IPI,1500,3315,14051788
ECU,IPI,1560,3960,16826040
ECU,IPI,78,12606,52042054
ECU,IPI,356,32155,132133990
ECU,IPI,158,1976,8269301
ECU,IPI,129110,1254752,5212256777
ECU,IPI,464,2056,8734669
ECU,IPI,677,7565,31173067
ECU,IPI,850,3330,13792204
ECU,IPI,9008,41088,170164691
ECU,IPI,281,1606,7000760
ECU,IPI,278,2743,11956090
ECU,IPI,47826,195935,854157034
ECU,IPI,452,8045,35070240
ECU,IPI,43336,270558,1179470894
ECU,IPI,1056,25497,111153190
ECU,IPI,1832,260,1098630
ECU,IPI,1600,2144,8972233
ECU,IPI,5560,9664,42130636
ECU,IPI,25400,45004,190131310
ECU,IPI,46400,50890,212957413
ECU,IPI,60568,73876,304065875
ECU,IPI,6578,19046,80222677
ECU,IPI,5053,7253,30041912
ECU,IPI,341,3539,14942145
ECU,IPI,180,1329,5611295
ECU,IPI,585,2019,8373960
ECU,IPI,18000,39636,167738363
ECU,IPI,7064,4087,17133739
ECU,IPI,2800,3136,13050818
ECU,IPI,115401,67459,279837601
ECU,IPI,12439,98740,413712590
ECU,IPI,24804,176260,772757730
ECU,IPI,943,7980,33931678
ECU,IPI,189485,74628,325333608
ECU,IPI,871694,903836,3816534850
ECU,IPI,110848,71835,304459988
ECU,IPI,21985,14048,59388150
ECU,IPI,63544,40682,172229337
ECU,IPI,12296,8829,38727759
ECU,IPI,93106,114190,481131749
ECU,IPI,24930,17052,71644994
ECU,IPI,106,1468,6236682
ECU,IPI,265180,76105,320633997
ECU,IPI,9570,29583,124496915
ECU,IPI,35880,3873,16420652
ECU,IPI,53,3315,13773626
ECU,IPI,19,58,253373
ECU,IPI,23346,55272,242460524
ECU,IPI,3301,14717,60643329
ECU,IPI,16576,73439,302614995
ECU,IPI,5747,25382,104588052
ECU,IPI,3,30106,132064786
ECU,IPI,8338,25510,105993309
ECU,IPI,2490,1848,8107864
ECU,IPI,2,106068,440706176
ECU,IPI,532,38256,161154158
ECU,IPI,11365,36680,160900496
ECU,IPI,448936,303794,1287608064
ECU,IPI,3951,54728,238228549
ECU,IPI,360,2267,9591724
ECU,IPI,1600,4305,18210830
ECU,IPI,12240,60107,254289614
ECU,IPI,25883,107332,454965605
ECU,IPI,3584,14166,60048736
ECU,IPI,93302,260185,1100355152
ECU,IPI,913,3480,14751198
ECU,IPI,23771,60392,256280654
ECU,IPI,15270,81951,341051300
ECU,IPI,1150,3380,14155114
ECU,IPI,30664,60941,253207113
ECU,IPI,234742,461579,1911959692
ECU,IPI,128750,161003,684493632
ECU,IPI,1830,9860,40001252
ECU,IPI,9000,11625,49274766
ECU,IPI,162000,23464,98238197
ECU,IPI,1,2380,10088463
ECU,IPI,31560,15546,65638705
ECU,IPI,51030,76285,319356098
ECU,IPI,2000,1640,6757817
ECU,IPI,4000,13031,54141610
ECU,IPI,7900,18960,79738425
ECU,IPI,100,210,892290
ECU,IPI,1500,3315,14085435
ECU,IPI,9000,13050,55489774
ECU,IPI,4000,28600,116139738
ECU,IPI,1000,6471,27174869
ECU,IPI,1200,5304,22423208
ECU,IPI,1899,12660,51321574
ECU,IPI,14397,208320,844986540
ECU,IPI,10,240,974599
ECU,IPI,101,1166,4736552
ECU,IPI,10778,58250,236366543
ECU,IPI,2635,86261,372280621
ECU,IPI,5275,45090,193986952
ECU,IPI,17,252,1103508
ECU,IPI,400,673,2845424
ECU,IPI,100,2640,11580782
ECU,IPI,72,468,1981448
ECU,IPI,100,1760,7720522
ECU,IPI,9921,44055,186380666
ECU,IPI,19265,55973,237262762
ECU,IPI,806,4201,17805713
ECU,IPI,7963,33555,138149477
ECU,IPI,4102,107458,455140621
ECU,IPI,164979,451305,1900234139
ECU,IPI,947,8952,37947287
ECU,IPI,77524,426798,1811098976
ECU,IPI,6740,43401,183023389
ECU,IPI,7548,29221,123072079
ECU,IPI,16407,183670,765179304
ECU,IPI,1377,11791,49234379
ECU,IPI,42964,94200,386497406
ECU,IPI,9378,15750,66760192
ECU,IPI,3200,11766,49206828
ECU,IPI,204175,220113,922031092
ECU,IPI,10,240,1052798
ECU,IPI,12,156,632387
ECU,IPI,2279,21054,85400321
ECU,IPI,19,960,3898397
ECU,IPI,2291,11157,46483969
ECU,IPI,2124,9750,39563999
ECU,IPI,12009,8329,34934606
ECU,IPI,7100,18780,79814080
ECU,IPI,800,4160,17675840
ECU,IPI,18300,1514,6379365
ECU,IPI,4923,1001,4389292
ECU,IPI,1936,6530,28646820
ECU,IPI,13,147,643084
ECU,IPI,48,211,869451
ECU,IPI,450,2981,12282044
ECU,IPI,4170,39841,164171393
ECU,IPI,1100,10862,44758916
ECU,IPI,432,1537,6334712
ECU,IPI,1100,8984,37021298
ECU,IPI,14394,40643,177177176
ECU,IPI,279,821,3600088
ECU,IPI,21102,47826,209796445
ECU,IPI,5000,9046,38119573
ECU,IPI,2,17,72522
ECU,IPI,91736,164306,696648352
ECU,IPI,453500,12753,54187752
ECU,IPI,5400,4699,20612915
ECU,IPI,4,153919,654477441
ECU,IPI,54000,11843,50103114
ECU,IPI,9000,10214,43430847
ECU,IPI,500,870,3689665
ECU,IPI,735,9733,40105253
ECU,IPI,104,276,1138733
ECU,IPI,6048,4283,18044075
ECU,IPI,160000,116800,499100014
ECU,IPI,150000,111300,472913700
ECU,IPI,107750,74592,318659477
ECU,IPI,2274,6127,25920524
ECU,IPI,27339,73133,308905124
ECU,IPI,3705,15261,64563931
ECU,IPI,140,1302,5675939
ECU,IPI,48,154,669604
ECU,IPI,2466,4966,21649648
ECU,IPI,5396,24035,104778353
ECU,IPI,1030,15450,67352730
ECU,IPI,224,4256,18553606
ECU,IPI,4231,18525,76968809
ECU,IPI,9410,103195,436720133
ECU,IPI,1530,1539,6393871
ECU,IPI,42105,370595,1563404468
ECU,IPI,3355,25572,104236213
ECU,IPI,13417,79269,321897121
ECU,IPI,1275,9650,42068645
ECU,IPI,2097,26338,114816568
ECU,IPI,1296,25920,109436573
ECU,IPI,943200,654020,2754501948
ECU,IPI,10484,51614,216107915
ECU,IPI,5527,27797,116385061
ECU,IPI,3924,14123,60016784
ECU,IPI,2413,6073,25810444
ECU,IPI,7603,33564,142637266
ECU,IPI,3364,43037,179227328
ECU,IPI,24022,34246,149291402
ECU,IPI,2228,72416,298784970
ECU,IPI,133,23671,98022130
ECU,IPI,1415,40712,167758517
ECU,IPI,93881,716503,2993203272
ECU,IPI,116,1371,5790512
ECU,IPI,14043,13989,60981816
ECU,IPI,1431,739,3219504
ECU,IPI,2799,24240,99883170
ECU,IPI,4538,21552,91109470
ECU,IPI,1463,12302,51931540
ECU,IPI,13830,10048,42475462
ECU,IPI,1540000,24925,108656301
ECU,IPI,4950,10266,43134167
ECU,IPI,3333,4046,17194284
ECU,IPI,389893,408739,1730976250
ECU,IPI,26398,17325,75999323
ECU,IPI,1332,21978,95810893
ECU,IPI,67700,22263,94665130
ECU,IPI,690,2122,9024211
ECU,IPI,3646,26640,110686189
ECU,IPI,179569,91627,385985755
ECU,IPI,7229,30578,134135772
ECU,IPI,11520,50593,221934904
ECU,IPI,4435,34851,144333391
ECU,IPI,81000,12638,53739104
ECU,IPI,12520,4293,18162559
ECU,IPI,8500,10625,46320587
ECU,IPI,27990,43199,179491040
ECU,IPI,3468,43170,178225526
ECU,IPI,60000,18943,82580986
ECU,IPI,3034,6457,27127683
ECU,IPI,4790,19664,82333113
ECU,IPI,278,2361,10294287
ECU,IPI,19800,44536,187117575
ECU,IPI,16026,17883,75258776
ECU,IPI,4149,3645,15261610
ECU,IPI,29220,14524,61321593
ECU,IPI,50,669,2826518
ECU,IPI,1357,6045,25554319
ECU,IPI,100,5520,23335193
ECU,IPI,9,162,682723
ECU,IPI,16,184,777840
ECU,IPI,36840,60063,253911374
ECU,IPI,2250,255,1078407
ECU,IPI,17880,20105,84692650
ECU,IPI,27936,19798,82893838
ECU,IPI,125,122,520216
ECU,IPI,78,125,513223
ECU,IPI,186234,295275,1254623475
ECU,IPI,75000,49410,209775920
ECU,IPI,60170,45520,191023624
ECU,IPI,4107,13528,57508965
ECU,IPI,396271,995143,4175050632
ECU,IPI,58341,231808,979324775
ECU,IPI,4477,22795,95176161
ECU,IPI,24000,12402,52361051
ECU,IPI,651,4289,18218886
ECU,IPI,36,310,1315490
ECU,IPI,3372,15377,65277831
ECU,IPI,1452,3147,13371093
ECU,IPI,4075,33861,145051445
ECU,IPI,1853,13212,56131781
ECU,IPI,1116,25227,107156600
ECU,IPI,37800,41485,174376916
ECU,IPI,30000,17025,74682886
ECU,IPI,298570,284537,1248167998
ECU,IPI,12657,53212,224948680
ECU,IPI,47807,233428,987889559
ECU,IPI,46556,141546,610862323
ECU,IPI,58261,186970,800502027
ECU,IPI,22225,56002,234134931
ECU,IPI,5069,19928,85760850
ECU,IPI,2848,5174,21595118
ECU,IPI,1182,4222,17718542
ECU,IPI,320,5792,24450291
ECU,IPI,4034,18883,77808514
ECU,IPI,3680,76890,335105217
ECU,IPI,23236,106695,446925621
ECU,IPI,19,143,588425
ECU,IPI,455,1125,4747867
ECU,IPI,7360,19450,82119650
ECU,IPI,3280,4420,18213140
ECU,IPI,57,18695,78919055
ECU,IPI,24378,29593,129007070
ECU,IPI,413903,423837,1772476221
ECU,IPI,24513,15729,68998126
ECU,IPI,52682,33847,148474579
ECU,IPI,1470,6016,25351244
ECU,IPI,56610,47738,199736477
ECU,IPI,12,81,356416
ECU,IPI,16,119,501079
ECU,IPI,120,543,2332045
ECU,IPI,489,3091,13425153
ECU,IPI,1554,21756,95436175
ECU,IPI,390,5640,23868311
ECU,IPI,844,17728,75024364
ECU,IPI,2630,48666,206008689
ECU,IPI,225,3420,14473337
ECU,IPI,17720,66625,279970141
ECU,IPI,98,3933,16604382
ECU,IPI,6575,49812,205256323
ECU,IPI,51,17400,73297500
ECU,IPI,30,1567,6614326
ECU,IPI,454,40345,170338870
ECU,IPI,180,12424,52456091
ECU,IPI,196878,60406,254904205
ECU,IPI,330,12874,55175358
ECU,IPI,437,9782,42382748
ECU,IPI,370,5090,21921140
ECU,IPI,6480,24636,104144965
ECU,IPI,228,1231,5231369
ECU,IPI,110818,77477,324397979
ECU,IPI,32000,10400,44221736
ECU,IPI,90000,10890,45890133
ECU,IPI,380,4666,19655525
ECU,IPI,15830,60079,253368240
ECU,IPI,1107,5644,23861461
ECU,IPI,26821,121952,514670000
ECU,IPI,11760,11136,46626543
ECU,IPI,600,738,3090013
ECU,IPI,150,476,2005597
ECU,IPI,1400,121,508542
ECU,IPI,1568,20384,85348012
ECU,IPI,7200,6660,28303069
ECU,IPI,377,5280,22107413
ECU,IPI,194,5390,23644097
ECU,IPI,130,517,2178496
ECU,IPI,25,330,1389262
ECU,IPI,866,14611,61934855
ECU,IPI,0,49,205010
ECU,IPI,19102,71657,303707585
ECU,IPI,479,21068,89302820
ECU,IPI,33,363,1530430
ECU,IPI,310,4132,17516793
ECU,IPI,204,70,293503
ECU,IPI,62,592,2494080
ECU,IPI,1900,629,2649491
ECU,IPI,546,332,1398869
ECU,IPI,5440,4129,17398429
ECU,IPI,12217,9150,38557193
ECU,IPI,1,493,2002598
ECU,IPI,12,3864,15689545
ECU,IPI,35,2932,11905013
ECU,IPI,742,36715,155207948
ECU,IPI,80,1333,5617643
ECU,IPI,52,2137,9038952
ECU,IPI,10732,12074,50552786
ECU,IPI,30050,22237,93886615
ECU,IPI,5360,18238,78143913
ECU,IPI,78418,206176,874049641
ECU,IPI,10679,42343,182248551
ECU,IPI,1952,5183,21536550
ECU,IPI,2161,11870,50216579
ECU,IPI,640,3760,15907094
ECU,IPI,160,2576,10898051
ECU,IPI,2503,15837,68256391
ECU,IPI,5184,11672,50882917
ECU,IPI,34321,87720,374028138
ECU,IPI,9610,19166,81085564
ECU,IPI,5911,23633,99989077
ECU,IPI,720,4880,20629663
ECU,IPI,2000,11251,48450506
ECU,IPI,72,1512,6391814
ECU,IPI,44,312,1360133
ECU,IPI,1357,7669,32953216
ECU,IPI,1350,7910,33438655
ECU,IPI,51200,2176,9041149
ECU,IPI,9750,13000,54619848
ECU,IPI,79502,27636,117425874
ECU,IPI,216378,225238,953701645
ECU,IPI,20487,16309,71543968
ECU,IPI,10497,7043,30897396
ECU,IPI,14870,9413,41290358
ECU,IPI,909,2112,8897882
ECU,IPI,3216,2094,8857544
ECU,IPI,3192,7769,32867609
ECU,IPI,8330,37384,158158055
ECU,IPI,293,3666,15107800
ECU,IPI,1,11610,49339133
ECU,IPI,591,1388,5898172
ECU,IPI,78112,24469,101493981
ECU,IPI,500,2200,9590680
ECU,IPI,2000,5340,23279195
ECU,IPI,9000,17820,77684507
ECU,IPI,23040,33085,139421052
ECU,IPI,160,2098,8875820
ECU,IPI,180,1888,7987519
ECU,IPI,1000,656,2776126
ECU,IPI,720,191,809950
ECU,IPI,4015,5307,22452313
ECU,IPI,20,46,186473
ECU,IPI,212,1749,7672795
ECU,IPI,368,1461,6408691
ECU,IPI,160,420,1773278
PER,IPI,2535,24264,103114963
PER,IPI,1912,13168,55960181
PER,IPI,1602,20688,87918000
PER,IPI,30861,158058,678987500
PER,IPI,213,955,3968799
PER,IPI,1845,7036,29533411
PER,IPI,37064,108883,455818601
PER,IPI,3726,14461,61405502
PER,IPI,1290,6341,27259196
PER,IPI,5568,25032,106727782
PER,IPI,832,1776,7514536
PER,IPI,29084,139489,591669734
PER,IPI,418,2193,9306189
PER,IPI,1364,6626,28152213
PER,IPI,1325,5150,21831688
PER,IPI,21194,88744,376724432
PER,IPI,1499,8008,33962939
PER,IPI,5973,24444,103728514
PER,IPI,4150,21360,90637924
PER,IPI,830,4393,18626636
PER,IPI,38,30,127491
PER,IPI,598,4966,20732911
PER,IPI,66100,49212,208370687
PER,IPI,16830,132667,565660489
PER,IPI,1540,15242,64871314
PER,IPI,1257,6538,27473935
PER,IPI,1589,5847,24687194
PER,IPI,3600,548,2259542
PER,IPI,4000,621,2558575
PER,IPI,3896,5364,22739268
PER,IPI,7675,73596,311963337
PER,IPI,4969,7143,30357081
PER,IPI,4969,40600,172538226
PER,IPI,4969,33265,141365073
PER,IPI,4969,20781,88311694
PER,IPI,1061,8905,36160229
PER,IPI,7605,35957,146016848
PER,IPI,8333,47822,200927626
PER,IPI,62,358,1505912
PER,IPI,182,1045,4389380
PER,IPI,546,3133,13162637
PER,IPI,2929,16811,70632089
PER,IPI,822,4716,19814457
PER,IPI,576,3305,13886267
PER,IPI,706,4049,17011239
PER,IPI,95,544,2284414
PER,IPI,21442,110853,467791298
PER,IPI,506,2060,8731522
PER,IPI,156,637,2698621
PER,IPI,220,1052,4444948
PER,IPI,491,2837,11950862
PER,IPI,8803,44752,188904151
PER,IPI,2198,9914,41936291
PER,IPI,283,1503,6341389
PER,IPI,1615,7218,30539758
PER,IPI,112,649,2731890
PER,IPI,27000,32400,136967436
PER,IPI,27000,21600,90990000
PER,IPI,110,3454,14548543
PER,IPI,296,9268,39041745
PER,IPI,651,20403,85946879
PER,IPI,176,5888,24806220
PER,IPI,2532,14680,61861080
PER,IPI,613,10963,46141718
PER,IPI,18869,183684,771773760
PER,IPI,169,3411,14366900
PER,IPI,841,5777,24004875
PER,IPI,1011,19235,81028364
PER,IPI,42,841,3542249
PER,IPI,86,1985,8363424
PER,IPI,59000,6488,26958663
PER,IPI,75718,11150,46968954
PER,IPI,6335,2192,9106714
PER,IPI,17239,1106,4660162
PER,IPI,195830,22330,93846767
PER,IPI,84,3350,14115325
PER,IPI,7,473,1994029
PER,IPI,4,156,655296
PER,IPI,200,10301,43392499
PER,IPI,200,1025,4318150
PER,IPI,5,1240,5225438
PER,IPI,163,3297,13888950
PER,IPI,407,885,3728315
PER,IPI,47,1832,7715826
PER,IPI,16200,2595,10930342
PER,IPI,14,237,985012
PER,IPI,1,83,342990
PER,IPI,17,815,3388021
PER,IPI,100,1785,7416776
PER,IPI,3,289,1218975
PER,IPI,155,4495,18677743
PER,IPI,1,71,296912
PER,IPI,3,32,136153
PER,IPI,225,1686,7003234
PER,IPI,63,1269,5274115
PER,IPI,72,6870,28554389
PER,IPI,4,127,533320
PER,IPI,306,2323,9651635
PER,IPI,15000,4360,18371434
PER,IPI,3874,815,3435818
PER,IPI,3,5,19040
PER,IPI,500,50,211162
PER,IPI,5974,71376,300574585
PER,IPI,531,8936,37879211
PER,IPI,607,4258,17976139
PER,IPI,341,3190,13467116
PER,IPI,19,136,573613
PER,IPI,104,822,3482809
PER,IPI,498,2506,10607157
PER,IPI,434,3018,12752850
PER,IPI,180,1268,5302251
PER,IPI,4882,19552,82245205
PER,IPI,790,3515,14878704
PER,IPI,2292,8072,33852499
PER,IPI,1470,5034,21195953
PER,IPI,7644,20036,84462453
PER,IPI,1008,2546,10787277
PER,IPI,141,679,2840749
PER,IPI,326,1415,5866656
PER,IPI,2810,7691,32031418
PER,IPI,5067,15777,66406841
PER,IPI,673,3484,14725096
PER,IPI,18251,36935,154315575
PER,IPI,3901,12871,53957940
PER,IPI,10,57,237602
PER,IPI,4920,13208,55406955
PER,IPI,1,3,14693
PER,IPI,60,31,130420
PER,IPI,135,1101,4668712
PER,IPI,18,259,1099770
PER,IPI,155,1651,6943461
PER,IPI,197,1568,6645118
PER,IPI,182,2134,8966998
PER,IPI,564,5205,21949022
PER,IPI,294,1822,7695102
PER,IPI,447,2399,9997399
PER,IPI,1683,5672,23949305
PER,IPI,52,655,2777888
PER,IPI,140,558,2298441
PER,IPI,1281,12941,54773547
PER,IPI,460,1424,5969019
PER,IPI,55,447,1895910
PER,IPI,347,2162,9162952
PER,IPI,1409,4764,20001652
PER,IPI,119,113,477846
PER,IPI,15,70,295363
PER,IPI,58,662,2805017
PER,IPI,214,874,3659135
PER,IPI,1042,3733,15556682
PER,IPI,578,1824,7723998
PER,IPI,6300,21188,87306007
PER,IPI,1111,2018,8522162
PER,IPI,289,3348,14688161
PER,IPI,33530,59425,252497717
PER,IPI,422,3704,16247311
PER,IPI,69,9781,41236684
PER,IPI,50,806,3403173
PER,IPI,460,492,2026686
PER,IPI,334,2166,9182027
PER,IPI,119,979,4033840
PER,IPI,1257,12975,53919507
PER,IPI,5,1,4694
PER,IPI,144,341,1497167
PER,IPI,249,1741,7637745
PER,IPI,86,458,2010362
PER,IPI,1011,5540,24302667
PER,IPI,1179,3877,17007607
PER,IPI,844,3425,15025495
PER,IPI,6926,22320,97908716
PER,IPI,1043,6118,26839779
PER,IPI,2128,3748,16440149
PER,IPI,529,750,3287846
PER,IPI,187,896,3930842
PER,IPI,3744,9303,40810633
PER,IPI,2204,10146,44509070
PER,IPI,54,546,2394634
PER,IPI,1266,2771,12153856
PER,IPI,93,304,1335168
PER,IPI,246,2252,9877969
PER,IPI,25,166,728668
PER,IPI,113,589,2582120
PER,IPI,211,457,2002730
PER,IPI,907,2571,11279331
PER,IPI,143,698,3059695
PER,IPI,1243,9615,42176332
PER,IPI,231,1031,4524620
PER,IPI,245,777,3409137
PER,IPI,763,2662,11677991
PER,IPI,107,545,2389545
PER,IPI,45,149,654841
PER,IPI,858,1014,4446582
PER,IPI,746,1475,6469271
PER,IPI,5256,33951,148933248
PER,IPI,1,166794,708708811
PER,IPI,1960,4057,17796943
PER,IPI,184,4413,18186027
BOL,BUN,1,1733,7600459
BRA,LET,3,3080,13511615
PAN,BUN,5,5925,25070715
ABW,MAI,2200,67200,272887776
ABW,MAI,150,1457,6139298
ABW,MAI,2112,136,572058
ABW,MAI,150,166,698432
ABW,MAI,868,1674,7051725
ABW,MAI,100,108,454950
ABW,MAI,50,46,195039
ABW,MAI,64,62,259490
ABW,MAI,50,39,162392
ABW,MAI,994,767,3230145
ABW,MAI,40,62,260122
ABW,MAI,152,176,740347
ABW,MAI,750,302,1273860
ABW,MAI,744,1313,5454820
ABW,MAI,70,96,390174
ABW,MAI,126,146,617026
ABW,MAI,3728,6746,27526642
ABW,MAI,4900,5943,24754565
ABW,MAI,3900,2490,10358885
ABW,MAI,78,184,774754
ABW,MAI,255,478,1994986
ABW,MAI,126,262,1091613
ABW,MAI,126,270,1125734
ABW,MAI,111,282,1189152
ABW,MAI,25,59,248259
ABW,MAI,94,974,4100869
ABW,MAI,200,2150,9054769
ABW,MAI,1109,1714,7218540
ABW,MAI,115,463,1951230
ABW,MAI,210,1454,5965455
ABW,MAI,3000,212,871417
ABW,MAI,198,235,982644
ABW,MAI,1162,1810,7530411
ABW,MAI,50,47,198649
ABW,MAI,64,47,199283
ABW,MAI,100,78,324819
ABW,MAI,1092,1019,4255012
ABW,MAI,88,157,653108
ABW,MAI,264,248,1029060
ABW,MAI,1050,536,2260929
ABW,MAI,210,652,2752803
ABW,MAI,3300,7931,32151992
ABW,MAI,659,5991,24591458
ABW,MAI,140,1118,4530077
ABW,MAI,57,110,446319
ABW,MAI,96,750,3073753
ABW,MAI,1556,2554,10483008
ABW,MAI,208,472,1975515
ABW,MAI,10,46,187486
ABW,MAI,36,106,429699
ABW,MAI,16,58,236537
ABW,MAI,4,11,46213
ABW,MAI,8,163,661371
ABW,MAI,300,109,440238
ABW,MAI,1,147,618958
ABW,MAI,275,146,593065
VEN,MAI,60000,14100,59416977
VEN,MAI,1920,2491,10585008
VEN,MAI,39900,51425,218539339
VEN,MAI,27140,79556,338088314
VEN,MAI,1132702,108460,455092711
VEN,MAI,182000,38300,162766018
VEN,MAI,1110,21338,90730799
VEN,MAI,69080,107765,457892635
VEN,MAI,7821,27217,118651446
VEN,MAI,27526,59914,254359924
VEN,MAI,4018,12921,54901159
VEN,MAI,24000,9360,39799562
VEN,MAI,594000,76762,323959122
VEN,MAI,6,14599,62077410
VEN,MAI,200,640,2696941
VEN,MAI,1500,6231,26474669
VEN,MAI,460,179,755986
VEN,MAI,828,3803,16161307
VEN,MAI,26,2510,10665285
VEN,MAI,112,19345,82212170
VEN,MAI,42,1246,5295351
VEN,MAI,5567,217092,922579403
VEN,MAI,3500,39565,166405872
VEN,MAI,60,1523,6417876
VEN,MAI,25,370,1557441
VEN,MAI,175,1782,7509295
VEN,MAI,660,2410,10090903
VEN,MAI,300,1060,4506875
VEN,MAI,35,960,4045411
VEN,MAI,1130,11885,48972909
VEN,MAI,1490,15280,62963321
VEN,MAI,15490,72355,305892124
VEN,MAI,39520,109903,467279812
VEN,MAI,8718,16170,66631002
VEN,MAI,212,1573,6479757
VEN,MAI,15061,38854,163729759
VEN,MAI,5423,21433,88298587
VEN,MAI,240,1152,4746954
VEN,MAI,560,1714,7061094
VEN,MAI,96,180,730163
VEN,MAI,74026,88586,371439181
VEN,MAI,9600,9604,39573775
VEN,MAI,29000,5220,22195910
VEN,MAI,7400,11791,50111602
VEN,MAI,1000,1182,4981755
VEN,MAI,440,308,1297903
VEN,MAI,1450,932,3927420
VEN,MAI,8000,31663,134213690
VEN,MAI,5,887,3594874
VEN,MAI,480,1663,6853415
VEN,MAI,5000,26600,112091602
VEN,MAI,14000,78012,331471458
VEN,MAI,27038,246091,1029604558
VEN,MAI,20,80,338449
VEN,MAI,216,86,364087
VEN,MAI,35200,716,3017203
VEN,MAI,12000,240,1015673
VEN,MAI,6176,24148,105929768
VEN,MAI,67500,933,3931634
VEN,MAI,483,7446,31512941
VEN,MAI,276236,246832,1082766526
VEN,MAI,360,799,3382190
VEN,MAI,772,6480,27553543
VEN,MAI,94149,14465,61214092
VEN,MAI,1502,3003,12708606
VEN,MAI,600,240,1015673
VEN,MAI,535,6829,28899954
VEN,MAI,82,565,2391063
VEN,MAI,5157,23241,98355215
VEN,MAI,1500,13560,57658340
VEN,MAI,1420,21501,90960653
VEN,MAI,36,252,1071527
VEN,MAI,61654,39194,165814782
VEN,MAI,58,720,3047018
VEN,MAI,925,21698,91795310
VEN,MAI,21,5984,25445399
VEN,MAI,40,1927,7811717
VEN,MAI,37,2973,12052639
VEN,MAI,214,27587,111830104
VEN,MAI,78,4688,19002608
VEN,MAI,3663,25177,106723222
VEN,MAI,192,1320,5595282
VEN,MAI,5000,13432,57113860
VEN,MAI,34356,50128,213149490
VEN,MAI,480,1307,5555696
VEN,MAI,15963,48655,205840499
VEN,MAI,14220,73167,320958401
VEN,MAI,75,309,1254436
VEN,MAI,319,3221,13056350
VEN,MAI,13000,81026,355435619
VEN,MAI,14,139,564770
VEN,MAI,8,8,32430
VEN,MAI,410,1833,7429569
VEN,MAI,22258,17073,69211385
VEN,MAI,1500,19350,78440256
VEN,MAI,144,1322,5360692
VEN,MAI,120,1244,5043769
VEN,MAI,50,5225,21180896
VEN,MAI,25,16,68477
VEN,MAI,20,10,42497
VEN,MAI,1,19,80270
VEN,MAI,1,7,27608
VEN,MAI,18,53,217115
VEN,MAI,14,78,316924
VEN,MAI,11,2,8108
VEN,MAI,8,2,8108
VEN,MAI,50,93,382311
VEN,MAI,25,38,157861
VEN,MAI,5,45,183903
VEN,MAI,2,10,41206
VEN,MAI,1500,262,1081663
VEN,MAI,3,10,41206
VEN,MAI,500,100,412062
VEN,MAI,300,30,123619
VEN,MAI,19,1,4054
VEN,MAI,19,34,143968
VEN,MAI,30,6,25976
VEN,MAI,100,2,8461
VEN,MAI,24079,70172,298210650
VEN,MAI,204,338,1394747
VEN,MAI,92,1504,6196918
VEN,MAI,3264,14857,61219433
VEN,MAI,150,2435,10033339
VEN,MAI,3938,38743,161504939
VEN,MAI,50000,72220,310611922
VEN,MAI,1714,3528,14301665
VEN,MAI,8994,22140,89752192
VEN,MAI,27000,43550,184102834
VEN,MAI,117000,65161,269860259
VEN,MAI,530000,94982,401577324
VEN,MAI,19,44179,186762877
VEN,MAI,25200,38649,164248062
VEN,MAI,4662,40557,177909857
VEN,MAI,15656,73969,324475932
VEN,MAI,4706,16089,70576666
VEN,MAI,645,2371,10337009
VEN,MAI,10611,68068,296736468
VEN,MAI,2450,53284,224538231
VEN,MAI,5322,94147,397997650
VEN,MAI,284,2624,10942632
VEN,MAI,11268,69497,294110996
VEN,MAI,2543,21204,93015528
VEN,MAI,43,304,1335343
VEN,MAI,25000,33565,147238243
VEN,MAI,2000,6818,28821415
VEN,MAI,33190,52480,222668490
VEN,MAI,3400,16024,68133449
VEN,MAI,600,1826,7524664
VEN,MAI,6,137,596715
VEN,MAI,2405,8269,34489206
VEN,MAI,3391,10310,43002644
VEN,MAI,61,1850,8064018
VEN,MAI,5582,13281,54725048
VEN,MAI,621,1481,6103710
VEN,MAI,132,3182,13111360
VEN,MAI,1,560,2442354
VEN,MAI,206,4316,18295004
VEN,MAI,732,2724,11224610
VEN,MAI,184,1826,7709313
VEN,MAI,245,1778,7415630
VEN,MAI,509,1896,7986900
VEN,MAI,100,135,556284
VEN,MAI,700,1947,8203001
VEN,MAI,35310,693,2917451
VEN,MAI,300,70,296981
VEN,MAI,30000,125,526562
VEN,MAI,95,3638,14992876
VEN,MAI,67,174,733775
VEN,MAI,337,878,3698154
VEN,MAI,59853,38564,163024603
VEN,MAI,210,1773,7467499
VEN,MAI,369,5718,24087918
VEN,MAI,1136,1209,5092744
VEN,MAI,1579,5311,22372166
VEN,MAI,4740,2133,8983788
VEN,MAI,2210,4528,19072684
VEN,MAI,57873,36721,154685148
VEN,MAI,370,21110,89240837
VEN,MAI,40,666,2803419
VEN,MAI,71,25478,104983426
VEN,MAI,100,162,667540
VEN,MAI,29,14,61032
VEN,MAI,50,210,888714
VEN,MAI,0,1,4212
VEN,MAI,1,20,84250
VEN,MAI,25,1,3581
VEN,MAI,6,5,22326
VEN,MAI,1,1,4359
VEN,MAI,1,15,63188
VEN,MAI,241,15,63188
VEN,MAI,20,10,42125
VEN,MAI,3,3,12638
VEN,MAI,15,13,51796
VEN,MAI,38200,62556,264265865
VEN,MAI,51719,77744,330572359
VEN,MAI,30640,22855,97127972
VEN,MAI,37500,5799,24496685
VEN,MAI,70000,17653,75064016
VEN,MAI,132140,44308,189224163
VEN,MAI,63250,12329,53061851
VEN,MAI,810,972,4103191
VEN,MAI,58410,89392,385353267
VEN,MAI,20,84,354597
VEN,MAI,1200,36720,161078155
VEN,MAI,1200,36720,161078155
VEN,MAI,4453,136320,597989491
VEN,MAI,403,6740,28657726
VEN,MAI,10,72,303940
VEN,MAI,163502,481749,2001162906
VEN,MAI,1659,15508,65735704
VEN,MAI,103040,6174,26168669
VEN,MAI,36925,25606,108173620
VEN,MAI,1620,1895,8001223
VEN,MAI,768,15440,65652312
VEN,MAI,41,403,1702064
VEN,MAI,1536,49152,207489761
VEN,MAI,4043,52835,223037141
VEN,MAI,1125,5029,21228315
VEN,MAI,3940,1970,8316138
VEN,MAI,18766,37901,160658180
VEN,MAI,2233,10671,45374945
VEN,MAI,1275,2744,11667948
VEN,MAI,99974,143256,595043005
VEN,MAI,8,10045,42410725
VEN,MAI,20,146600,594281216
VEN,MAI,34000,10880,45205747
VEN,MAI,44990,8400,34696955
VEN,MAI,105600,164554,717355836
VEN,MAI,11978,8367,35258118
VEN,MAI,2432046,47000,197472750
VEN,MAI,1,3397,14377780
VEN,MAI,164,657,2783017
VEN,MAI,112489,135577,578190374
VEN,MAI,2013,78810,333413740
VEN,MAI,224000,35504,149282401
VEN,MAI,68000,11316,48117841
VEN,MAI,13,17966,75899017
VEN,MAI,36,76733,323723842
VEN,MAI,210000,198425,835959430
VEN,MAI,10000,9649,39759409
VEN,MAI,30080,50042,211709878
VEN,MAI,200,720,2966846
VEN,MAI,25500,20124,84801932
VEN,MAI,27775,30552,125895243
VEN,MAI,500,5176,21326516
VEN,MAI,18614,17532,72243081
VEN,MAI,13750,137490,583730709
VEN,MAI,640,2100,8653302
VEN,MAI,129205,100682,421554866
VEN,MAI,40195,37885,159453707
VEN,MAI,105564,108211,452191908
VEN,MAI,1522,1328,5592346
VEN,MAI,32350,33615,142830135
VEN,MAI,8020,6247,26155414
VEN,MAI,26194,22839,96211057
VEN,MAI,2916,3329,14024592
VEN,MAI,55703,68128,286600992
VEN,MAI,6750,24423,103525646
VEN,MAI,13740,34464,146089210
VEN,MAI,30105,22552,95893389
VEN,MAI,11,56410,229071420
VEN,MAI,10,100,423060
VEN,MAI,0,1,3709
VEN,MAI,56,6,23075
VEN,MAI,60,6,24724
VEN,MAI,30,3,12362
VEN,MAI,5250,60908,267180494
VEN,MAI,14480,171306,725777570
VEN,MAI,1951,20806,88195421
VEN,MAI,54,207,875347
VEN,MAI,517,1934,8162395
VEN,MAI,184,1707,7205406
VEN,MAI,32043,52301,220784522
VEN,MAI,831,2001,8448606
VEN,MAI,20486,26883,113484767
VEN,MAI,10997,17246,72800952
VEN,MAI,657,1975,8336696
VEN,MAI,4657,12206,51525906
VEN,MAI,5157,13965,58951669
VEN,MAI,111,195,824691
VEN,MAI,2397,6671,28162328
VEN,MAI,13,26,109756
VEN,MAI,4203,6500,27437769
VEN,MAI,57,94,397022
VEN,MAI,774,724,3055231
VEN,MAI,7781,33125,139833924
VEN,MAI,5708,29895,126199636
VEN,MAI,4851,23048,97293795
VEN,MAI,33250,85586,373442551
VEN,MAI,19500,34147,144354631
VEN,MAI,109617,942347,3945614805
VEN,MAI,16290,101150,423516396
VEN,MAI,1,1967,7972935
VEN,MAI,56,86916,365101817
VEN,MAI,15,27022,114355320
VEN,MAI,2,3052,12915465
VEN,MAI,6,796,3372429
VEN,MAI,114,2054,8708293
VEN,MAI,420,5575,23340906
VEN,MAI,1261,21497,91122728
VEN,MAI,1,59,248821
VEN,MAI,32,365,1550035
VEN,MAI,4951,55029,233260694
VEN,MAI,104,5572,23675428
VEN,MAI,14000,73850,316413406
VEN,MAI,1200,3900,17107974
VEN,MAI,29849,54732,231625325
VEN,MAI,10000,15928,69437526
VEN,MAI,10000,14449,62987009
VEN,MAI,28000,41165,172358267
VEN,MAI,7000,9078,39575592
VEN,MAI,630,2134,9303744
VEN,MAI,7240,18272,79655131
VEN,MAI,104,1236,5251764
VEN,MAI,17,518,2194114
VEN,MAI,105,100,421397
VEN,MAI,5585,49040,207015530
VEN,MAI,270,1028,4371191
VEN,MAI,100,528,2175687
VEN,MAI,680,2298,9470421
VEN,MAI,120,280,1160429
VEN,MAI,1008,2985,12362666
VEN,MAI,9460,91199,375660232
VEN,MAI,1300,970,4086210
VEN,MAI,200,132,557223
VEN,MAI,191,918,3782441
VEN,MAI,3,244,1005431
VEN,MAI,157,752,3096646
VEN,MAI,260,39313,161992492
VEN,MAI,1200,1620,6709117
VEN,MAI,55,307,1266885
VEN,MAI,1154,3836,15806781
VEN,MAI,100,593,2520078
VEN,MAI,12300,10713,45144261
VEN,MAI,1520,16741,70961740
VEN,MAI,35,133,561445
VEN,MAI,238,2889,12197538
VEN,MAI,12649,18228,76949185
VEN,MAI,423,2095,8845163
VEN,MAI,1582,2003,8456964
VEN,MAI,1000583,200667,849195451
VEN,MAI,121,7796,32983443
VEN,MAI,16046,54740,231118684
VEN,MAI,2160,3370,14781290
VEN,MAI,2,58,238996
VEN,MAI,810,22490,93446505
VEN,MAI,7,306,1260910
VEN,MAI,20,23,95202
VEN,MAI,800,872,3673300
VEN,MAI,1913,1697,6993269
VEN,MAI,100,1102,4540923
VEN,MAI,240,7597,31302702
VEN,MAI,10,122,501479
VEN,MAI,280,1434,6039040
VEN,MAI,70,172,706686
VEN,MAI,4,17,68402
VEN,MAI,31,1358,5594401
VEN,MAI,20,94,385690
VEN,MAI,208,2832,11667948
VEN,MAI,30,142,583480
VEN,MAI,2730,2490,10261992
VEN,MAI,500,645,2717821
VEN,MAI,255,2122,8939625
VEN,MAI,1670,73817,313650430
VEN,MAI,1428,957,3942444
VEN,MAI,50,690,2843228
VEN,MAI,50,161,662596
VEN,MAI,100,9800,42989268
VEN,MAI,60,12948,56796280
VEN,MAI,10,34,142161
VEN,MAI,220,101,424620
VEN,MAI,12,25,104675
VEN,MAI,3100,1012,4263385
VEN,MAI,540,676,2847229
VEN,MAI,100,392,1617343
VEN,MAI,3886,5450,22958209
VEN,MAI,665,526,2217366
VEN,MAI,8850,3657,15406239
VEN,MAI,800,676,2848492
VEN,MAI,468,629,2651424
VEN,MAI,19573,18208,76717269
VEN,MAI,151,4281,17640539
VEN,MAI,57,233,980670
VEN,MAI,72,3957,16704547
VEN,MAI,300,1244,5126051
VEN,MAI,20,243,1002959
VEN,MAI,50,226,929200
VEN,MAI,1520,6123,25229732
VEN,MAI,90,7554,31127576
VEN,MAI,10,142,584304
VEN,MAI,5,45,186664
VEN,MAI,54,1175,4842717
VEN,MAI,200,770,3172877
VEN,MAI,20,34,140101
VEN,MAI,1032,2476,10202985
VEN,MAI,36,259,1090364
VEN,MAI,9,172378,726142325
VEN,MAI,150,1371,5649370
VEN,MAI,10,54,228739
VEN,MAI,880,7441,31350283
VEN,MAI,21134,89872,378643220
VEN,MAI,29,1083,4560307
VEN,MAI,20,1573,6628261
VEN,MAI,30,188,791384
VEN,MAI,193,2327,9806161
VEN,MAI,6,4,14912
VEN,MAI,1945,3592,15134024
VEN,MAI,1598,21898,93059172
VEN,MAI,72,504,2141854
VEN,MAI,5,50,213335
VEN,MAI,60,18,77510
VEN,MAI,7200,88294,375163330
VEN,MAI,1068,16326,66183632
VEN,MAI,1125,348,1411925
VEN,MAI,325,3,13175
VEN,MAI,5000,41347,174923032
VEN,MAI,548,5,22215
VEN,MAI,240,11208,46183909
VEN,MAI,10,10,42125
VEN,MAI,20,20,84250
VEN,MAI,10,10,42125
VEN,MAI,14700,36876,156712306
VEN,MAI,22,78654,334202928
VEN,MAI,5038,21168,89171295
VEN,MAI,8580,34245,144255799
VEN,MAI,4452,23756,100074088
VEN,MAI,9508,109232,461108888
VEN,MAI,26000,28359,120585020
VEN,MAI,74067,71708,301228454
VEN,MAI,34,44654,185534691
VEN,MAI,307,374635,1574690851
VEN,MAI,69,83932,351214694
VEN,MAI,20800,13174,55692059
VEN,MAI,89890,24270,98557562
VEN,MAI,24830,48309,210596511
VEN,MAI,28759,26508,109231373
VEN,MAI,9001,3532,14319178
VEN,MAI,36710,69971,296387969
VEN,MAI,74191,73702,308589587
VEN,MAI,90080,24322,102816889
VEN,MAI,34000,37047,156612751
VEN,MAI,63000,9642,40790526
VEN,MAI,62400,14990,63415321
VEN,MAI,35,35158,149496171
VEN,MAI,35,41986,178400511
VEN,MAI,20800,12744,55558330
VEN,MAI,120710,32592,136461774
VEN,MAI,23375,28050,123045813
VEN,MAI,27000,29955,126451738
VEN,MAI,41600,24458,101297967
VEN,MAI,45000,53500,225080414
VEN,MAI,3257,13361,56812817
VEN,MAI,124201,345514,1461891589
VEN,MAI,55262,197532,840619178
VEN,MAI,5958,31411,132734553
VEN,MAI,19065,67057,283936539
VEN,MAI,300,1199,4940623
VEN,MAI,50717,132369,560123230
VEN,MAI,16666,65009,275591750
VEN,MAI,2853,13602,57413284
VEN,MAI,380,2277,9630877
VEN,MAI,410,2648,11419697
VEN,MAI,115,896,3807747
VEN,MAI,31800,48634,213341700
VEN,MAI,2486,14000,59530748
VEN,MAI,60,55,228200
VEN,MAI,554,2493,10521335
VEN,MAI,30174,83967,355481522
VEN,MAI,16516,59246,249855328
VEN,MAI,2088,10613,44530973
VEN,MAI,8130,29551,124894076
VEN,MAI,8784,23003,97585881
VEN,MAI,4308,15218,64252514
VEN,MAI,80,442,1877893
VEN,MAI,173,1035,4378681
VEN,MAI,115,896,3807747
VEN,MAI,3504,10434,42371675
VEN,MAI,2,4,17354
VEN,MAI,3,12,52062
VEN,MAI,26,120,510251
VEN,MAI,490,1,4121
VEN,MAI,12,200,850542
VEN,MAI,45,0,1900
VEN,MAI,50,0,2060
VEN,MAI,500,5,20603
VEN,MAI,150,150,637814
VEN,MAI,1488,5056,21395274
VEN,MAI,1200,3016,12764045
VEN,MAI,720,656,2774353
VEN,MAI,1200,1741,7369383
VEN,MAI,5507,28564,120580628
VEN,MAI,13800,6454,27312119
VEN,MAI,1602,1557,6589093
VEN,MAI,1944,13109,55478630
VEN,MAI,120,361,1526852
VEN,MAI,120,2162,9151550
VEN,MAI,360,1986,8404946
VEN,MAI,72,269,1138654
VEN,MAI,3000,1764,7465745
VEN,MAI,30,284,1201329
VEN,MAI,480,3270,13838076
VEN,MAI,480,3699,15653930
VEN,MAI,40,3030,12820965
VEN,MAI,48,2128,9005124
VEN,MAI,480,2656,11241932
VEN,MAI,100,116,489681
VEN,MAI,360,508,2148190
VEN,MAI,212340,349710,1497778392
VEN,MAI,33700,54948,233641758
VEN,MAI,13000,16540,72554567
VEN,MAI,31000,38923,170743239
VEN,MAI,97420,157504,675693603
VEN,MAI,27200,36035,151401419
VEN,MAI,30000,16275,68715781
VEN,MAI,29950,16248,67290659
VEN,MAI,163151,327811,1369333672
VEN,MAI,45935,88105,372843971
VEN,MAI,43450,66767,275938590
VEN,MAI,600,641,2701155
VEN,MAI,3000,2968,12936520
VEN,MAI,3851,9289,39219509
VEN,MAI,34,93,392658
VEN,MAI,130925,79728,338339043
VEN,MAI,900,1437,6110253
VEN,MAI,17263,33147,136975240
VEN,MAI,3603,6912,29182854
VEN,MAI,1770,4085,17647543
VEN,MAI,64868,296371,1250951236
VEN,MAI,11780,16574,72254701
VEN,MAI,20733,24794,105560186
VEN,MAI,10000,15000,63209550
VEN,MAI,2,9149,40131447
VEN,MAI,68,138288,594640619
VEN,MAI,30000,58617,247796920
VEN,MAI,460,10337,43546340
VEN,MAI,25,1102,4641417
VEN,MAI,380,6133,25834504
VEN,MAI,400,6001,25281150
VEN,MAI,175,3161,13315502
VEN,MAI,80,2177,9170149
VEN,MAI,75,2077,8751174
VEN,MAI,2000,13925,58657335
VEN,MAI,460,6315,26600547
VEN,MAI,375,6052,25494598
VEN,MAI,178,7665,32360800
VEN,MAI,60,2597,10940073
VEN,MAI,16448,9065,38348618
VEN,MAI,16448,55130,233233572
VEN,MAI,1037,2788,11846492
VEN,MAI,1694,9694,41194989
VEN,MAI,3000,19500,81929835
VEN,MAI,468,5425,22384369
VEN,MAI,8677,30277,128339662
VEN,MAI,77000,98575,413586949
VEN,MAI,51600,59477,252540078
VEN,MAI,10820,16879,71549329
VEN,MAI,37400,45926,190604135
VEN,MAI,34024,91525,371668968
VEN,MAI,250,376,1588477
VEN,MAI,1120,2341,9947721
VEN,MAI,12000,1440,6123010
VEN,MAI,1800,6240,26518190
VEN,MAI,31280,63996,259876064
VEN,MAI,188,3281,13880631
VEN,MAI,130,9100,38498551
VEN,MAI,101,8900,36948387
VEN,MAI,45071,94109,397139751
VEN,MAI,21937,41486,175377755
VEN,MAI,1596,1730,7267849
VEN,MAI,1188,1175,4951963
VEN,MAI,4268,11268,47410159
VEN,MAI,169,271,1137942
VEN,MAI,10188,18803,78840269
VEN,MAI,3100,5946,25135807
VEN,MAI,3910,8748,36862840
VEN,MAI,10660,14999,63203735
VEN,MAI,64204,76515,323595571
VEN,MAI,102417,277163,1170402569
VEN,MAI,50,35,142129
VEN,MAI,3207,43912,192627365
VEN,MAI,2474,34330,150592283
VEN,MAI,30000,34500,145331250
VEN,MAI,8000,17795,77575523
VEN,MAI,14080,35750,155849422
VEN,MAI,8303,103395,453558184
VEN,MAI,7262,22625,91715023
VEN,MAI,25,7990,33549947
VEN,MAI,52,11815,49397483
VEN,MAI,30,3980,16677014
VEN,MAI,331,30063,124463316
VEN,MAI,24,2078,8563679
VEN,MAI,260,7304,30910563
VEN,MAI,300,4168,17638343
VEN,MAI,4000,206000,875440260
VEN,MAI,5000,75350,315491204
VEN,MAI,27000,45538,191829668
VEN,MAI,4,4,16928
VEN,MAI,1,8,32965
VEN,MAI,2,4,16482
VEN,MAI,13,3,10508
VEN,MAI,3,818962,3374631032
VEN,MAI,7,2062976,8993336746
VEN,MAI,3,158370,690397524
VEN,MAI,29006,72515,308340306
VEN,MAI,600,1109,4681453
VEN,MAI,3000,2155,9155320
VEN,MAI,2,14,60210
VEN,MAI,241600,326160,1376901191
VEN,MAI,60,423,1787464
VEN,MAI,7400,33340,146251244
VEN,MAI,9,14,60973
VEN,MAI,1098,4668,19836760
VEN,MAI,8524,33495,141056030
VEN,MAI,3145,11584,49041626
VEN,MAI,13436,62286,261830341
VEN,MAI,1191,4697,19956422
VEN,MAI,950,6811,28940546
VEN,MAI,7737,48122,202703909
VEN,MAI,2387,17515,72538969
VEN,MAI,12,949,4162940
VEN,MAI,144232,426816,1813639485
VEN,MAI,7834,22464,98541930
VEN,MAI,96714,355354,1491769418
VEN,MAI,1272,7175,30489534
VEN,MAI,1547,4911,20785236
VEN,MAI,92092,202757,869594193
VEN,MAI,87,382,1613683
VEN,MAI,772,2349,9851308
VEN,MAI,1602,3792,15592179
VEN,MAI,11112,30962,130855697
VEN,MAI,7527,20068,85543189
VEN,MAI,2659,7092,29793554
VEN,MAI,2306,5775,24537975
VEN,MAI,2204,6242,26087299
VEN,MAI,12799,7910,33617246
VEN,MAI,288,720,2923798
VEN,MAI,2104,5279,22289595
VEN,MAI,285,720,3051972
VEN,MAI,3063,31669,133431305
VEN,MAI,2734,16804,71413997
VEN,MAI,365,1570,6670250
VEN,MAI,791,4088,17301093
VEN,MAI,7566,26621,115845053
VEN,MAI,6005,46875,199170133
VEN,MAI,16427,145309,628921861
VEN,MAI,57408,19605,82397472
VEN,MAI,645,565,2478463
VEN,MAI,174500,28144,118940078
VEN,MAI,718750,116485,494108204
VEN,MAI,101700,32476,135537992
VEN,MAI,20400,11144,46898453
VEN,MAI,4896,1371,5648876
VEN,MAI,1200,722,3068291
VEN,MAI,15893,32577,132290836
VEN,MAI,31367,74246,314718208
VEN,MAI,3456,4681,19841082
VEN,MAI,274,4212,17102267
VEN,MAI,17007,121868,516423845
VEN,MAI,6328,37945,159757795
VEN,MAI,12536,88264,372768574
VEN,MAI,6498,56670,242615811
VEN,MAI,25,152,647548
VEN,MAI,5849,45354,192710803
VEN,MAI,224,1458,6156483
VEN,MAI,173,2102,8876522
VEN,MAI,689,7733,32655094
VEN,MAI,5055,13816,58334506
VEN,MAI,5338,18430,77900037
VEN,MAI,32400,38880,164806488
VEN,MAI,61377,86752,368631201
VEN,MAI,2788,15883,67405504
VEN,MAI,22961,24661,104262753
VEN,MAI,81972,109389,462612034
VEN,MAI,8926,19414,81786286
VEN,MAI,146720,166701,708326839
VEN,MAI,60411,135073,558403255
VEN,MAI,24,1641,6930350
VEN,MAI,217,727,3087791
VEN,MAI,114,432,1834862
VEN,MAI,14520,7944,33754481
VEN,MAI,108,66,280434
VEN,MAI,174025,250168,1071266448
VEN,MAI,102000,144636,614558364
VEN,MAI,22375,33562,147227276
VEN,MAI,42200,68750,291285269
VEN,MAI,15,1676,7128204
VEN,MAI,718,4691,19934056
VEN,MAI,1115,4307,18300528
VEN,MAI,304,2034,8921414
VEN,MAI,126000,20160,85117334
VEN,MAI,21000,2268,9636732
VEN,MAI,3000,95640,406669888
VEN,MAI,33460,4182,17321531
VEN,MAI,211200,33530,142470670
VEN,MAI,1727181,73639,312892451
VEN,MAI,515171,46026,194642172
VEN,MAI,16254000,126690,538304238
VEN,MAI,9432,4433,19446239
VEN,MAI,7210,124281,535075443
VEN,MAI,2657,48984,211473225
VEN,MAI,17214,35846,153953735
VEN,MAI,1500,14135,60863541
VEN,MAI,6,1155,4876598
VEN,MAI,27,2625,11082057
VEN,MAI,43,20775,91134177
VEN,MAI,81224,27222,114935845
VEN,MAI,9877,35253,150470602
VEN,MAI,16609,43107,181619221
VEN,MAI,60,287,1164240
VEN,MAI,12530,15212,63000261
VEN,MAI,714356,224059,952026691
VEN,MAI,48,531,2259391
VEN,MAI,542,7514,31726600
VEN,MAI,158,1284,5422979
VEN,MAI,2678,26429,111584561
VEN,MAI,15,809,3414995
VEN,MAI,380,4199,17728556
VEN,MAI,34,391,1651006
VEN,MAI,545,15805,66730132
VEN,MAI,1,290,1223477
VEN,MAI,528,8346,35375577
VEN,MAI,1273,19683,81546114
VEN,MAI,40,284,1205893
VEN,MAI,1800,1602,6811848
VEN,MAI,5,3628,15319474
VEN,MAI,9,449,1910251
VEN,MAI,7,3757,15873926
VEN,MAI,12,670,2722218
VEN,MAI,20,1141,4847259
VEN,MAI,6,29375,124024443
VEN,MAI,1,9923,41895377
VEN,MAI,15,929,3951255
VEN,MAI,12,632,2686470
VEN,MAI,1,86,362171
VEN,MAI,200,312,1326652
VEN,MAI,2,2,8233
VEN,MAI,79,83364,351968242
VEN,MAI,16,1769,7520544
VEN,MAI,600,1992,8470163
VEN,MAI,6,1557,6572232
VEN,MAI,1,2834,11963925
VEN,MAI,12,101,427107
VEN,MAI,7282,46333,198196977
VEN,MAI,1302,24312,103134984
VEN,MAI,1124,1078,4730443
VEN,MAI,75,183,778132
VEN,MAI,616,9796,42477722
VEN,MAI,1392,5246,22211454
VEN,MAI,2170,23004,97123270
VEN,MAI,32,190,806807
VEN,MAI,1000,1908,8108447
VEN,MAI,2,463,1969316
VEN,MAI,2127,7354,31254067
VEN,MAI,2493,12517,51923337
VEN,MAI,17228,61721,262297286
VEN,MAI,12679,48876,205599806
VEN,MAI,251,7386,31387891
VEN,MAI,2184,12451,52912884
VEN,MAI,2265,17154,72246934
VEN,MAI,533,3290,13980696
VEN,MAI,7,33,138541
VEN,MAI,34334,82488,350550206
VEN,MAI,26285,105541,440113442
VEN,MAI,433,2169,9219661
VEN,MAI,74,1941,8250217
VEN,MAI,130,645,2741573
VEN,MAI,3341,8208,33920986
VEN,MAI,8782,21139,88431922
VEN,MAI,303,1157,4916065
VEN,MAI,3231,24837,105365089
VEN,MAI,580,4558,19153640
VEN,MAI,8530,82464,342139491
VEN,MAI,29528,14204,60362881
VEN,MAI,90000,15024,62757445
VEN,MAI,140000,23022,97716772
VEN,MAI,15000,4800,20346480
VEN,MAI,3840,1901,8077849
VEN,MAI,23919,46121,190157380
VEN,MAI,3696,7323,30410939
VEN,MAI,3300,24057,102292529
VEN,MAI,4833,32616,136283124
VEN,MAI,5417,46676,189541271
VEN,MAI,11122,103096,438374789
VEN,MAI,459,3041,12928283
VEN,MAI,2548,41097,174746697
VEN,MAI,59,1134,4820339
VEN,MAI,3600,5101,21676453
VEN,MAI,792,5180,22024466
VEN,MAI,19625,23727,100834017
VEN,MAI,1740,1921,8164415
VEN,MAI,1146,9260,39376437
VEN,MAI,5496,14256,60617795
VEN,MAI,28004,36072,153294009
VEN,MAI,1552,2748,11683085
VEN,MAI,1548,6930,28141552
VEN,MAI,32975,48412,205594575
VEN,MAI,8000,13520,54902422
VEN,MAI,1300,2002,8512684
VEN,MAI,290666,19983,81145779
VEN,MAI,329716,18055,76124931
VEN,MAI,10735,11749,49959506
VEN,MAI,6220,122783,522083516
VEN,MAI,3456,10829,45497528
VEN,MAI,53,2017,8575402
VEN,MAI,60,4204,17866673
VEN,MAI,14400,6624,28165844
VEN,MAI,3379,18499,78617085
VEN,MAI,45433,40112,165288205
VEN,MAI,21720,47820,197049037
VEN,MAI,34000,21420,90619666
VEN,MAI,34000,22032,93208800
VEN,MAI,15000,23280,98916720
VEN,MAI,1125,1893,7992416
VEN,MAI,105375,96026,403414825
VEN,MAI,5450,3346,14395986
VEN,MAI,5250,13350,58561911
VEN,MAI,2650,1797,7526082
VEN,MAI,30000,53280,221375203
VEN,MAI,60000,44000,184663379
VEN,MAI,61824,103600,440196400
VEN,MAI,161600,260420,1117962018
VEN,MAI,1972,17171,72891175
VEN,MAI,7479,38244,161749692
VEN,MAI,2005,8869,36728893
VEN,MAI,20418,92715,391078115
VEN,MAI,1686,7890,33444526
VEN,MAI,6412,21614,91839161
VEN,MAI,4320,11370,48195724
VEN,MAI,2328,6129,25995472
VEN,MAI,5774,33660,142679691
VEN,MAI,49728,301417,1277663104
VEN,MAI,3,21,87699
VEN,MAI,3654,9340,39687360
VEN,MAI,131482,72935,306007240
VEN,MAI,67,427,1814452
VEN,MAI,1990,8089,34393158
VEN,MAI,1428,2513,10686693
VEN,MAI,1533,840,3571373
VEN,MAI,17,110,467900
VEN,MAI,36,854,3618113
VEN,MAI,19220,117057,495123939
VEN,MAI,10171,79158,333794414
VEN,MAI,21258,109756,461306830
VEN,MAI,11849,157606,667327692
VEN,MAI,1078,7686,32580395
VEN,MAI,17985,52720,221969994
VEN,MAI,2806,5919,24922990
VEN,MAI,2280,4606,19073770
VEN,MAI,3130,6885,28513331
VEN,MAI,30007,58593,247685529
VEN,MAI,80602,106896,449564741
VEN,MAI,120,938,3973922
VEN,MAI,6780,78106,321843498
VEN,MAI,557437,22297,94741993
VEN,MAI,1936,211460,887954855
VEN,MAI,2556,2811,11643589
VEN,MAI,14843,4008,17028335
VEN,MAI,221,1633,6923653
VEN,MAI,12960,5458,22602268
VEN,MAI,2391,11851,50353242
VEN,MAI,11268,69179,293239192
VEN,MAI,5200,38376,163178206
VEN,MAI,2244,16247,69081835
VEN,MAI,10063,147677,627937808
VEN,MAI,424,3518,14960426
VEN,MAI,1986,3614,15367393
VEN,MAI,6760,77875,320894107
VEN,MAI,7825,57905,245450609
VEN,MAI,358,2477,10501666
VEN,MAI,5331,136782,579796940
VEN,MAI,1841,3204,13580555
VEN,MAI,3384,1492,6267002
VEN,MAI,34728,34236,144922117
VEN,MAI,7200,4248,18052768
VEN,MAI,31830,16800,70840973
VEN,MAI,20400,15300,64283408
VEN,MAI,7968,5719,24027374
VEN,MAI,22743,35479,150775801
VEN,MAI,5687,15887,68114672
VEN,MAI,22054,53411,226566368
VEN,MAI,225752,471904,1981676235
VEN,MAI,1428,9175,37806730
VEN,MAI,5916,36463,150249302
VEN,MAI,1736,15642,66174017
VEN,MAI,1097,11559,48902806
VEN,MAI,1224,16152,68331332
VEN,MAI,364,2657,11240562
VEN,MAI,17556,20446,86498037
VEN,MAI,1,5000,21248550
VEN,MAI,3,29000,123241590
VEN,MAI,12578,26392,111691972
VEN,MAI,9911,43921,186756045
VEN,MAI,80,33,138764
VEN,MAI,20000,10175,44634266
VEN,MAI,90000,31500,133307055
VEN,MAI,34000,26010,105438298
VEN,MAI,102775,126413,525239469
VEN,MAI,60145,70267,302803036
VEN,MAI,69,105194,441317739
VEN,MAI,91910,135565,579240577
VEN,MAI,25691,122129,519014872
VEN,MAI,288000,100800,424394397
VEN,MAI,205815,258272,1082494853
VEN,MAI,59980,83967,351571967
VEN,MAI,44,79695,349594869
VEN,MAI,89960,132274,557487543
VEN,MAI,22,308,1267874
VEN,MAI,14548,41459,170837774
VEN,MAI,705,3518,14495847
VEN,MAI,69,3469,14292412
VEN,MAI,18,1208,4979604
VEN,MAI,195,5429,22370022
VEN,MAI,203,4274,17611200
VEN,MAI,373,13749,56654899
VEN,MAI,788400,275940,1170886084
VEN,MAI,52,1699,7001758
VEN,MAI,679868,950840,3950170366
VEN,MAI,18000,30073,124908224
VEN,MAI,96000,55100,229859134
VEN,MAI,15000,19752,83725299
VEN,MAI,3000,8028,33712228
VEN,MAI,115,4435,18275774
VEN,MAI,101,112,462292
VEN,MAI,77154,71824,315066327
VEN,MAI,71597,68853,290718962
VEN,MAI,60000,89020,377627641
VEN,MAI,90080,24292,102953231
VEN,MAI,5994,30047,125000112
VEN,MAI,68000,116960,493733774
VEN,MAI,2,2541,10770918
VEN,MAI,17291,779912,3316285875
VEN,MAI,4995,8326,35404262
VEN,MAI,14500,20142,85645937
VEN,MAI,2500,6668,28351746
VEN,MAI,35867,34696,140893015
VEN,MAI,1998,9992,42485097
VEN,MAI,11444,78965,346392607
VEN,MAI,8941,325468,1378533652
VEN,MAI,16,49,200262
VEN,MAI,50,26,105076
VEN,MAI,100,90,370856
VEN,MAI,2,12,49447
VEN,MAI,5,240,988949
VEN,MAI,675,2250,9869985
VEN,MAI,10,1100,4674681
VEN,MAI,5,376,1651577
VEN,MAI,179,960,4017687
VEN,MAI,6469,26348,108599754
VEN,MAI,49328,98938,410086376
VEN,MAI,4680,22698,93360878
VEN,MAI,310,1488,6320982
VEN,MAI,21909,54536,227888574
VEN,MAI,141791,370634,1567312575
VEN,MAI,92897,175190,739947424
VEN,MAI,9576,21819,92708931
VEN,MAI,21600,32820,143076380
VEN,MAI,300000,126000,526127489
VEN,MAI,30000,38100,161186241
VEN,MAI,120,1173,5144061
VEN,MAI,2880,6070,26628123
VEN,MAI,36,285,1249935
VEN,MAI,660,5236,22969078
VEN,MAI,392,11225,49238723
VEN,MAI,491,2412,10180980
VEN,MAI,6840,25935,110257696
VEN,MAI,50194,145305,613659879
VEN,MAI,51900,97875,411280453
VEN,MAI,900,6840,29084296
VEN,MAI,150000,63000,259599060
VEN,MAI,2000,20000,85041800
VEN,MAI,15000,101250,430524112
VEN,MAI,7,7,30707
PAN,TCO,79217,38075754,161397000000
DEU,CTG,524611,254877,1082677050
DEU,CTG,1512570,702594,3001202332
DEU,CTG,500368,238981,1020992261
DEU,CTG,788821,343796,1446041803
DEU,TRB,4603866,1640151,6942425227
DEU,TRB,3917,19469,85403006
DEU,TRB,1030626,407484,1712058015
DEU,TRB,643193,350740,1467175307
DEU,TRB,626076,175770,766251737
DEU,TRB,909802,357023,1483408313
ARG,CTG,145908,77112,325982498
ARG,CTG,437261,231091,973903840
ARG,TRB,166752,88128,371693500
BEL,CTG,42528,29162,120482695
BEL,TRB,128520,100202,429425395
BEL,TRB,119799,43535,185881933
BEL,TRB,59096,25353,106035827
BEL,TRB,22128,48198,204304474
BEL,TRB,75827,58559,250735702
BEL,TRB,6529622,2689900,11271101284
BEL,TRB,21542,53210,225548827
BEL,TRB,10249123,4356260,18671397055
BEL,TRB,183319,71851,305438787
BEL,TRB,86496,147027,616939958
CAN,CTG,10669,53608,222735946
CAN,CTG,10670,50767,209190444
CAN,TRB,9639,39669,172932516
CAN,TRB,9639,39669,161088537
KOR,TRB,54600,32550,137320964
CUW,TRB,40626,22619,94928729
SLV,CTG,4846,24839,105118326
ESP,CTG,41256,18597,81578497
ESP,CTG,25704,20660,85563600
ESP,CTG,369230,161433,679199874
ESP,CTG,19591,9720,40052426
ESP,CTG,134637,106168,449154726
ESP,CTG,349527,154475,656423968
ESP,TRB,51408,40511,170511599
ESP,TRB,88012,38512,162091079
ESP,TRB,4716,24172,100431880
ESP,TRB,195421,152448,653938489
ESP,TRB,418058,181415,776132471
USA,CTG,39758,34112,141271756
USA,CTG,18468,16621,68489649
USA,CTG,2024,9992,41174883
USA,CTG,4261,21545,91150185
USA,TRB,423095,365521,1536422146
USA,TRB,27101,12470,52757399
USA,TRB,21812,21406,88712352
USA,TRB,10167,54513,224167640
USA,TRB,10924,58085,254347728
USA,TRB,6970,31789,135095858
USA,TRB,123092,118940,492783906
USA,TRB,48195,44508,195242867
USA,TRB,1795,9346,40999435
FRA,CTG,181391,90998,386651352
FRA,CTG,123372,112270,462621183
FRA,CTG,4794552,2791656,11770887037
FRA,CTG,96600,96269,396686937
FRA,CTG,3250796,1898857,7973499750
FRA,TRB,22272,33770,143146346
GRC,TRB,684288,278059,1189267572
GLP,CTG,35492,33717,142068726
GLP,CTG,30514,39668,167059526
ITA,CTG,21587,16671,73128517
ITA,CTG,331776,139519,612023074
ITA,CTG,175501,136462,578433270
ITA,CTG,3998121,1666725,7031067991
ITA,CTG,4794,25568,108656585
ITA,CTG,20423,9882,42019153
ITA,CTG,41688,19872,84436128
ITA,CTG,23300,17994,78933648
ITA,CTG,290304,122050,535391590
ITA,CTG,4794,25568,106233506
ITA,CTG,20844,13349,55283121
ITA,CTG,25704,19850,84344350
ITA,CTG,747360,311673,1324551027
ITA,TRB,2713592,1323664,5750623439
ITA,TRB,288792,143748,609454146
ITA,TRB,25704,19181,80588707
ITA,TRB,8832675,4345578,18374943347
ITA,TRB,144396,71874,305443656
ITA,TRB,3267407,1400061,5953068708
MEX,CTG,3353,15724,63743106
NLD,CTG,42976,73404,311150368
NLD,CTG,21984,24208,102614081
NLD,CTG,21411,11200,47621707
NLD,CTG,72899,58595,242667878
NLD,TRB,1907685,898763,3766496871
NLD,TRB,12113,25315,107640936
NLD,TRB,375409,329150,1365618078
NLD,TRB,2223777,1142215,4820985448
NLD,TRB,4500,1324,5587558
NLD,TRB,110784,147699,621180333
NLD,TRB,9969,25717,108717015
NLD,TRB,859308,772683,3222781790
NLD,TRB,3202211,1639084,6909552439
NLD,TRB,40284,23112,95235769
NLD,TRB,9900,2945,12504585
NLD,TRB,468936,257256,1090469596
NLD,TRB,24000,24765,102048514
NLD,TRB,11905,34166,145274823
NLD,TRB,350394,291179,1219104975
NLD,TRB,768593,414338,1742407418
NLD,TRB,60426,34668,142853654
NLD,TRB,220077,86697,377946902
POL,TRB,838179,376255,1578157946
POL,TRB,146866,66557,291961526
POL,TRB,1210956,457923,1920181121
POL,TRB,83923,38032,166835164
PRT,TRB,49004,38579,162035264
PRT,TRB,506074,221980,933785384
PRT,TRB,194494,151692,651004723
PRT,TRB,1851478,809833,3462681157
PRI,TRB,1796,8760,36397108
GBR,CTG,21945,124635,518046328
GBR,CTG,51384,39682,168409308
GBR,CTG,1148100,494156,2114075687
GBR,CTG,23062,17209,71504191
GBR,CTG,655472,275049,1162496024
GBR,CTG,10282,57749,245416460
GBR,TRB,194400,194400,797860022
GBR,TRB,2352410,1222753,5198387175
GBR,TRB,827122,455997,1924621746
GBR,TRB,24300,20520,83328232
GBR,TRB,1144817,525006,2241875142
GBR,TRB,245045,209034,881629712
GBR,TRB,6079055,2897459,12243636096
GBR,TRB,1200,1,4054
GBR,TRB,24000,25368,111279826
GBR,TRB,24300,20520,84982144
GBR,TRB,1172506,536996,2293489700
GBR,TRB,19140,10395,44175735
GBR,TRB,1147809,641070,2677590003
DOM,CTG,49650,37581,159708479
DOM,CTG,1850,1882,8000079
DOM,CTG,49630,38153,162138081
DOM,CTG,1850,1905,8095698
SWE,CTG,387007,157266,668334128
SWE,CTG,2382187,1003342,4320535885
SWE,CTG,1588748,648805,2731128365
SWE,TRB,224057,95009,416772662
TTO,CTG,3205,17143,69492675
ECU,PUU,18480,33818,143718393
ECU,PUU,15300,27999,117232093
ECU,PUU,120250,113118,492166649
ECU,PUU,38,35657,144543096
ECU,PUU,5425,29899,130340262
ECU,PUU,1429,8193,35716128
ECU,PUU,26400,44535,180847846
ECU,PUU,59950,22329,96184277
ECU,PUU,59180,21787,93839548
ECU,PUU,29980,42975,182632477
ECU,PUU,68,86027,355686186
ECU,PUU,29790,11131,47106439
ECU,PUU,29350,42190,179265310
ECU,PUU,127980,201990,841199289
ECU,PUU,29128,85776,362884803
ECU,PUU,92950,136069,569155970
ECU,PUU,92970,134451,564349307
ECU,PUU,31020,45423,191410738
DEU,CTG,42088,160429,674047592
DEU,CTG,189,89520,377961497
DEU,CTG,1,350,1477732
DEU,CTG,178,660,2781220
DEU,CTG,1855,3909,16473041
DEU,CTG,3234,11984,50501270
DEU,CTG,598,3882,16356525
DEU,CTG,7800,108420,475601677
DEU,CTG,24000,22261,93772946
DEU,CTG,13945,63394,276361634
DEU,CTG,4286,54673,231750180
DEU,CTG,474100,22353,94750251
DEU,CTG,10000,174100,705759616
DEU,CTG,140000,654472,2774208637
DEU,CTG,9,7404,30014525
DEU,CTG,14419,31532,127821133
DEU,CTG,54164,170835,749392956
DEU,CTG,4000,182,771301
DEU,CTG,1,150,608064
DEU,CTG,24000,21374,90818721
DEU,CTG,5122,78367,322918979
DEU,CTG,4698,73336,302188882
DEU,CTG,212,3453,14230479
DEU,CTG,8621,70669,298974036
DEU,CTG,1000,5250,22210702
DEU,CTG,7183,17251,71084321
DEU,CTG,4611,24854,102411829
DEU,CTG,16,6,24724
DEU,CTG,1,6,24724
DEU,CTG,2,12,49447
DEU,CTG,200,6,24724
DEU,CTG,10840,37798,155753255
DEU,CTG,7474,26543,109373617
DEU,CTG,715,3423,14104882
DEU,CTG,1846,7715,31790171
DEU,CTG,332,338,1391039
DEU,CTG,3,600,2533254
DEU,CTG,62929,331832,1414580620
DEU,CTG,8131,79477,336893158
DEU,CTG,54,29466,124900343
DEU,CTG,22,36989,162256631
DEU,CTG,20967,88542,358926153
DEU,CTG,7500,114020,462210404
DEU,CTG,3683,27111,114918996
DEU,CTG,40048,32038,138190561
DEU,CTG,191,7600,31316712
DEU,CTG,11532,58435,248289933
DEU,CTG,13492,139420,590678607
DEU,CTG,675,6968,29538426
DEU,CTG,960,12197,51701677
DEU,CTG,9377,115939,491447182
DEU,CTG,2,55905,230364250
DEU,CTG,1,6366,26233845
DEU,CTG,14152,2925,12397873
DEU,CTG,5154,9536,38724725
DEU,CTG,31,25,102739
DEU,CTG,19193,72525,300356631
DEU,CTG,296824,5182,22588231
DEU,CTG,45,203,853916
DEU,CTG,79933,37652,158610609
DEU,CTG,135490,26041,109736751
DEU,CTG,93632,58621,250668780
DEU,CTG,117472,72783,305584968
DEU,CTG,23008,47419,195394526
ABW,CTG,1641,24361,100890826
ABW,CTG,138,2781,11519098
ABW,CTG,90,3692,15290822
ABW,CTG,54,432,1789098
ABW,CTG,2793,22724,99682462
ABW,CTG,2212,45513,199651636
ABW,CTG,671,7768,34075487
ABW,CTG,38138,41142,173675456
ABW,CTG,16,7,30707
ABW,CTG,16,3,13160
ABW,CTG,7,15,65800
ABW,CTG,626,1301,5481532
ABW,CTG,60,369,1553859
ABW,CTG,107,2172,9152743
ABW,CTG,1211,1624,6845173
ABW,CTG,626,2703,11388844
ABW,CTG,596,2015,8493088
ABW,CTG,455,276,1162002
ABW,CTG,2,91,384314
ABW,CTG,434,1704,7179678
ABW,CTG,26,656,2765797
ABW,CTG,180,884,3723970
ABW,CTG,26,262,1104060
ABW,CTG,100,322,1356898
ABW,CTG,14,31,129580
ABW,CTG,300,638,2688429
ABW,CTG,26,230,970393
ABW,CTG,5,39,162449
ABW,CTG,250,540,2277229
ABW,CTG,2,15,61355
ABW,CTG,6,19,79307
ABW,CTG,645,2573,10840649
ABW,CTG,131,426,1797174
ABW,CTG,326,503,2119121
ABW,CTG,400,798,3363254
ABW,CTG,652,299,1258165
ABW,CTG,36,516,2174830
ABW,CTG,800,556,2342967
ABW,CTG,256,1308,5513727
ABW,CTG,12,18,74967
ABW,CTG,28,21,90432
ABW,CTG,5,10,43825
ABW,CTG,1166,951,4008834
ABW,CTG,600,1678,7069777
ABW,CTG,50,1064,4483664
ABW,CTG,20,1,4214
ABW,CTG,50,750,3160478
ABW,CTG,1784,38864,165252120
ABW,CTG,125,312,1328034
ABW,CTG,315,216,917937
ABW,CTG,440,480,2039861
ABW,CTG,110,230,979133
ABW,CTG,140,502,2134204
ABW,CTG,1137,3103,13188550
ABW,CTG,748,4410,18741221
ABW,CTG,150,158,669329
ABW,CTG,2376,3564,15145966
ABW,CTG,3173,2752,11693077
ABW,CTG,1219,1642,6976324
ABW,CTG,3240,2419,10280898
ABW,CTG,150,252,1070927
ABW,CTG,150,180,764948
ABW,CTG,150,284,1204793
ABW,CTG,12,1190,5056135
ABW,CTG,2,1,4250
ABW,CTG,5827,2631,11179119
ABW,CTG,15,6863,29161057
ABW,CTG,15,9,40140
ABW,CTG,65,3719,15801224
ABW,CTG,1,768,3264847
ABW,CTG,15,9,40140
ABW,CTG,5000,1851,7865961
ABW,CTG,350,1321,5612504
ABW,CTG,3940,23088,98100912
ABW,CTG,22,18,76495
ABW,CTG,18,22,93494
ABW,CTG,2084,2568,10885367
ABW,CTG,2145,3856,16343310
ABW,CTG,480,1500,6358275
ABW,CTG,225,450,1907482
ABW,CTG,600,2100,8901585
ABW,CTG,360,510,2161814
ABW,CTG,2376,3864,16378916
ABW,CTG,4200,3610,15303096
ABW,CTG,1620,1396,5919554
ABW,CTG,2430,2100,8899550
ABW,CTG,120,426,1807276
ABW,CTG,300,360,1525986
ABW,CTG,150,378,1602285
ABW,CTG,2785,9822,41126906
ABW,CTG,125,375,1589569
ABW,CTG,400,356,1510726
ABW,CTG,450,840,3560634
ABW,CTG,120,189,801143
ABW,CTG,100,595,2522116
ABW,CTG,18,101,423558
ABW,CTG,2,80,335380
ABW,CTG,1,44,186029
ABW,CTG,409,576,2423165
ABW,CTG,1026,755,3160858
ABW,CTG,151,120,504493
ABW,CTG,98,179,755722
ABW,CTG,864,778,3275640
ABW,CTG,1483,955,4009138
ABW,CTG,72,108,454950
ABW,CTG,640,841,3522029
ABW,CTG,1701,1101,4622934
ABW,CTG,160,122,509643
ABW,CTG,50,146,612015
ABW,CTG,4962,5294,22194960
ABW,CTG,345,380,1598644
ABW,CTG,1425,3383,14245174
ABW,CTG,2984,4796,20155883
ABW,CTG,228,236,989809
ABW,CTG,2404,2288,9630670
ABW,CTG,53,101,421506
ABW,CTG,489,1308,5507046
ABW,CTG,5193,3134,13176210
ABW,CTG,5110,5779,24271495
ABW,CTG,486,923,3889822
ABW,CTG,2311,3004,12633195
ABW,CTG,256,1000,4213974
ABW,CTG,240,429,1803197
ABW,CTG,230,410,1728152
ABW,CTG,15,72,299999
ABW,CTG,126,253,1061277
ABW,CTG,300,304,1272935
ABW,CTG,15,144,603557
ABW,CTG,100,120,503488
ABW,CTG,6,53,220572
ABW,CTG,1,49,205498
ABW,CTG,8,61,256371
ABW,CTG,10,79,331653
ABW,CTG,16,293,1224952
ABW,CTG,2,210,880863
ABW,CTG,1,10,42125
ABW,CTG,3,35,145499
ABW,CTG,2,4,16850
ABW,CTG,3,15,62805
ABW,CTG,2,50,209350
ABW,CTG,300,1770,7520730
ABW,CTG,20,95,402040
ABW,CTG,190,198,839730
ABW,CTG,1140,1966,8354384
ABW,CTG,27,43,184322
ABW,CTG,20,28,120842
ABW,CTG,874,662,2813688
ABW,CTG,638,864,3669181
ABW,CTG,160,131,557979
ABW,CTG,7,130,550713
ABW,CTG,14288,14772,61856779
ABW,CTG,365,480,2039308
ABW,CTG,53756,4217,17722808
ABW,CTG,3,29,122371
ABW,CTG,399,463,1929186
ABW,CTG,152,391,1660637
ABW,CTG,57,77,327980
ABW,CTG,228,359,1485654
ABW,CTG,4900,5944,25054924
ABW,CTG,12798,9546,39990323
ABW,CTG,2080,1809,7552139
ABW,CTG,108,357,1493372
ABW,CTG,315,468,1950968
ABW,CTG,133,206,862332
ABW,CTG,90,297,1230919
ABW,CTG,153,248,1037010
ABW,CTG,14,33,138900
ABW,CTG,20,40,171915
ABW,CTG,250,424,1803276
ABW,CTG,69,386,1638797
ABW,CTG,60,179,760571
ABW,CTG,500,2950,12312297
ABW,CTG,7,47,198471
ABW,CTG,437,494,2057686
ABW,CTG,3325,4159,17340084
ABW,CTG,358,615,2547021
ABW,CTG,10,32,137583
ABW,CTG,40,33,133033
ABW,CTG,1539,1124,4643872
ABW,CTG,1189,1368,5685952
ABW,CTG,1300,806,3342901
ABW,CTG,240,230,957930
ABW,CTG,950,1623,6894427
ABW,CTG,100,110,448519
ABW,CTG,260,381,1619719
ABW,CTG,3,500,2030496
ABW,CTG,30,217,881200
ABW,CTG,15,115,489995
ABW,CTG,65,331,1382871
ABW,CTG,22,118,479178
ABW,CTG,9,337,1397775
ABW,CTG,55,984,4068430
ABW,CTG,7,147,623116
ABW,CTG,1,69,291609
ABW,CTG,11,1000,4060830
ABW,CTG,40,350,1487150
ABW,CTG,300,1770,7520730
ABW,CTG,209,242,1026643
ABW,CTG,1330,1816,7717034
ABW,CTG,20,14,60421
ABW,CTG,47,731,3107209
ABW,CTG,678,927,3940055
ABW,CTG,80,66,278989
ABW,CTG,8,153,623175
ABW,CTG,15371,16000,66081482
ABW,CTG,93,374,1546760
ABW,CTG,38326,4318,17858975
ABW,CTG,456,596,2452592
ABW,CTG,14,99,402022
ABW,CTG,22,34,137175
ABW,CTG,57,68,289357
ABW,CTG,76,625,2539237
ABW,CTG,4200,6232,25891232
ABW,CTG,10924,9373,38747186
ABW,CTG,2000,1827,7526726
ABW,CTG,96,372,1533127
ABW,CTG,360,562,2322962
ABW,CTG,209,354,1447283
ABW,CTG,180,500,2032405
ABW,CTG,153,254,1045315
ABW,CTG,14,46,195879
ABW,CTG,250,146,593978
ABW,CTG,38,99,401779
ABW,CTG,5,84,357681
ABW,CTG,4,125,530275
ABW,CTG,80,592,2513368
ABW,CTG,100,381,1616999
ABW,CTG,19880,9547,40306604
ABW,CTG,1,37,158955
ABW,CTG,50,491,2085197
ABW,CTG,1,134,569366
ABW,CTG,9,560,2379440
ABW,CTG,18,183,742157
ABW,CTG,10,108,437473
ABW,CTG,410,2920,11857461
ABW,CTG,399,425,1724350
ABW,CTG,3306,2859,11609588
ABW,CTG,179,351,1426001
ABW,CTG,27,41,167509
ABW,CTG,1824,1395,5666320
ABW,CTG,1417,1576,6398284
ABW,CTG,894,682,2769730
ABW,CTG,350,371,1506405
ABW,CTG,160,348,1411829
ABW,CTG,200,471,1913463
ABW,CTG,25,295,1197945
ABW,CTG,255,393,1597124
ABW,CTG,95,334,1357820
ABW,CTG,114,60,245477
ABW,CTG,1,32,131490
ABW,CTG,10,76,308217
ABW,CTG,100,303,1232096
ABW,CTG,72,1307,5308358
ABW,CTG,11,1215,4933584
ABW,CTG,1,15,60912
ABW,CTG,30,500,2030415
ABW,CTG,10,216,877139
ABW,CTG,120,240,974599
ABW,CTG,12,51,220498
ABW,CTG,200,1180,4886887
ABW,CTG,399,333,1417245
ABW,CTG,3933,4183,17728729
ABW,CTG,111,135,586307
ABW,CTG,20,18,79472
ABW,CTG,2052,1286,5417248
ABW,CTG,1598,2004,8558982
ABW,CTG,12151,859,3664470
ABW,CTG,240,183,795939
ABW,CTG,360,220,891827
ABW,CTG,16,78,332042
ABW,CTG,252,297,1203967
ABW,CTG,14212,14863,62990089
ABW,CTG,477,431,1853974
ABW,CTG,340,500,2026880
ABW,CTG,19903,5648,24192633
ABW,CTG,280,560,2270106
ABW,CTG,112,168,681032
ABW,CTG,456,511,2179831
ABW,CTG,252,605,2451714
ABW,CTG,40,70,305681
ABW,CTG,450,360,1459354
ABW,CTG,57,109,475785
ABW,CTG,133,167,706778
ABW,CTG,3960,3551,15049119
ABW,CTG,720,886,3590010
ABW,CTG,14274,11047,46891636
ABW,CTG,390,390,1580966
ABW,CTG,2752,2603,11061234
ABW,CTG,21,56,228146
ABW,CTG,72,230,966281
ABW,CTG,99,396,1605289
ABW,CTG,160,288,1167483
ABW,CTG,360,469,1985352
ABW,CTG,110,220,891827
ABW,CTG,50,150,608064
ABW,CTG,120,192,778322
ABW,CTG,209,366,1544178
ABW,CTG,135,443,1848078
ABW,CTG,54,275,1116406
ABW,CTG,13,83,335651
ABW,CTG,128,243,985874
ABW,CTG,153,258,1099954
ABW,CTG,42,95,404591
ABW,CTG,64,253,1024791
ABW,CTG,60,188,763728
ABW,CTG,21,192,778322
ABW,CTG,15,218,950349
ABW,CTG,150,325,1347580
ABW,CTG,36,42,184926
ABW,CTG,25,55,227779
ABW,CTG,10,52,213698
ABW,CTG,130,343,1494402
ABW,CTG,549,801,3384531
ABW,CTG,160,231,1007893
ABW,CTG,18,172,710669
ABW,CTG,250,812,3362965
ABW,CTG,22,178,737175
ABW,CTG,26,377,1645412
ABW,CTG,7,263,1115963
ABW,CTG,75,1020,4134835
ABW,CTG,568,3702,15351986
ABW,CTG,8,168,713832
ABW,CTG,190,196,831019
ABW,CTG,300,480,1945805
ABW,CTG,300,450,1824192
ABW,CTG,1235,2306,9800318
ABW,CTG,217,326,1383857
ABW,CTG,300,570,2310643
ABW,CTG,300,432,1751224
ABW,CTG,75,300,1216128
ABW,CTG,70,70,283763
ABW,CTG,20,15,65095
ABW,CTG,304,441,1787546
ABW,CTG,627,582,2471643
ABW,CTG,50,57,231064
ABW,CTG,130,117,474290
ABW,CTG,225,553,2240108
ABW,CTG,589,767,3260300
ABW,CTG,600,372,1579778
ABW,CTG,1220,998,4045652
ABW,CTG,80,66,278989
ABW,CTG,270,324,1313418
ABW,CTG,180,342,1386386
ABW,CTG,136,58,234632
ABW,CTG,490,1504,6140774
ABW,CTG,11,244,988104
ABW,CTG,30,87,353285
ABW,CTG,67,218,885747
ABW,CTG,6,300,1274700
ABW,CTG,25,185,784875
ABW,CTG,1,219,930531
ABW,CTG,68,777,3150177
ABW,CTG,200,300,1274700
ABW,CTG,2,25,101344
ABW,CTG,25000,21250,89704538
ABW,CTG,25000,21250,89704538
ABW,CTG,20,67,273548
ABW,CTG,1760,1935,7844026
ABW,CTG,180,418,1692445
ABW,CTG,12,48,194580
ABW,CTG,1541,4297,17419007
ABW,CTG,412,760,3082884
ABW,CTG,4,1303,5283671
ABW,CTG,120,253,1025601
ABW,CTG,20,60,243226
ABW,CTG,204,375,1520160
ABW,CTG,24,240,972902
ABW,CTG,60,250,1013440
ABW,CTG,746491,75418,320450997
ABW,CTG,8756,84162,357604678
ABW,CTG,50,30697,130433423
ABW,CTG,9556,4200,17025792
ABW,CTG,346,699,2833578
ABW,CTG,600,952,3859180
ABW,CTG,558,916,3713244
ABW,CTG,350,178,722380
ABW,CTG,20,55,222957
ABW,CTG,524,1396,5659495
ABW,CTG,50,380,1540429
ABW,CTG,14,11350,48226150
ABW,CTG,20,67,286038
ABW,CTG,1760,2064,8748986
ABW,CTG,180,450,1907482
ABW,CTG,12,48,203465
ABW,CTG,1541,3906,16556948
ABW,CTG,412,911,3860745
ABW,CTG,4,1156,4901806
ABW,CTG,120,407,1725212
ABW,CTG,20,102,432363
ABW,CTG,204,350,1483598
ABW,CTG,24,224,949502
ABW,CTG,60,250,1059712
ABW,CTG,21,77,326391
ABW,CTG,2464,4903,20834207
ABW,CTG,24,177,751563
ABW,CTG,408,442,1879418
ABW,CTG,16998,16782,71307993
ABW,CTG,9169,14657,62277678
ABW,CTG,152,344,1459616
ABW,CTG,1602,6798,28903624
ABW,CTG,436,2452,10416848
ABW,CTG,72,448,1903552
ABW,CTG,15816,28310,120288850
ABW,CTG,36,158,673042
ABW,CTG,11,40,169554
ABW,CTG,700,3066,12996314
ABW,CTG,346,478,2026170
ABW,CTG,600,1484,6290453
ABW,CTG,20,63,267048
ABW,CTG,558,160,678216
ABW,CTG,350,145,613022
ABW,CTG,20,55,233137
ABW,CTG,220,809,3430077
ABW,CTG,524,2218,9401642
ABW,CTG,7174,19759,82732265
ABW,CTG,818500,37965,159917195
ABW,CTG,240500,14184,58742126
ABW,CTG,4788,1584,6948469
ABW,CTG,1660,1826,7764316
ABW,CTG,6549,13406,58807564
ABW,CTG,2920,10393,45591435
ABW,CTG,119,468,2038455
ABW,CTG,9960,8878,38701009
ABW,CTG,211,12031,49824799
ABW,CTG,123,3193,13222675
ABW,CTG,6120,6676,29102918
ABW,CTG,2498,12470,53463829
ABW,CTG,14400,15708,68477455
ABW,CTG,1171,3529,14945559
ABW,CTG,278,809,3407374
ABW,CTG,130,930,3918992
ABW,CTG,40,967,4074066
ABW,CTG,475,2239,9761133
ABW,CTG,23,53,223340
ABW,CTG,5581,8043,35060691
ABW,CTG,90,1305,5404566
ABW,CTG,162,3931,16278263
ABW,CTG,19,86,354424
ABW,CTG,91,300,1241932
ABW,CTG,32,2784,11527795
ABW,CTG,62,106,446681
ABW,CTG,17,89,389711
ABW,CTG,16,68,300048
ABW,CTG,4553,20207,88640844
ABW,CTG,173,1015,4453337
ABW,CTG,1232,8229,36099975
ABW,CTG,2284,8786,38539659
ABW,CTG,134,495,2173502
ABW,CTG,461,3064,13440726
ABW,CTG,8,193,848205
ABW,CTG,37,245,1072977
ABW,CTG,23,53,232493
ABW,CTG,1661,2311,10135597
ABW,CTG,62,28,122826
ABW,CTG,50,2,8773
ABW,CTG,6,10,43867
ABW,CTG,200,480,2031346
ABW,CTG,16,629,2661909
ABW,CTG,70,140,592476
ABW,CTG,109,579,2450311
ABW,CTG,100,40,169279
ABW,CTG,1500,600,2539182
ABW,CTG,20,46,194671
ABW,CTG,20,400,1692788
ABW,CTG,4,60,253918
ABW,CTG,1,171,723667
ABW,CTG,14,353,1493885
ABW,CTG,3,108,457053
ABW,CTG,1,140,592476
ABW,CTG,1,70,296238
ABW,CTG,12,372,1574293
ABW,CTG,13,660,2793100
ABW,CTG,4,600,2539182
ABW,CTG,4,500,2115985
ABW,CTG,26500,21552,89549137
ATG,CTG,1,70765,299151253
ATG,CTG,1,15000,63481031
ATG,CTG,2,54604,231083929
ATG,CTG,656,31895,132091324
ATG,CTG,6,613,2538034
ATG,CTG,6,5008,21294467
SAU,BOG,6720,41407,170622142
SAU,CTG,20000,99015,408004343
SAU,CTG,38412,150959,613019486
SAU,CTG,19939,14105074,59438358684
SAU,CTG,135580,40674,171399016
SAU,CTG,168,42427,178786105
SAU,CTG,1,75885,322669850
SAU,CTG,1,4843,20592872
SAU,CTG,18101,61582,270140393
SAU,CTG,17582,178199,752370696
DZA,CTG,164,5500,24126630
ARG,CTG,9261,85746,348199239
ARG,CTG,27,557712,2369718288
ARG,CTG,49,1011115,4296227635
ARG,CTG,15,252981,1074916269
ARG,CTG,3505,14027,57800431
ARG,CTG,25650,98103,413402045
ARG,CTG,1800,3834,15798457
ARG,CTG,476,1768,7285256
ARG,CTG,92708,198152,832541614
ARG,CTG,93312,262751,1103956419
ARG,CTG,2700,461219,1900509884
ARG,CTG,1275,30571,125970320
ARG,CTG,144,2974464,12078792645
ARG,CTG,185,3817475,15502117004
ARG,CTG,147,2488497,10105363273
ARG,CTG,12000,22415,95013823
ARG,CTG,1000,4718,19998513
ARG,CTG,11000,51347,217652612
ARG,CTG,25000,105238,446085977
ARG,CTG,278,2850,12045948
ARG,CTG,1046,10460,44218499
ARG,CTG,389,11320,47853632
ARG,CTG,8363,88854,375148740
ARG,CTG,3567,49741,210011401
ARG,CTG,1220,4747,20066575
ARG,CTG,7452,70432,308959482
ARG,CTG,3212,169695,744396023
ARG,CTG,4644,21561,94581347
ARG,CTG,406,7902,34449374
ARG,CTG,293722,80489,350885229
ARG,CTG,125,3687,16175195
ARG,CTG,114,609,2673011
ARG,CTG,20774,19715,83049438
ARG,CTG,72000,40980,171583670
ARG,CTG,39500,138560,561688986
ARG,CTG,15463,46869,189993894
ARG,CTG,3720,730960,3021568065
ARG,CTG,12898,59463,250152941
ARG,CTG,1920,45613,191661965
ARG,CTG,593,3146,13073103
ARG,CTG,20774,19907,83858238
ARG,CTG,40000,128550,563905143
ARG,CTG,2920,153796,674652516
ARG,CTG,3219,54857,240638832
ARG,CTG,13369,70199,307938794
ARG,CTG,20334,151174,638270656
ARG,CTG,144000,101796,446544441
ARG,CTG,46996,103491,453981980
ARG,CTG,18788,53714,235625055
ARG,CTG,500,14720,64571635
ARG,CTG,140,731,3205771
ARG,CTG,25650,97718,428655642
ARG,CTG,103059,352202,1544991259
ARG,CTG,21190,23717,103392151
ARG,CTG,1022,3451,15137662
ARG,CTG,20970,39925,175136523
ARG,CTG,112428,399891,1621060600
ARG,CTG,6800,189155,800239342
ARG,CTG,4368,18512,75045151
ARG,CTG,13902,66772,270679527
ARG,CTG,18900,69138,280268859
ARG,CTG,4088,14326,58072869
ARG,CTG,3629,62377,252861388
ARG,CTG,574,5239,21768562
ARG,CTG,760,3005,12485595
ARG,CTG,884,12538,52095219
ARG,CTG,101216,19853,82487027
ARG,CTG,91,1130840,4659760726
ARG,CTG,23869,77076,319202788
ARG,CTG,1,6000,25332540
ARG,CTG,24107,78681,343001777
ARG,CTG,1000,83308,337712503
ARG,CTG,25000,135330,548595341
ARG,CTG,618,1934,8484020
ARG,CTG,210,15145,61393141
ARG,CTG,1,5000,21159850
ARG,CTG,24266,80715,340009916
ARG,CTG,196,7900,34654614
ARG,CTG,570,4155,18227011
ARG,CTG,19950,151612,644308987
ARG,CTG,524,9314,40857307
ARG,CTG,1,26162,114764632
ARG,CTG,44,1327748,5382371732
ARG,CTG,24000,36480,153725626
ARG,CTG,15019,53031,222811842
ARG,CTG,1235,3562,14964211
ARG,CTG,1242000,1404196,5879382694
ARG,CTG,54000,64184,268739050
ARG,CTG,2529,12220,51656719
ARG,CTG,22247,75933,320997940
ARG,CTG,54000,64184,281553385
ARG,CTG,18000,53100,215254656
ARG,CTG,27000,35141,148957428
ARG,CTG,1111,6002,24332492
ARG,CTG,12030,67697,274429093
ARG,CTG,100033,297830,1207331179
ARG,CTG,919,2711,10988406
ARG,CTG,2440,29574,119887601
ARG,CTG,347,4116,16685236
ARG,CTG,753,9729,39438342
ARG,CTG,7061,35331,143222341
ARG,CTG,234,1239,5021920
ARG,CTG,2,4554,19253140
ARG,CTG,2,4554,19253140
ARG,CTG,37,16844,71204635
ARG,CTG,580,6557,27720687
ARG,CTG,65,734,3102904
ARG,CTG,68,66521,281210548
ARG,CTG,3,285894,1208585437
ARG,CTG,1,3500,14795865
ARG,CTG,127,5404,22965433
ARG,CTG,4,166,707152
ARG,CTG,1876,79920,339636823
ARG,CTG,18,2996,12730984
ARG,CTG,199,8474,36011703
ARG,CTG,1,275,1168670
ARG,CTG,6,260,1104585
ARG,CTG,2,560,2378903
ARG,CTG,37800,85050,373085433
ARG,CTG,24000,16560,72643090
ARG,CTG,1760,11640,51062038
ARG,CTG,14130,10792,47341712
ARG,CTG,615,16206,71091089
ARG,CTG,48,480,2016734
ARG,CTG,123000,13267,55740018
ARG,CTG,28000,38920,164976042
ARG,CTG,13,126,527563
ARG,CTG,123580,16960,71011020
ARG,CTG,2020,5193,22780101
ARG,CTG,1982,31696,139038698
ARG,CTG,6292,50527,221643191
ARG,CTG,2079,4015,17613142
ARG,CTG,280,6248,27407325
ARG,CTG,157,1752,7683849
ARG,CTG,4637,61696,270638235
ARG,CTG,320,5842,25627570
ARG,CTG,17000,14790,62590836
ARG,CTG,10734,223610,946008098
ARG,CTG,4227,75399,318983044
ARG,CTG,3726,16873,71383717
ARG,CTG,2965,61755,261262547
ARG,CTG,8586,185747,785822989
ARG,CTG,126,31056,131978441
ARG,CTG,92,43351,184228456
ARG,CTG,20,585,2486080
ARG,CTG,320,9356,39594311
ARG,CTG,22311,158027,661055199
ARG,CTG,2304,123529,500756757
ARG,CTG,2304,123529,538512148
ARG,CTG,40320,57053,241838261
ARG,CTG,20160,28831,126473023
ARG,CTG,15665,148349,626343336
ARG,CTG,20000,37500,158023875
ARG,CTG,20000,37500,158527125
ARG,CTG,1324,3821,16154337
ARG,CTG,2669,39678,167526198
ARG,CTG,1000,48710,205916167
ARG,CTG,4591,21728,91851166
ARG,CTG,2448,5385,22766313
ARG,CTG,2539,65593,277287192
ARG,CTG,6740,97355,427064556
ARG,CTG,400,360,1579198
AUS,CTG,61929,237880,992465621
AUS,CTG,7603,12000,49447440
AUS,CTG,1350,11804,48641447
AUS,CTG,5175,20337,83801049
AUS,CTG,135,1180,4864145
AUS,CTG,518,2034,8380105
AUS,CTG,5392,51084,224088139
AUS,CTG,13260,8868,38898708
AUS,CTG,1422,2250,9869985
AUS,CTG,21,244,1071924
AUS,CTG,400,302,1324771
AUS,CTG,455,720,3158395
AUS,CTG,2878,48885,207745671
AUS,CTG,1728,3673,16013994
AUS,CTG,2472,4447,19387124
AUS,CTG,1040,3726,16244389
AUS,CTG,12792,35497,154746494
AUS,CTG,126,563,2452424
AUS,CTG,3006,5501,22668643
AUS,CTG,63,376,1548735
AUS,CTG,768,3468,14288827
AUS,CTG,243,2452,10104172
AUS,CTG,60,336,1382509
AUS,CTG,96,392,1614912
AUS,CTG,6106,22732,96082351
AUS,CTG,268,2483,10232159
AUS,CTG,172,1333,5493322
AUS,CTG,196,2246,9255242
AUS,CTG,519,2960,12199096
AUS,CTG,188,3143,12952345
AUS,CTG,840,2187,9535054
AUS,CTG,353,1482,6106635
AUS,CTG,1139,2814,11595548
AUS,CTG,51,421,1736800
AUS,CTG,21142,61393,259487678
AUS,CTG,160,1455,5996285
AUS,CTG,29,172,710395
AUS,CTG,58,387,1596369
AUS,CTG,47,343,1495449
AUS,CTG,55,756,3113334
AUS,CTG,468,905,3728419
AUS,CTG,2748,5727,23597925
AUS,CTG,3755,8799,36257253
AUS,CTG,47,848,3493091
AUS,CTG,272,1010,4160549
AUS,CTG,9474,65751,277607526
AUS,CTG,115,5000,20774699
AUS,CTG,5686,33385,141516042
AUS,CTG,79,2500,10624275
AUS,CTG,71,1031,4380719
AUS,CTG,720,2904,12339096
AUS,CTG,476,5291,22481459
AUS,CTG,28,1390,5906110
AUS,CTG,88,1764,7495236
AUS,CTG,976,6954,29547546
AUS,CTG,82,1214,5158286
AUS,CTG,11193,70053,285702697
AUS,CTG,394,3126,13282374
AUS,CTG,20,311,1321439
AUS,CTG,272,6036,25646964
AUS,CTG,87,1056,4486944
AUS,CTG,35,596,2532404
AUS,CTG,1505,5700,24219300
AUS,CTG,1026,6939,29483811
AUS,CTG,82,1175,4992575
AUS,CTG,206,1939,8238811
AUS,CTG,1,6630,27320081
AUS,CTG,3,3721,15333033
AUS,CTG,326,36985,156471142
AUS,CTG,326,3835,16225362
AUS,CTG,326,1820,7699583
AUS,CTG,6400,14016,56817500
AUS,CTG,8736,42304,179751098
AUS,CTG,5503,17629,74907406
AUS,CTG,2896,12162,51676975
AUS,CTG,15000,29250,123475658
AUS,CTG,50160,57015,250106297
AUS,CTG,11,808,3328554
AUS,CTG,400,609,2509293
AUS,CTG,130,865,3563183
AUS,CTG,46,318,1311593
AUS,CTG,574,3061,12614536
AUS,CTG,51,242,995871
AUS,CTG,33,398,1640996
AUS,CTG,16,167,688144
AUS,CTG,3041,17023,70144160
AUS,CTG,2458,2694,11099961
AUS,CTG,631,4194,17280067
AUS,CTG,816,6053,24940547
AUS,CTG,79,552,2276230
AUS,CTG,144,1809,7455026
AUS,CTG,236,2202,9072204
AUS,CTG,877,3552,14636195
AUS,CTG,119,495,2040201
AUS,CTG,269,1582,6518821
AUS,CTG,2468,6416,26438887
AUS,CTG,528,3777,15563417
AUS,CTG,272,3249,13387317
AUS,CTG,94,561,2312863
AUS,CTG,161,1197,4933041
AUS,CTG,5358,7925,32656738
AUS,CTG,104,1265,5213738
AUS,CTG,43,431,1775163
AUS,CTG,225,472,1946993
AUS,CTG,6,288,1184761
AUS,CTG,4,752,3098706
AUS,CTG,26,1462,6023934
AUS,CTG,10,1694,6978682
AUS,CTG,1,3,12362
AUS,CTG,38,231,975641
AUS,CTG,250,381,1606927
AUS,CTG,187,1249,5273559
AUS,CTG,84,797,3363908
AUS,CTG,630,3326,14044360
AUS,CTG,618,3565,15053186
AUS,CTG,127,604,2550987
AUS,CTG,33,398,1681405
AUS,CTG,41,418,1762723
AUS,CTG,824,5326,22488878
AUS,CTG,838,6188,26126757
AUS,CTG,616,4868,20551319
AUS,CTG,55,518,2185269
AUS,CTG,106,1337,5643414
AUS,CTG,342,3359,14183605
AUS,CTG,752,3045,12854237
AUS,CTG,67,396,1669837
AUS,CTG,2220,5903,24924686
AUS,CTG,630,4208,17764781
AUS,CTG,239,3242,13688438
AUS,CTG,238,1243,5249578
AUS,CTG,232,1739,7341201
AUS,CTG,6338,9546,40304916
AUS,CTG,156,1898,8013189
AUS,CTG,155,1709,7216903
AUS,CTG,150,315,1329958
AUS,CTG,240,288,1213935
AUS,CTG,18,375,1584128
AUS,CTG,145,270,1141104
AUS,CTG,120,2062,8708061
AUS,CTG,400,752,3175012
AUS,CTG,48,219,925144
AUS,CTG,949,9502,41680289
BHS,CTG,18351,21281,89849242
BHS,CTG,280000,312200,1321221034
BHS,CTG,1560,6929,29253299
BHS,CTG,167,20,84442
BHS,CTG,1,5,21110
BRB,CTG,7135,15070,62096095
BRB,CTG,73,16520,72467185
BRB,CTG,73,16520,72467185
BRB,CTG,73,15961,64702874
BRB,CTG,19080,9913,40848530
BRB,CTG,126000,12408,52286687
BRB,CTG,1284,8476,36018587
BRB,CTG,232960,26809,116871067
BRB,CTG,133852,20889,88822121
BRB,CTG,225000,8340,35460305
BRB,CTG,161000,5293,22507928
BRB,CTG,1560,7081,29898646
BRB,CTG,1295,13913,59115955
BRB,CTG,284,1455,6182677
BRB,CTG,756,2871,12096412
BRB,CTG,37950,8297,34961666
BRB,CTG,56500,5430,22882363
BRB,CTG,2727,22986,97048961
BRB,CTG,2920,12806,56177323
BRB,CTG,188,1007,4417805
BRB,CTG,7,193,846187
BRB,CTG,374,12941,55024596
BRB,CTG,41,1625,6908923
BRB,CTG,162,4189,17812728
BRB,CTG,1,355863,1504371688
BEL,CTG,3648,14648,60662673
BEL,CTG,4864,15666,65177730
BEL,CTG,1454,7202,29826330
BEL,CTG,39791,154731,639061628
BEL,CTG,4840,37198,163174101
BEL,CTG,19953,74736,327842562
BEL,CTG,2242,7349,30535485
BEL,CTG,292,1543,6411280
BEL,CTG,4104,13746,56641095
BEL,CTG,583,3227,13296087
BEL,CTG,19897,73211,309725327
BEL,CTG,39851,155064,653897453
BEL,CTG,65740,53390,221109830
BEL,CTG,370,1642,6875280
BEL,CTG,401,4912,20567640
BEL,CTG,374,1216,5089311
BEL,CTG,88,519,2173896
BEL,CTG,57597,231354,1014873399
BEL,CTG,4348,9302,39267328
BEL,CTG,2400,11569,50435119
BEL,CTG,2580,4950,21579204
BEL,CTG,1850,12780,55711432
BEL,CTG,12200,56535,246460161
BEL,CTG,15990,211423,927442396
BEL,CTG,7038,557856,2372055918
BEL,CTG,7038,75877,322633877
BEL,CTG,4135,129623,551170576
BEL,CTG,19885,83534,352688910
BEL,CTG,32,2614,10614238
BEL,CTG,5,387,1570282
BEL,CTG,3,279,1132769
BEL,CTG,4,367,1488457
BEL,CTG,7,567,2302003
BEL,CTG,10,817,3317779
BEL,CTG,1,66,269395
BEL,CTG,2,111,449453
BEL,CTG,65,5301,21524917
BEL,CTG,3,220,895413
BEL,CTG,1,212,861261
BEL,CTG,3,1714,6958435
BEL,CTG,1,203,823577
BEL,CTG,1,19116,77628532
BEL,CTG,1,1326,5384214
BEL,CTG,44,15088,61270290
BEL,CTG,1,339,1378286
BEL,CTG,6,431,1748675
BEL,CTG,1,104,422164
BEL,CTG,5,4468,18145616
BEL,CTG,9,425,1726584
BEL,CTG,8,3212,13041843
BEL,CTG,1,59,240076
BEL,CTG,2,659,2677630
BEL,CTG,4,7870,31960356
BEL,CTG,2,269,1093744
BEL,CTG,275000,329185,1395366812
BEL,CTG,16245,64133,279583536
BEL,CTG,19256,87153,382309088
BEL,CTG,19936,85325,354520588
BEL,CTG,81044,371880,1591068841
BEL,CTG,24959,92850,394806472
BEL,CTG,25099,92856,392838622
BEL,CTG,1400,7252,30364155
BEL,CTG,23148,115637,488580728
BEL,CTG,2800,19040,79720670
BEL,CTG,25189,94499,401526464
BEL,CTG,1632,58129,245733362
BEL,CTG,16,14423,63266955
BEL,CTG,40912,161496,676017871
BEL,CTG,3503,23750,99441320
BEL,CTG,16,0,1340
BLZ,CTG,2328,7370,31315130
BLZ,CTG,300,1679,7133009
BLZ,CTG,300,2349,9979839
BLZ,CTG,51,1106,4700201
BLZ,CTG,1056,11223,47685847
BLZ,CTG,960,3024,12848976
BLZ,CTG,73,16520,70244102
BLZ,CTG,29,460,1944599
BLZ,CTG,178,6393,27025704
BLZ,CTG,132,3594,15194085
BLZ,CTG,1038,14567,61580390
BLZ,CTG,643,14780,62480824
BLZ,CTG,32,440,1860052
BLZ,CTG,86,1764,7458131
BLZ,CTG,38,4875,20609710
BLZ,CTG,6202,45926,201460782
BLZ,CTG,3054,105352,462144369
BLZ,CTG,1889,20761,85546832
BLZ,CTG,12,263,1111804
BLZ,CTG,73,5270,22278345
BLZ,CTG,418,5269,22274118
BLZ,CTG,40,10257,43360339
BLZ,CTG,359,17148,72491284
BLZ,CTG,110,1370,5791524
BLZ,CTG,848,18774,79362906
BLZ,CTG,26,3,10991
BLZ,CTG,140,14,59183
BLZ,CTG,10,1,4227
BLZ,CTG,20,2,8455
BLZ,CTG,10400,49327,203259636
BLZ,CTG,1120,4508,18575590
BLR,CTG,5099,66287,279869680
BOL,CTG,23917,54582,228414452
BOL,CTG,30,267,1134483
BOL,CTG,37,519659,2193683306
BOL,CTG,25000,30712,127191598
BOL,CTG,50000,64554,273390081
BOL,CTG,25000,29212,120979453
BOL,CTG,26000,49270,204048256
BOL,CTG,8597,104026,437066679
BOL,CTG,4160,23669,99103596
BOL,CTG,20000,24240,102995760
BOL,CTG,125000,159500,676096575
BOL,CTG,5000,4550,19332950
BES,MAM,36396,17076707,73245389277
BRA,CTG,44000,30119,124108954
BRA,CTG,9472,66342,278739878
BRA,CTG,17828,69057,286927858
BRA,CTG,39540,125773,529264527
BRA,CTG,147000,114660,502974436
BRA,CTG,137052,20041,84201182
BRA,CTG,10000,18600,77878386
BRA,CTG,8600,25250,105722002
BRA,CTG,40000,26595,111353531
BRA,CTG,660,3960,16580560
BRA,CTG,52925,230418,964760377
BRA,CTG,500,2200,9211422
BRA,CTG,90000,345322,1430126890
BRA,CTG,16446,59108,244792804
BRA,CTG,9963,26267,108783853
BRA,CTG,39460,162344,672337389
BRA,CTG,12136,27245,110443880
BRA,CTG,51300,253422,1038654789
BRA,CTG,147000,114660,502974436
BRA,CTG,40201,42774,177143622
BRA,CTG,15000,27160,115127166
BRA,CTG,44000,31589,133901033
BRA,CTG,10475,55418,234908589
BRA,CTG,2000,8660,36708441
BRA,CTG,21209,62408,264539804
BRA,CTG,17541,64141,271148261
BRA,CTG,11309,47386,200864138
BRA,CTG,50160,38930,163990772
BRA,CTG,16000,280000,1189720000
BRA,CTG,100,2220,9410247
BRA,CTG,27273,82109,347484518
BRA,CTG,38168,153170,648209533
BRA,CTG,10195,26593,116654274
BRA,CTG,5661,35942,152107158
BRA,CTG,2995,16474,69715781
BRA,CTG,80000,99844,424545674
BRA,CTG,60000,81702,349974680
BRA,CTG,216766,449050,1969830594
BRA,CTG,3830,6385,28008736
BRA,CTG,22334,40128,176025918
BRA,CTG,173621,458719,2012243894
BRA,CTG,39647,53070,219646090
BRA,CTG,110000,73987,312771904
BRA,CTG,17669,65334,286599010
BRA,CTG,630,2058,9027746
BRA,CTG,28843,68417,300121240
BRA,CTG,96525,382871,1679524901
BRA,CTG,170000,132600,581671116
BRA,CTG,25,33,142786
BRA,CTG,110311,134344,589320354
BRA,CTG,216,56924,249706585
BRA,CTG,6995,39184,170818076
BRA,CTG,52079,192240,843289764
BRA,CTG,55556,227136,996369415
BRA,CTG,22794,27693,121479775
BRA,CTG,106000,73554,303092732
BRA,CTG,75000,308852,1308497688
BRA,CTG,363,1916,8070139
BRA,CTG,10679,71681,301957392
BRA,CTG,94675,380121,1568474181
BRA,CTG,6572,27868,112968886
BRA,CTG,23160,63548,270062271
BRA,CTG,216,57030,236958223
BRA,CTG,32406,77182,330631488
BRA,CTG,1000,15820,65517423
BRA,CTG,500,3260,13215258
BRA,CTG,200,2614,11466729
BRA,CTG,635,6161,27025774
BRA,CTG,555,3848,16881184
BRA,CTG,120,734,3221563
BRA,CTG,1200,11373,46102764
BRA,CTG,126900,523088,2212656069
BRA,CTG,2400,1820,7983721
BRA,CTG,220,1074,4709518
BRA,CTG,40000,54404,238652026
BRA,CTG,168000,131040,550568491
BRA,CTG,120,512,2247374
BRA,CTG,3600,5652,24793402
BRA,CTG,94381,14003,56766666
BRA,CTG,180,1498,6171988
BRA,CTG,128166,157873,643970907
BRA,CTG,877,12510,51547267
BRA,CTG,1,20,82412
BRA,CTG,44000,30119,127421743
BRA,CTG,19092,74200,315277542
BRA,CTG,5484,85606,352747777
BRA,CTG,192000,149760,639721735
BRA,CTG,94379,248399,1040048301
BRA,CTG,22174,26710,113490790
BRA,CTG,2047,12245,49726082
BRA,CTG,8073,63872,259374511
BRA,CTG,1020,5624,23698524
BRA,CTG,129670,126208,512509436
BRA,CTG,27120,22516,95254469
BRA,CTG,43200,18177,73815169
BRA,CTG,1500,8186,33731395
BRA,CTG,8460,16780,69142355
BRA,CTG,600,2970,12238241
BRA,CTG,2016,5121,21100212
BRA,CTG,200,9706,39994243
BRA,CTG,22550,129321,563763798
BRA,CTG,50034,91031,382469057
BRA,CTG,140,2657,11041088
BRA,CTG,5055,27977,115863420
BRA,CTG,10435,87404,361978790
BRA,CTG,44000,34320,150550171
BRA,CTG,4305,93692,408438725
BRA,CTG,14130,95502,395515096
BRA,CTG,400,621,2571828
BRA,CTG,1760,17230,71358495
BRA,CTG,86,9764,40436674
BRA,CTG,260,76123,308583562
BRA,CTG,54000,54022,236976146
BRA,CTG,2610,1928,8151296
BRA,CTG,3500,1765,7459652
BRA,CTG,200,118,500185
BRA,CTG,2016,82,347703
BRA,CTG,10000,78400,333177264
BRA,CTG,39980,86878,368261157
BRA,CTG,515,29612,125522946
BRA,CTG,1,5000,20707150
BRA,CTG,15500,94474,414424790
BRA,CTG,22000,7260,29915701
BRA,CTG,92670,63942,278750063
BRA,CTG,1512,109483,463180932
BRA,CTG,2,20824,88097165
BRA,CTG,2726,36932,162006987
BRA,CTG,2726,106628,467741397
BRA,CTG,299,15950,64657472
BRA,CTG,3911,45403,190104490
BRA,CTG,26932,102703,429144331
BRA,CTG,3200,9531,40291254
BRA,CTG,1064000,171034,722861419
BRA,CTG,1590000,48373,204489930
BRA,CTG,1000,72000,305197200
BRA,CTG,30786,54191,224426825
BRA,CTG,50448,91797,388060874
BRA,CTG,1316328,163779,718442350
BRA,CTG,9936,10473,45942017
BRA,CTG,1850,5272,23128665
BRA,CTG,24806,76479,316734082
BRA,CTG,1,7000,30515799
BRA,CTG,21286,101658,445940091
BRA,CTG,1284,28515,125086926
BRA,CTG,3696,11668,51184733
BRA,CTG,8160,3074,12951247
BRA,CTG,260000,225554,958379796
BRA,CTG,141600,207319,841887215
BRA,CTG,17936,84018,346207858
BRA,CTG,9820,20954,86344502
BRA,CTG,8443,18015,74231939
BRA,CTG,26259,51631,212752555
BRA,CTG,25373,54141,223093457
BRA,CTG,1307000,1290234,5472368907
BRA,CTG,26000,41565,176609685
BRA,CTG,432000,515892,2125795635
BRA,CTG,334500,411620,1697306300
BRA,CTG,66060,91485,376974921
BRA,CTG,90,988,4073233
BRA,CTG,1500,847,3489423
BRA,CTG,54000,63094,259986398
BRA,CTG,1024,4410,18171852
BRA,CTG,23950,51104,210581195
BRA,CTG,5620850,5238983,22220041097
BRA,CTG,25002,47190,191298029
BRA,CTG,51000,109679,444610722
BRA,CTG,120000,169765,691163226
BRA,CTG,32833,106466,431588018
BRA,CTG,50050,4090,16590566
BRA,CTG,323000,2197,8906962
BRA,CTG,2363340,38628,157363984
BRA,CTG,123000,209125,889216620
BRA,CTG,3811500,4260802,17860541189
BRA,CTG,9000,12814,53652346
BRA,CTG,510800,715951,3085222102
BRA,CTG,243950,344723,1487149390
BRA,CTG,84000,24684,108281368
BRA,CTG,8640,474941,2005242802
BRA,CTG,378000,596380,2616116291
BRA,CTG,42000,74710,315608980
BRA,CTG,351000,362310,1531625671
BRA,CTG,544500,670788,2843369714
BRA,CTG,108000,162000,686693700
BRA,CTG,39960,35964,152446001
BRA,CTG,18039,74970,318547488
BRA,CTG,145880,311274,1322601611
BRA,CTG,8600,36907,156817631
BRA,CTG,2042,12507,52872178
BRA,CTG,8000,43612,185307600
BRA,CTG,16336,92542,391210576
BRA,CTG,22800,76875,324980606
BRA,CTG,426,7148,30372702
BRA,CTG,84000,112662,475669104
BRA,CTG,54000,69140,291866905
BRA,CTG,108000,172800,732473280
BRA,CTG,1444000,1387604,5888038217
BRA,CTG,150200,203876,894332676
BRA,CTG,23600,37764,165657828
BRA,CTG,49500,65736,288361482
BRA,CTG,2757000,3098168,12958490713
BRA,CTG,189000,304996,1287719928
BRA,CTG,189000,314238,1326741751
BRA,CTG,5448,20437,84211792
BRA,CTG,24500,177092,776842744
BRA,CTG,21000,32191,140333010
BRA,CTG,462000,536840,2186690018
BRA,CTG,186000,252322,1065149568
BRA,CTG,396000,585879,2473632474
BRA,CTG,202500,333240,1406970665
BRA,CTG,486000,200232,850785768
BRA,CTG,240000,275964,1169078644
BRA,CTG,1646000,1583791,6704621409
BRA,CTG,15153,28654,125694171
BRA,CTG,15251,52432,230000918
BRA,CTG,297650,18612,81646578
BRA,CTG,349640,4686,20554660
BRA,CTG,146000,225521,989283511
BRA,CTG,216000,247326,1084935071
BRA,CTG,270000,365520,1603411963
BRA,CTG,54000,77402,326055925
BRA,CTG,56000,16330,71634860
BRA,CTG,270000,253460,1111842844
BRA,CTG,27000,32096,140794239
BRA,CTG,300000,254264,1077274979
BRA,CTG,189000,306489,1334502500
BRA,CTG,11200,615664,2599388818
BRA,CTG,27000,32232,141390825
BRA,CTG,11000,22208,93881454
BRA,CTG,255000,306132,1298408300
BRA,CTG,9634000,8805730,37356554441
BRA,CTG,15000,43022,182800478
BRA,CTG,25000,55804,236084960
BRA,CTG,2786,5051,21351617
BRA,CTG,41000,89371,377806494
BRA,CTG,120000,179365,757169617
BRA,CTG,63734,183335,773927354
BRA,CTG,341,1210,5116495
BRA,CTG,590800,46688,197367835
BRA,CTG,1630000,12876,54392740
BRA,CTG,4964260,76398,322821196
BRA,CTG,890,7818,33050580
BRA,CTG,85500,139888,613643287
BRA,CTG,47200,75782,313845848
BRA,CTG,1687500,1993245,8341588771
BRA,CTG,1267000,1404222,5950536825
BRA,CTG,333000,518483,2220597716
BRA,CTG,147000,243915,1036685461
BRA,CTG,65780,87790,355879590
BRA,CTG,27972,115875,480945100
BRA,CTG,24073,98315,416741012
BRA,CTG,144027,323185,1333459003
BRA,CTG,25418,54235,227871324
BRA,CTG,112000,36872,161742822
BRA,CTG,12800,703616,2991838557
BRA,CTG,22800,79050,336127714
BRA,CTG,1404,27095,112620670
BRA,CTG,10282,48896,198525505
BRA,CTG,539,2304,9340795
BRA,CTG,21000,37162,162002279
BRA,CTG,378000,540747,2372073235
BRA,CTG,12800,703616,2899334162
BRA,CTG,54000,52852,217783008
BRA,CTG,39820,114840,503764034
BRA,CTG,364000,315776,1334907797
BRA,CTG,216000,241020,1021889718
BRA,CTG,591000,531400,2254402393
BRA,CTG,26000,59067,249968926
BRA,CTG,247000,332268,1401822998
BRA,CTG,47200,74804,315111850
BRA,CTG,1185000,1291116,5443738504
BRA,CTG,267000,344812,1458765095
BRA,CTG,270000,419536,1783081579
BRA,CTG,135000,191394,813825236
BRA,CTG,2083,31068,130082236
BRA,CTG,213728,456044,1866736867
BRA,CTG,18000,30240,126615182
BRA,CTG,221,1898,7948620
BRA,CTG,101,1281,5362220
BRA,CTG,260,2074,8685534
BRA,CTG,336000,128016,541173558
BRA,CTG,170000,281878,1236501193
BRA,CTG,105850,176706,769452658
BRA,CTG,11000,22182,97302699
BRA,CTG,560,1698,7448549
BRA,CTG,47200,75164,329718912
BRA,CTG,81000,129648,546144306
BRA,CTG,54000,89052,375129444
BRA,CTG,88020,86260,378391537
BRA,CTG,18454,76697,336444627
BRA,CTG,23770,74004,324630343
BRA,CTG,140594,2411005,10576257307
BRA,CTG,210000,357840,1569722414
BRA,CTG,312000,118872,505087128
BRA,CTG,36000000,13384800,55153674576
BRA,CTG,44292000,15544653,65784507018
BRA,CTG,47232,59193,259660092
BRA,CTG,144,128,562194
BRA,CTG,5292,5102,22381968
BRA,CTG,600,778,3413699
BRA,CTG,13248,45027,196289091
BRA,CTG,40,426,1858892
BRA,CTG,240,630,2763596
BRA,CTG,540,2795,12262469
BRA,CTG,23352,30288,128037159
BRA,CTG,822,1274,5386118
BRA,CTG,26532,23810,100654325
BRA,CTG,10740,11724,49561920
BRA,CTG,4838,11822,49976881
BRA,CTG,216,227,963834
BRA,CTG,25200,23727,98262384
BRA,CTG,24872,150246,622233292
BRA,CTG,4650,13160,55290034
BRA,CTG,21,645,2656110
BRA,CTG,76087,47206,194516010
BRA,CTG,6275,342,1409911
BRA,CTG,56000,49280,214831231
BRA,CTG,7469,219961,928695054
BRA,CTG,300,604,2551779
BRA,CTG,4,2052,8717163
BRA,CTG,2,2314,9834310
BRA,CTG,5,7143,30349927
BRA,CTG,1,17170,72781054
BRA,CTG,1,3432,14580444
BRA,CTG,32,125673,533984874
BRA,CTG,2,7019,29824708
BRA,CTG,2850,104379,433690144
BRA,CTG,7147,190294,829566138
BRA,CTG,96528,112308,470235096
BRA,CTG,35280,8589,35964029
BRA,CTG,90,2097,8846658
BRA,CTG,268372,147552,621706440
BRA,CTG,25175,3769,15856253
BRA,CTG,23522,90621,383088787
BRA,CTG,23913,127593,539383639
BRA,CTG,24270,6771,29702075
BRA,CTG,100800,143136,627888966
BRA,CTG,2,6600,28772038
BRA,CTG,5126,64278,273160862
BRA,CTG,239400,21523,87249076
BRA,CTG,5280,22318,97901829
BRA,CTG,35,31965,140217744
BRA,CTG,17820,23182,95525078
BRA,CTG,8100,12400,52725363
BRA,CTG,22770,39577,160435660
BRA,CTG,17820,22446,94888038
BRA,CTG,9000026,8462994,35557525072
BRA,CTG,7057,116440,493573813
BRA,CTG,50904,70149,295515694
BRA,CTG,939,12972,55157048
BRA,CTG,21186,29136,123262334
BRA,CTG,34002,516610,2139504566
BRA,CTG,7189,38417,162525483
BRA,CTG,1486,28406,120174031
BRN,CTG,1,11142,47103228
BGR,CTG,14752,29505,124572766
BGR,CTG,5,13216,54459515
BGR,CTG,2,2011,8285125
CMR,CTG,1,71741,295616822
CMR,CTG,2600,3068,13458273
CAN,CTG,978,3544,15070257
CAN,CTG,1456,6552,28741396
CAN,CTG,978,3737,15889210
CAN,CTG,442518,1988407,8424857062
CAN,CTG,2392,6360,27043292
CAN,CTG,9728,25589,108805881
CAN,CTG,534,1232,5238575
CAN,CTG,3126,6711,28534415
CAN,CTG,15211,50908,216464207
CAN,CTG,32387,34362,150538624
CAN,CTG,900,28530,121244226
CAN,CTG,249858,888113,3698041250
CAN,CTG,581050,31809,134298772
CAN,CTG,13011,137038,569382590
CAN,CTG,1468,5254,21830886
CAN,CTG,1067,4899,20354552
CAN,CTG,134630,557445,2283059610
CAN,CTG,3243,6231,25888766
CAN,CTG,14782,51774,215118611
CAN,CTG,2020,18158,74820570
CAN,CTG,480,2172,8949987
CAN,CTG,1120,6584,27130162
CAN,CTG,3799,46705,198483428
CAN,CTG,3220,24513,99368643
CAN,CTG,3066,15023,61905722
CAN,CTG,38550,151502,615221836
CAN,CTG,1226,13258,54632004
CAN,CTG,139,840,3406253
CAN,CTG,3600,45000,191205000
CAN,CTG,2422,14153,58802913
CAN,CTG,291511,50265,208849513
CAN,CTG,212021,820036,3454899864
CAN,CTG,44000,366649,1523403100
CAN,CTG,18400,23108,97792363
CAN,CTG,1204,226210,955076868
CAN,CTG,2914,139533,589120631
CAN,CTG,1837,379860,1603802094
CAN,CTG,400,1713,7233918
CAN,CTG,5304,25986,109714386
CAN,CTG,192784,785573,3292705626
CAN,CTG,8402,64725,283927095
CAN,CTG,12023,8163,34509030
CAN,CTG,2,5267,22288474
CAN,CTG,11905,65040,275693617
CAN,CTG,400,1710,7219267
CAN,CTG,5304,25933,109491967
CAN,CTG,16120,68389,281805493
CAN,CTG,48840,54286,238132470
CAN,CTG,924,6819,28099002
CAN,CTG,4170,23585,95609146
CAN,CTG,294,1045,4236179
CAN,CTG,5,10,41206
CAN,CTG,18,10,41206
CAN,CTG,1,2500,10630225
CAN,CTG,1485,9907,42096543
CAN,CTG,8120,25700,109199300
CAN,CTG,32,1519,6453211
CAN,CTG,319,35,149990
CAN,CTG,74,57245,243233538
CAN,CTG,637,11933,50498617
CAN,CTG,2299,7202,30468430
CAN,CTG,1080,2918,12342805
CAN,CTG,1944,5595,23668571
CAN,CTG,82,220,929380
CAN,CTG,1109,2527,10692444
CAN,CTG,6017,20126,85146611
CAN,CTG,48000,55764,235736176
CAN,CTG,19188,58864,249028935
CAN,CTG,18669,88694,377133892
CAN,CTG,48000,55764,235401592
CAN,CTG,21023,112623,466421141
CAN,CTG,17539,397329,1677560571
CAN,CTG,15552,367193,1547339443
CAN,CTG,46296,1081258,4574379004
CAN,CTG,1330,6555,27857699
CAN,CTG,4146,20512,87169627
CAN,CTG,8832,17623,74891789
CAN,CTG,2773,127732,542732758
CAN,CTG,1252,34841,148037709
CAN,CTG,338,15136,64313459
CAN,CTG,2422,97181,413223634
CAN,CTG,232753,871436,3714436511
CAN,CTG,211177,931594,3948886633
CAN,CTG,76705,346455,1406893111
CAN,CTG,151648,701610,2854066589
CAN,CTG,21000,18760,76048538
CAN,CTG,31064,62868,260577728
CAN,CTG,21762,37608,152453806
CAN,CTG,38476,246146,1079760216
CAN,CTG,4097,58281,246563674
CAN,CTG,5397,30894,127300456
CAN,CTG,21268,27011,111301449
CAN,CTG,11,9763,42828892
CAN,CTG,29145,81288,345642829
CAN,CTG,700,32984,138945100
CAN,CTG,632,35552,151060448
COL,CTG,392,6264,27307282
COL,CTG,492,8764,37150129
COL,CTG,210,2914,12350313
COL,CTG,38,438,1855599
COG,CTG,39276,73970,310319944
KOR,CTG,565,3250,13173828
KOR,CTG,18400,119600,503990812
KOR,CTG,18400,119600,503990812
KOR,CTG,19920,107568,451950179
KOR,CTG,5,32,136550
KOR,CTG,342921,1643491,6952968021
KOR,CTG,317688,1614763,6831434145
KOR,CTG,378246,1555388,6780557532
KOR,CTG,365647,1626327,6880356750
CIV,CTG,20000,124791,525867426
CIV,CTG,82200,138042,573010326
CIV,CVE,121653,62972019,265362000000
CRI,CTG,210,52727,213744225
CRI,CTG,20000,92000,389216119
CRI,CTG,74,16172,65559028
CRI,CTG,120,34184,140073826
CRI,CTG,150,92726,404230509
CRI,CTG,2000,3640,14999057
CRI,CTG,1000,1930,7952797
CRI,CTG,700,4952,20405310
CRI,CTG,5184,38673,162484257
CRI,CTG,20000,104780,425493767
CRI,CTG,1,11,45380
CRI,CTG,80,899,3794650
CRI,CTG,47,447,1886539
CRI,CTG,16,155,655244
CRI,CTG,19,197,831825
CRI,CTG,36,324,1367857
CRI,CTG,135,1191,5025945
CRI,CTG,90,707,2983763
CRI,CTG,3246,6543,27620597
CRI,CTG,63,338,1428138
CRI,CTG,121,236,996037
CRI,CTG,547,1679,7088980
CRI,CTG,2410,9367,39542647
CRI,CTG,147,988,4169931
CRI,CTG,13,166,699695
CRI,CTG,5,44,185530
CRI,CTG,407,1225,5172385
CRI,CTG,76,149,628058
CRI,CTG,6,12,50910
CRI,CTG,1842,5419,22874910
CRI,CTG,38155,19078,79265868
CRI,CTG,1080,283738,1208601304
CRI,CTG,20000,71000,309517400
CRI,CTG,20000,92000,379097040
CRI,CTG,15000,35472,148989967
CRI,CTG,259,684,2981830
CRI,CTG,4966,32378,141148610
CRI,CTG,2040,6936,30236798
CRI,CTG,91,177,773183
CRI,CTG,20000,2860,11883128
CRI,CTG,1000,2080,8446526
CRI,CTG,522,2887,11897013
CRI,CTG,4949,9843,39970059
CRI,CTG,3129,14137,57408644
CRI,CTG,11,61,246411
CRI,CTG,3871237,123321,520585403
CRI,CTG,29,691,2806034
CRI,CTG,674,6099,24767002
CRI,CTG,25709,59468,251036818
CRI,CTG,7394,22044,93058136
CRI,CTG,18763,41093,179142437
CRI,CTG,9488,47413,201604046
CRI,CTG,1000,7790,34171292
CRI,CTG,3,133,539238
CRI,CTG,162,2763,12118938
CRI,CTG,1032,228438,984585088
CRI,CTG,780,222199,957054494
CRI,CTG,1,2466,10015631
CRI,CTG,6,6,24365
CRI,CTG,86,8,32487
CRI,CTG,12,72,305966
CRI,CTG,1,8,34320
CRI,CTG,1,5,20854
CRI,CTG,2,15,62392
CRI,CTG,6,89,375873
CRI,CTG,1,9,37106
CRI,CTG,11,471,1989837
CRI,CTG,32,167,703326
CRI,CTG,85,1354,5714496
CRI,CTG,2,21,88143
CRI,CTG,121,2034,8586349
CRI,CTG,2,27,116004
CRI,CTG,11,117,493649
CRI,CTG,2,24,102158
CRI,CTG,60,873,3686413
CRI,CTG,27,359,1513411
CRI,CTG,136,1976,8341889
CRI,CTG,3,40,170206
CRI,CTG,225,1867,7879942
CRI,CTG,26,245,1034494
CRI,CTG,5,55,230235
CRI,CTG,10,110,464395
CRI,CTG,10,70,293724
CRI,CTG,4,54,226942
CRI,CTG,1,17,73790
CRI,CTG,4,55,232303
CRI,CTG,1,15,65263
CRI,CTG,11,101,427796
CRI,CTG,6,68,287814
CRI,CTG,33,137,578921
CRI,CTG,2,5,23133
CRI,CTG,1,8,33940
CRI,CTG,8,124,522102
CRI,CTG,6,4,18490
CRI,CTG,9,15,61337
CRI,CTG,40050,149318,610299026
CRI,CTG,12,129,534244
CRI,CTG,1040,13406,55518478
CRI,CTG,82,1322,5473811
CRI,CTG,751,5952,24647803
CRI,CTG,181,1504,6229539
CRI,CTG,707,6584,27268210
CRI,CTG,892,7455,30872331
CRI,CTG,1411,12487,51714368
CRI,CTG,777,6346,26283047
CRI,CTG,2537,13245,54851335
CRI,CTG,1422,7615,31535581
CRI,CTG,1,8,31848
CRI,CTG,2743,9216,38169407
CRI,CTG,15343,88362,365943671
CRI,CTG,2945,17369,71930800
CRI,CTG,470,6517,26989078
CRI,CTG,243,3313,13718777
CRI,CTG,9575,45467,188299350
CRI,CTG,9242,20786,86085421
CRI,CTG,512,1124,4655216
CRI,CTG,42,611,2532195
CRI,CTG,755,5136,21270881
CRI,CTG,30,144,595786
CRI,CTG,273,1622,6718559
CRI,CTG,230,449,1859792
CRI,CTG,75,717,2970441
CRI,CTG,92,955,3953409
CRI,CTG,196,1306,5410074
CRI,CTG,57,337,1395703
CRI,CTG,44,605,2505896
CRI,CTG,7,50,206989
CRI,CTG,63,677,2804783
CRI,CTG,138,1344,5566330
CRI,CTG,151,1827,7566807
CRI,CTG,48,474,1961961
CRI,CTG,58,733,3036165
CRI,CTG,592,3249,13453974
CRI,CTG,30,484,2004286
CRI,CTG,24,330,1365678
CRI,CTG,657,10112,41876194
CRI,CTG,285,3320,13750831
CRI,CTG,74,1219,5046747
CRI,CTG,11,163,676047
CRI,CTG,20,175,724543
CRI,CTG,139,1401,5802640
CRI,CTG,22,266,1102449
CRI,CTG,895,12118,50186387
CRI,CTG,230,3311,13712068
CRI,CTG,117,1771,7333810
CRI,CTG,854,12303,50952179
CRI,CTG,254,3927,16262733
CRI,CTG,986,9390,38888732
CRI,CTG,160,763,3160739
CRI,CTG,736,7063,29250547
CRI,CTG,223,2452,10156070
CRI,CTG,115,390,1614164
CRI,CTG,15,141,584563
CRI,CTG,137,1208,5003179
CRI,CTG,143,861,3566061
CRI,CTG,22,222,918404
CRI,CTG,55,120,498835
CRI,CTG,56,738,3056127
CRI,CTG,2,35,144784
CRI,CTG,90,1380,5716292
CRI,CTG,25,362,1500689
CRI,CTG,161,1623,6720506
CRI,CTG,154,1609,6663395
CRI,CTG,3,36,150334
CRI,CTG,617,3391,14043465
CRI,CTG,320,877,3631206
CRI,CTG,30,959,3973454
CRI,CTG,84,461,1909862
CRI,CTG,565,927,3837449
CRI,CTG,1214,1268,5251665
CRI,CTG,389,665,2753098
CRI,CTG,99,108,446902
CRI,CTG,1,10,42036
CRI,CTG,25273,40224,166534410
CRI,CTG,431,5761,24382072
CRI,CTG,3600,5732,24232287
CRI,CTG,44280,75497,318922479
CRI,CTG,140435,311654,1317813790
CRI,CTG,18200,40199,169397844
CRI,CTG,555,2299,9717501
CRI,CTG,2154,27284,113446817
CRI,CTG,296400,10493,42608868
CRI,CTG,37000,18500,76616455
CRI,CTG,1054,18073,76400140
CRI,CTG,2208,46747,197769172
CRI,CTG,128160,13765,58253913
CRI,CTG,1701,3742,15819739
CRI,CTG,1204,3178,13433589
CRI,CTG,1979,11828,49999540
CRI,CTG,7624,36687,155919411
CRI,CTG,783,4852,20511254
CRI,CTG,563,3907,16514722
CRI,CTG,2132,14476,61196628
CRI,CTG,1601,32913,139357883
CRI,CTG,54,2665,11264303
CRI,CTG,25662,249426,1056532357
CRI,CTG,594,1988,8405108
CRI,CTG,48,3223,13703295
CRI,CTG,20,172,708747
CRI,CTG,500,18200,74995284
CRI,CTG,64,4899,20830181
CRI,CTG,1474,2801,11803246
CRI,CTG,9792,14688,61894791
CRI,CTG,20,240,993943
CRI,CTG,25,570,2399856
CRI,CTG,12500,1775,7547460
CRI,CTG,10000,2350,9635640
CRI,CTG,500,3330,13790962
CRI,CTG,2000,2500,10152075
CRI,CTG,20,760,3148315
CRI,CTG,2000,3780,15928807
CRI,CTG,200,2860,11844490
CRI,CTG,37500,13025,55383472
CRI,CTG,515,8894,37218419
CRI,CTG,25,597,2471398
CRI,CTG,105,2936,12157375
CRI,CTG,33,397,1675550
CRI,CTG,12814,57499,242788292
CRI,CTG,800,5319,22384315
CRI,CTG,29301,113794,468371565
CRI,CTG,600,3504,14511571
CRI,CTG,4680,18613,77178716
CRI,CTG,13827,57600,243192384
CRI,CTG,200,1882,7794171
CRI,CTG,91,138,571600
CRI,CTG,205,2692,11147280
CRI,CTG,1000,15250,64263042
CRI,CTG,1000,2720,11498501
CRI,CTG,110,1273,5328389
CRI,CTG,21350,31673,130735738
CRI,CTG,20,93,385153
CRI,CTG,1470,3674,15531050
CRI,CTG,1,10,43166
CRI,CTG,85,1605,7038703
CRI,CTG,5760,75430,313780809
CRI,CTG,345068,24750,102679729
CRI,CTG,1842,4726,19937946
CRI,CTG,14213,74262,314274556
CRI,CTG,34300,1372,5806263
CRI,CTG,3140,2396,10134092
CRI,CTG,4650,3385,14259312
CRI,CTG,85,1148,4844045
CRI,CTG,420,51824,227332250
CRI,CTG,70543,148106,623895051
CRI,CTG,1778,4300,18114592
CRI,CTG,2295,5697,23997854
CRI,CTG,60,920,3909930
CRI,CTG,115,4210,17774163
CRI,CTG,1213,42491,179371082
CRI,CTG,2750,7754,32730547
CRI,CTG,400,1560,6571500
CRI,CTG,100,1142,4729513
CRI,CTG,2,19,80755
CRI,CTG,135,1124,4734008
CRI,CTG,15,259,1091880
CRI,CTG,3960,1883,7933822
CRI,CTG,528,238,1000890
CRI,CTG,1600,1723,7292531
CRI,CTG,8388,83885,354111638
CRI,CTG,90,2160,9099000
CRI,CTG,906,3691,15546652
CRI,CTG,1480,1478,6227760
CRI,CTG,50,52,219004
CRI,CTG,50,261,1103063
CRI,CTG,1845,8976,37812664
CRI,CTG,934,1644,6676898
CRI,CTG,336,265,1077907
CRI,CTG,20992,163747,684696722
CRI,CTG,4098,4423,18645538
CRI,CTG,1040,1562,6341392
CRI,CTG,720,982,3988060
CRI,CTG,36,622,2527623
CRI,CTG,299,64840,262845798
CRI,CTG,60,17092,69287677
CRI,CTG,24,39,165732
CRI,CTG,1715,1262,5351967
CRI,CTG,330,2012,8542776
CRI,CTG,860,2004,8157942
CRI,CTG,330,1939,7873746
CRI,CTG,245,3432,13935063
CRI,CTG,100,518,2186680
CRI,CTG,120,388,1639784
CRI,CTG,50,98,411881
CRI,CTG,300,2250,9521932
CRI,CTG,600,1669,6779434
CRI,CTG,170,1076,4546774
CRI,CTG,20,70,296238
CRI,CTG,24,1285,5436727
CRI,CTG,522,30272,128111719
CRI,CTG,279,3887,16410189
CRI,CTG,723,4336,18303483
CRI,CTG,72,544,2296985
CRI,CTG,25342,32990,139450794
CRI,CTG,45,246,1046741
CRI,CTG,455,2446,9986712
CRI,CTG,1041,8039,32645906
CRI,CTG,7604,103045,436081994
CRI,CTG,1,176,744827
CRI,CTG,4,4,15895
CRI,CTG,40,70,293629
CRI,CTG,0,15,60912
CRI,CTG,2,0,85
CRI,CTG,150,2,6091
CRI,CTG,4,0,338
CRI,CTG,1,1,2533
CRI,CTG,3,2,6091
CRI,CTG,0,90,365475
CRI,CTG,0,0,609
CRI,CTG,28,0,1182
CRI,CTG,70,4,14775
CRI,CTG,70,6,24834
CRI,CTG,470,4,15658
CRI,CTG,1152,1728,7281740
CRI,CTG,20000,15400,65434600
CRI,CTG,1374,241,1020201
CRI,CTG,5750,3407,14418322
CRI,CTG,17,746,3251284
CRI,CTG,64,642,2716925
CRI,CTG,107,3899,16996995
CRI,CTG,323,9100,39671673
CRI,CTG,50,496,2098507
CRI,CTG,2432,24333,102977965
CRI,CTG,949,9496,40186364
CRI,CTG,6,58,244312
CRI,CTG,49,492,2081367
CRI,CTG,17,167,706443
CRI,CTG,46,177,748339
CRI,CTG,10,6,26069
CRI,CTG,265,3918,16581578
CRI,CTG,1081,4415,18685206
CRI,CTG,5275,10831,45720820
CRI,CTG,600,1170,4939026
CRI,CTG,200,1500,6332085
CRI,CTG,5000,24250,102368708
CRI,CTG,3000,13528,57106964
CRI,CTG,2357,40820,173027865
CRI,CTG,538,2510,10639937
CRI,CTG,3379,23891,101269348
CRI,CTG,147,1081,4582197
CRI,CTG,1356,5660,23993078
CRI,CTG,276,1244,5273808
CRI,CTG,773,4516,19141375
CRI,CTG,204,399,1691555
CRI,CTG,650,1658,6996954
CRI,CTG,25,247,1041628
CRI,CTG,450,95040,403720416
CRI,CTG,1,258,1090920
CRI,CTG,1,1100,4648988
CRI,CTG,1,2310,9764468
CRI,CTG,20000,42472,180463528
CRI,CTG,18812,5252,22314473
CRI,CTG,60,3055,12925360
CRI,CTG,30,288,1219685
CRI,CTG,75,894,3782165
CRI,CTG,1000,230,973040
CRI,CTG,200,720,3046039
CRI,CTG,410,8614,36442982
CRI,CTG,6797,28618,121073247
CRI,CTG,720,7394,31282823
CRI,CTG,3600,15697,66408731
CRI,CTG,13278,57779,243948982
CRI,CTG,113,1251,5291647
CRI,CTG,225,1098,4666932
CRI,CTG,20,360,1524712
CRI,CTG,4238,6992,29708031
CRI,CTG,1025,2260,9600658
CRI,CTG,1077684,119607,508211800
CRI,CTG,1500,10912,46367212
CRI,CTG,46340,100622,427230968
CRI,CTG,1889,4891,20691617
CRI,CTG,18798,41175,174951003
CRI,CTG,832,2595,11025773
CRI,CTG,1,9175,38815847
CRI,CTG,840,4943,21004507
CRI,CTG,20000,2860,11784973
CRI,CTG,13456,27577,113635945
CRI,CTG,3470,9459,38975791
CRI,CTG,2573,8340,34366259
CRI,CTG,18507,38819,157638781
CRI,CTG,35,840,3554855
CRI,CTG,4,80,338558
CRI,CTG,8,54720,231573398
CRI,CTG,151,2156,9124127
CRI,CTG,532,8312,33696718
CRI,CTG,40800,1893,7674660
CRI,CTG,18,179548,727844095
CRI,CTG,1,23638,95822617
CRI,CTG,800,20270,82169715
CRI,CTG,18578,5257,21312238
CRI,CTG,20000,2860,11593754
CRI,CTG,1260,6950,28173632
CRI,CTG,65721,8375,33949632
CRI,CTG,500,2000,8282197
CRI,CTG,4,4,16566
CRI,CTG,40544,82074,332707366
CRI,CTG,8335,22261,90240346
CRI,CTG,2511,6373,25834775
CRI,CTG,29,419,1734389
CRI,CTG,8,8,33131
CRI,CTG,1308,25147,104143795
CRI,CTG,12,12,49697
CRI,CTG,4176,18471,76497886
CRI,CTG,197,5687,23553141
CRI,CTG,145,1291,5344930
CRI,CTG,180,873,3615965
CRI,CTG,238,2147,8891692
CRI,CTG,750,3149,13043351
CRI,CTG,2,2422,9818774
CRI,CTG,200,823,3408480
CRI,CTG,250,10466,43346236
CRI,CTG,23,517,2142403
CRI,CTG,367,1108,4589698
CRI,CTG,240,812,3364912
CRI,CTG,800,4867,20154559
CRI,CTG,45,919,3806430
CRI,CTG,5,104930,442950453
CRI,CTG,10,180530,762087537
CRI,CTG,26442,13143,55481729
CRI,CTG,5,7029,30833833
CRI,CTG,24170,24967,101209820
CRI,CTG,19910,27211,115032862
CRI,CTG,4572,8277,35015490
CRI,CTG,12000,96570,401243221
CRI,CTG,344,696,2942474
CRI,CTG,4380,4229,17890742
CRI,CTG,2000,2322,9823476
CRI,CTG,137070,83109,351600497
CRI,CTG,7056,4179,17681073
CRI,CTG,768,719,3041132
CRI,CTG,3000,928,3928121
CRI,CTG,1600,1560,6599752
CRI,CTG,4416,5763,24382909
CRI,CTG,943024,49419,209980141
CRI,CTG,5108,512,2164634
CRI,CTG,3624,2802,11854254
CRI,CTG,4384,41608,176791202
CRI,CTG,23562,25100,103428139
CRI,CTG,4226,9038,37242493
CRI,CTG,1000,1161,4784040
CRI,CTG,50626,95382,393031988
CRI,CTG,16880,8413,34666117
CRI,CTG,4,2,8793
CRI,CTG,1040,4013,16800922
CRI,CTG,88,340,1424421
CRI,CTG,794,1742,7295111
CRI,CTG,231192,21974,89233328
CRI,CTG,68,73,301753
CRI,CTG,28,42,174261
CRI,CTG,135,206,847776
CRI,CTG,441,769,3168592
CRI,CTG,198,258,1064356
CRI,CTG,100,131,538606
CRI,CTG,225,366,1508765
CRI,CTG,323,292,1204457
CRI,CTG,1491,1978,8152193
CRI,CTG,975,6740,27771866
CRI,CTG,4,29,120528
CRI,CTG,19,143,590732
CRI,CTG,42,347,1429896
CRI,CTG,3,29,120940
CRI,CTG,39,253,1042558
CRI,CTG,96,615,2535665
CRI,CTG,244,1574,6485403
CRI,CTG,11,78,319925
CRI,CTG,19,125,515737
CRI,CTG,50,428,1762348
CRI,CTG,28,214,881483
CRI,CTG,20,229,944034
CRI,CTG,182,991,4085430
CRI,CTG,68,435,1792140
CRI,CTG,24,550,2267824
CRI,CTG,1,15,63004
CRI,CTG,70,1335,5501193
CRI,CTG,14,268,1102513
CRI,CTG,18,367,1511855
CRI,CTG,10,229,944652
CRI,CTG,224,3404,14025107
CRI,CTG,88,1172,4828543
CRI,CTG,213,3068,12642680
CRI,CTG,12,122,503622
CRI,CTG,524,7116,29322497
CRI,CTG,249,2803,11548326
CRI,CTG,12780,36864,155617068
CRI,CTG,18880,12028,50776779
CRI,CTG,17928,20111,84896079
CRI,CTG,917,12158,51323364
CRI,CTG,16160,10617,44931333
CRI,CTG,372616,18294,74577752
CRI,CTG,796,1211,4991472
CRI,CTG,45,69,283210
CRI,CTG,68,115,473294
CRI,CTG,26,337,1389185
CRI,CTG,42,642,2644944
CRI,CTG,20,357,1469578
CRI,CTG,18,252,1039262
CRI,CTG,386,2737,11276736
CRI,CTG,58,466,1919673
CRI,CTG,234,2177,8970301
CRI,CTG,2,48,199520
CRI,CTG,2,41,167956
CRI,CTG,27,309,1274714
CRI,CTG,158,2181,8987361
CRI,CTG,134,1997,8229826
CRI,CTG,2,33,136475
CRI,CTG,4,51,209987
CRI,CTG,68,827,3409731
CRI,CTG,49,598,2464955
CRI,CTG,7,125,514871
CRI,CTG,6,51,210069
CRI,CTG,4,31,126050
CRI,CTG,1254,9255,38998270
CRI,CTG,4,262,1079149
CRI,CTG,542,10526,43372163
CRI,CTG,12,4369,18489477
CRI,CTG,8,197,832005
CRI,CTG,1,73344,308157016
CRI,CTG,3,8,31740
CRI,CTG,28,199,821940
CRI,CTG,9864,6533,28659278
CRI,CTG,13600,57298,251346845
CRI,CTG,2608,17386,73262902
CRI,CTG,1296,8436,36502806
CRI,CTG,22392,54359,230552310
CRI,CTG,88855,61336,260722753
CRI,CTG,69110,42696,179437483
CRI,CTG,5640,3797,15550304
CRI,CTG,4548,47867,200469921
CRI,CTG,1,1620,6881850
CRI,CTG,19520,19131,80589338
CRI,CTG,800,1809,7646883
CRI,CTG,500,333,1409623
CRI,CTG,2280,13922,58852371
CRI,CTG,2280,7387,32405135
CRI,CTG,4662,50101,211530509
CRI,CTG,7963,142898,603328808
CRI,CTG,895,21127,89313168
CRI,CTG,600,13020,55321980
CRI,CTG,200,2429,10267569
CRI,CTG,225,7315,30922893
CRI,CTG,1000,2217,9373815
CRI,CTG,500,9275,39207351
CRI,CTG,6040,962,4087538
CRI,CTG,1627,17103,72378113
CRI,CTG,11439,2003,8509090
CRI,CTG,1498,9549,40572171
CRI,CTG,6,195,828555
CRI,CTG,600,416,1767584
CRI,CTG,58,396,1674046
CRI,CTG,4200,7911,33441614
CRI,CTG,3992,14233,60167300
CRI,CTG,150,6574,27792680
CRI,CTG,1794,7193,30432724
CRI,CTG,78919,1903,8083892
CRI,CTG,12375,46775,197457544
CRI,CTG,96,3499,14867251
CRI,CTG,1512,2250,9560250
CRI,CTG,11,535,2273130
CRI,CTG,30,148,628852
CRI,CTG,200,254,1079246
CRI,CTG,6000,4297,18164249
CRI,CTG,4000,701,2964246
CRI,CTG,3604,964,4094336
CRI,CTG,120,450,1913580
CRI,CTG,190,556,2361807
CRI,CTG,8380,12332,52399178
CRI,CTG,2360,807,3428518
CRI,CTG,192,723,3071007
CRI,CTG,156,500,2122630
CRI,CTG,50,22,95602
CRI,CTG,86,330,1403020
CRI,CTG,62,274,1164226
CRI,CTG,1000,6803,28904672
CRI,CTG,2680,7810,32971167
CRI,CTG,460,46,195454
CRI,CTG,10000,1000,4230610
CRI,CTG,774,7745,32740036
CRI,CTG,2018,8922,37935148
CRI,CTG,2,656942,2773668249
CRI,CTG,3,15000,63566950
CRI,CTG,351,1003,4263309
CRI,CTG,16014,84707,359978400
CRI,CTG,14556,49685,211144759
CRI,CTG,6000,29880,126981335
CRI,CTG,130,1401,5923842
CRI,CTG,307000,60003,254993649
CRI,CTG,5190,28611,121566652
CRI,CTG,3268,12028,51105740
CRI,CTG,130120,32727,138349792
CRI,CTG,400,163,693437
CRI,CTG,30,33,138976
CRI,CTG,45,52,219653
CRI,CTG,24,34,144941
CRI,CTG,175,307,1297359
CRI,CTG,3221,4235,17916591
CRI,CTG,349,415,1757184
CRI,CTG,52,69,293266
CRI,CTG,78,71,299866
CRI,CTG,382,382,1615078
CRI,CTG,236,328,1389121
CRI,CTG,2278,16120,68197645
CRI,CTG,9,53,224518
CRI,CTG,70,488,2063184
CRI,CTG,18,83,351987
CRI,CTG,211,1122,4747548
CRI,CTG,73,430,1818697
CRI,CTG,48,319,1349945
CRI,CTG,40,351,1485621
CRI,CTG,16,245,1034638
CRI,CTG,14,107,453098
CRI,CTG,188,993,4202138
CRI,CTG,10,179,755291
CRI,CTG,134,1997,8449501
CRI,CTG,46,704,2978772
CRI,CTG,108,974,4119937
CRI,CTG,2160,6202,26352298
CRI,CTG,41410,27759,117947948
CRI,CTG,34655,22816,96945949
CRI,CTG,260,895,3804385
CRI,CTG,360,9584,40722841
CRI,CTG,3046,5733,24361047
CRI,CTG,667,1773,7531947
CRI,CTG,18356,33006,140244024
CRI,CTG,256,767,3260045
CRI,CTG,118,4133,17559970
CRI,CTG,104,2928,12440647
CRI,CTG,467,13142,55842058
CRI,CTG,287,12161,51670389
CRI,CTG,159,4691,19931209
CRI,CTG,8218,21356,90350575
CRI,CTG,120,757,3217343
CRI,CTG,13,1239,5434019
CRI,CTG,11500,1725,7296322
CRI,CTG,400,56,235983
CRI,CTG,23,25,107161
CRI,CTG,75,100,421369
CRI,CTG,104,151,637088
CRI,CTG,165,271,1146622
CRI,CTG,848,1392,5889348
CRI,CTG,106,175,740103
CRI,CTG,5,75,316153
CRI,CTG,60,382,1617701
CRI,CTG,30,229,970671
CRI,CTG,138,792,3351066
CRI,CTG,60,382,1616897
CRI,CTG,183,2145,9073135
CRI,CTG,10,166,701012
CRI,CTG,16,245,1035146
CRI,CTG,22,224,948968
CRI,CTG,1254,9255,39073416
CRI,CTG,421,3011,13210076
CRI,CTG,47,75685,319495902
CRI,CTG,21,450,1971935
CRI,CTG,6,14327,60873553
CRI,CTG,79,2760,12109024
CRI,CTG,340,1724,7323321
CRI,CTG,4,20,86170
CRI,CTG,20000,98390,405427802
CRI,CTG,1346,2306,9501284
CRI,CTG,6794,75454,310916685
CRI,CTG,2815,31594,130187322
CRI,CTG,380,1289,5311108
CRI,CTG,740,1600,6593692
CRI,CTG,288,1777,7323372
CRI,CTG,15180,14940,61560538
CRI,CTG,36951,21574,88897267
CRI,CTG,1290,868,3578470
CRI,CTG,2199,24526,101064098
CRI,CTG,27017,62361,273556811
CRI,CTG,3588,14387,59283030
CRI,CTG,1,145504,599566692
CRI,CTG,4224,19430,84704886
CRI,CTG,5482,47243,195655234
CRI,CTG,30,32,131423
CRI,CTG,155,168,679451
CRI,CTG,80,116,469061
CRI,CTG,120,182,738352
CRI,CTG,1748,2129,8631266
CRI,CTG,27,46,187284
CRI,CTG,22,39,157691
CRI,CTG,61,75,304964
CRI,CTG,69,75,303262
CRI,CTG,1844,2446,9915659
CRI,CTG,1127,8377,33959766
CRI,CTG,11,86,349475
CRI,CTG,37,306,1241464
CRI,CTG,4,30,121653
CRI,CTG,23,119,483897
CRI,CTG,168,918,3719973
CRI,CTG,45,253,1026331
CRI,CTG,450,3112,12615098
CRI,CTG,20,255,1032006
CRI,CTG,68,483,1959101
CRI,CTG,48,346,1402277
CRI,CTG,39,584,2368004
CRI,CTG,90,801,3248278
CRI,CTG,30,535,2166816
CRI,CTG,132,2046,8294074
CRI,CTG,106,1586,6427642
CRI,CTG,164,1478,5989755
CRI,CTG,153,1956,7930371
CRI,CTG,820,1773,7343459
CRI,CTG,912,8569,35487292
CRI,CTG,72140,45836,189828035
CRI,CTG,82702,54844,227133746
CRI,CTG,84,212,876451
CRI,CTG,2956,24356,100866847
CRI,CTG,80000,40000,165657200
CRI,CTG,2175,29043,127400714
CRI,CTG,28,41,167866
CRI,CTG,80,104,419605
CRI,CTG,40,54,218214
CRI,CTG,160,259,1051140
CRI,CTG,27,43983,184013438
CRI,CTG,56,112,453210
CRI,CTG,530,268,1086813
CRI,CTG,10,4,14675
CRI,CTG,98,150,606645
CRI,CTG,30,26,107019
CRI,CTG,62,730,2958191
CRI,CTG,48,305,1237208
CRI,CTG,170,1378,5585433
CRI,CTG,47,708,2868035
CRI,CTG,14,249,1011170
CRI,CTG,12,153,619171
CRI,CTG,16,244,990334
CRI,CTG,14,232,938689
CRI,CTG,60,214,868599
CRI,CTG,10,178,721123
CRI,CTG,10,280,1133796
CRI,CTG,86,388,1572291
CRI,CTG,139,67,272737
CRI,CTG,28,14,58739
CRI,CTG,26230,8020,33213159
CRI,CTG,10,7,29390
CRI,CTG,1200,46887,190070104
CRI,CTG,1924,3007,12190872
CRI,CTG,60,59,239172
CRI,CTG,139,70,283763
CRI,CTG,13020,29207,120959574
CRI,CTG,1640,5179,21449294
CRI,CTG,139,2720,11028011
CRI,CTG,18,1667,6758267
CRI,CTG,1001,1600,6486705
CRI,CTG,5,1667,6757821
CRI,CTG,11,617,2502021
CRI,CTG,2,270,1094515
CRI,CTG,461,1783,7512919
CRI,CTG,117146,10063,42404211
CRI,CTG,206180,1470,6196559
CRI,CTG,12200,598,2521260
CRI,CTG,884000,10498,44238805
CRI,CTG,24,146,616883
CRI,CTG,31500,1950,8216019
CRI,CTG,39900,64351,270371481
CRI,CTG,1287,11884,49928966
CRI,CTG,23,384,1613388
CRI,CTG,217175,379483,1594408369
CRI,CTG,3942,14366,60774955
CRI,CTG,107446,11470,48527127
CRI,CTG,2592,130,551883
CRI,CTG,200,16,67647
CRI,CTG,351750,3059,12940251
CRI,CTG,36,221,935430
CRI,CTG,60000,91968,387415200
CRI,CTG,189000,225449,968095911
CRI,CTG,177000,221944,940796618
CRI,CTG,7232,39893,167650772
CRI,CTG,43163,107692,459091427
CRI,CTG,104914,225728,963631907
CRI,CTG,920,8128,34150204
CRI,CTG,56952,132831,561984645
CRI,CTG,3682,116261,506829075
CRI,CTG,17928,89642,379362678
CRI,CTG,7488,29539,125009178
CRI,CTG,2412,26505,112168830
CRI,CTG,8019,33830,146667870
CRI,CTG,1000,2800,12282648
CRI,CTG,15927,46693,204828421
CRI,CTG,119000,185785,787514747
CRI,CTG,60000,53400,226934514
CRI,CTG,1000,1765,7481570
CRI,CTG,8658,53895,227547725
CRI,CTG,100,454,1919235
CRI,CTG,1200,4060,17150262
CRI,CTG,5628,84961,360998099
CRI,CTG,108,607,2562809
CRI,CTG,8,0,422
CRI,CTG,7,0,844
CRI,CTG,24,1,2533
CRI,CTG,1,5000,20603100
CRI,CTG,3186,11009,44704622
CRI,CTG,194190,13313,54062642
CRI,CTG,78040,557,2260502
CRI,CTG,592450,6006,24390644
CRI,CTG,6,37,149682
CRI,CTG,72744,29825,122897656
CRI,CTG,157800,261992,1121563332
CRI,CTG,592450,950804,4116399029
CRI,CTG,420,955,3956971
CRI,CTG,21000,25200,106396668
CRI,CTG,3823,17053,71944138
CRI,CTG,100724,330709,1393314968
CRI,CTG,105993,456945,1924613578
CRI,CTG,2642,13681,57474102
CRI,CTG,160,1068,4472397
CRI,CTG,3941,18334,77205329
CRI,CTG,919,1791,7547220
CRI,CTG,470,2835,11946605
CRI,CTG,6420,15288,64958712
CRI,CTG,7020,11934,50707566
CRI,CTG,51,359,1517337
CRI,CTG,5855,4108,17365272
CRI,CTG,72,300,1272660
CRI,CTG,144,239,1015681
CRI,CTG,780,2795,11875105
CRI,CTG,3384,9750,41427665
CRI,CTG,100,127,537174
CRI,CTG,250,346,1463903
CRI,CTG,50,900,3824100
CRI,CTG,9977,33524,141872562
CRI,CTG,22208,87152,367777113
CRI,CTG,115,857,3626798
CRI,CTG,10,2,8374
CRI,CTG,21,5,20935
CRI,CTG,66,30,126959
CRI,CTG,1600,16,67712
CRI,CTG,600,12,50665
CRI,CTG,300,6,25333
CRI,CTG,200,4,16888
CRI,CTG,47,71,301304
CRI,CTG,36,1,3040
CRI,CTG,300,300,1267343
CRI,CTG,1600,16,67712
CRI,CTG,50,1,4222
CRI,CTG,1020,12,50784
CRI,CTG,1928,12214,51632158
CRI,CTG,28751,86445,356207326
CRI,CTG,11418,77970,321282805
CRI,CTG,2995,15963,65777457
CRI,CTG,115,816,3362426
CRI,CTG,1831,7399,30488797
CRI,CTG,798,4176,17206061
CRI,CTG,2864,18353,75626893
CRI,CTG,65821,105038,443408051
CRI,CTG,2663,10216,43125298
CRI,CTG,2942,1059,4470959
CRI,CTG,62114,103368,435436015
CRI,CTG,2988,9813,41337262
CRI,CTG,97,13,53705
CRI,CTG,99160,170984,726510846
CRI,CTG,2730,983,4175917
CRI,CTG,6696,10650,43172544
CRI,CTG,122,2430,9850637
CRI,CTG,6085,20351,82498029
CRI,CTG,3840,11750,51545010
CRI,CTG,1420,6336,27793878
CRI,CTG,600,19032,80341494
CRI,CTG,3248,8600,37488660
CRI,CTG,2998,13478,55536151
CRI,CTG,20000,28960,119333155
CRI,CTG,34565,39596,173450390
CRI,CTG,700,14571,63520817
CRI,CTG,512,6400,26371968
CRI,CTG,97,3070,12466748
CRI,CTG,264,10653,43260915
CRI,CTG,1786,43451,176448018
CRI,CTG,239,11279,45803076
CRI,CTG,7200,8036,33113879
CRI,CTG,20000,24480,100872778
CRI,CTG,168,179,737715
CRI,CTG,20,524,2159493
CRI,CTG,2,441,1832661
CRI,CTG,5,44,180740
CRI,CTG,1,41,170643
CRI,CTG,36,3501,14547608
CRI,CTG,1,142,588797
CRI,CTG,2,191,793012
CRI,CTG,40,55,226263
CRI,CTG,100,205,846252
CRI,CTG,6297,42744,178618856
CRI,CTG,8238,27654,114737720
CRI,CTG,12,70,289185
CRI,CTG,24296,25102,101756348
CRI,CTG,47045,376697,1577235781
CRI,CTG,231,9637,40351304
CRI,CTG,556,16030,67116849
CRI,CTG,152,4389,18377247
CRI,CTG,15197,102479,429079132
CRI,CTG,773,2712,11357013
CRI,CTG,896,5478,22934850
CRI,CTG,412,2219,9290431
CRI,CTG,298,1287,5387300
CRI,CTG,2276,19006,79577014
CRI,CTG,46,1528,6395658
CRI,CTG,42,1587,6643947
CRI,CTG,1122,7020,29394066
CRI,CTG,1012,11411,47778725
CRI,CTG,2533,6047,25317258
CRI,CTG,2140,14138,59196240
CRI,CTG,1468,5977,25027057
CRI,CTG,1,27900,117528750
CRI,CTG,5321,32706,137413560
CRI,CTG,258,4642,19501822
CRI,CTG,95,1098,4599221
CRI,CTG,38,895,3746118
CRI,CTG,86,1272,5325584
CRI,CTG,2688,17741,75054406
CRI,CTG,5199,27236,115226840
CRI,CTG,7994,129077,540020405
CRI,CTG,5434,13938,58715342
CRI,CTG,1056,5010,21123364
CRI,CTG,33864,8154,34259948
CRI,CTG,5015,35139,143774482
CRI,CTG,274000,62590,266632788
CRI,CTG,108000,41949,178153802
CRI,CTG,660,3511,14841817
CRI,CTG,75,5476,23150667
CRI,CTG,50,238,1007556
CRI,CTG,6,631,2642883
CRI,CTG,62,1829,7659590
CRI,CTG,304,6285,26315693
CRI,CTG,70,173,731472
CRI,CTG,610,1702,7185575
CRI,CTG,4,144,606799
CRI,CTG,500,9500,40109855
CRI,CTG,3325,26901,113844225
CRI,CTG,125,696,2938575
CRI,CTG,5480,29859,126066836
CRI,CTG,2610,14317,60449309
CRI,CTG,10,737,3035249
CRI,CTG,636,2328,9828012
CRI,CTG,23,597,2522614
CRI,CTG,40,512,2161710
CRI,CTG,385,4881,20565426
CRI,CTG,105,107,449182
CRI,CTG,63,2127,8968865
CRI,CTG,1150,6435,27169360
CRI,CTG,60,133,563517
CRI,CTG,303,18034,75603252
CRI,CTG,205,7198,30391026
CRI,CTG,5433,24605,103647720
CRI,CTG,7111,39490,166840305
CRI,CTG,3894,13655,56775230
CRI,CTG,500,5,21194
CRI,CTG,4100,9741,41178372
CRI,CTG,5100,12518,53062348
CRI,CTG,180,993,4211170
CRI,CTG,3700,19148,81008270
CRI,CTG,27000,10487,44381431
CRI,CTG,27000,5940,25129823
CRI,CTG,600,26354,111492988
CRI,CTG,900,2168,9154673
CRI,CTG,1440,20107,84894746
CRI,CTG,72,130,550223
CRI,CTG,233,3429,14568376
CRI,CTG,20,1,4222
CRI,CTG,20,1,4222
CRI,CTG,9,1,4222
CRI,CTG,10,2,6333
CRI,CTG,10,2,6333
CRI,CTG,20,1,4222
CRI,CTG,20,1,4222
CRI,CTG,50,2,10555
CRI,CTG,36000,3816,15724286
CRI,CTG,24556,25380,107156306
CRI,CTG,300,7521,30991183
CRI,CTG,23210,41730,171952648
CRI,CTG,1000,15240,61779302
CRI,CTG,9485,64744,262456921
CRI,CTG,2664,1298,5694587
CRI,CTG,2664,613,2687794
CRI,CTG,1426,7057,29078062
CRI,CTG,1580,1088,4772686
CRI,CTG,60,1792,7566830
CRI,CTG,2810,43555,183893130
CRI,CTG,170,1488,6280359
CRI,CTG,84832,45231,192185712
CRI,CTG,312,2826,12008099
CRI,CTG,5694,12398,52448987
CRI,CTG,1217,4152,17251311
CRI,CTG,7400,6029,24482744
CRI,CTG,2694,14555,61844280
CRI,CTG,2220,10476,44511122
CRI,CTG,811,2943,12503660
CRI,CTG,432,5228,22933371
CRI,CTG,23500,38888,170587557
CRI,CTG,3000000,60000,253283400
CRI,CTG,1200000,22800,92586924
CRI,CTG,850,31456,132788466
CRI,CTG,6,155,640262
CRI,CTG,1,52,213407
CRI,CTG,4,1202,4951461
CRI,CTG,1,477,1963517
CRI,CTG,45,753,3103198
CRI,CTG,48,25912,106772228
CRI,CTG,2,25,102439
CRI,CTG,6,149,614673
CRI,CTG,4,141,580513
CRI,CTG,1200000,22080,93223747
CRI,CTG,114,98260,423722658
CRI,CTG,1200000,22080,89507021
CRI,CTG,28,319,1355014
CRI,CTG,5975,22411,95292781
CRI,CTG,1911,5310,22580299
CRI,CTG,4044,7893,33561066
CRI,CTG,27,330,1402594
CRI,CTG,181,2460,10462055
CRI,CTG,502,2206,9380111
CRI,CTG,1810,6189,26316440
CRI,CTG,15301,25137,106883723
CRI,CTG,46,318,1350804
CRI,CTG,47,419,1780137
CRI,CTG,4050,19122,80720322
CRI,CTG,77,588,2490595
CRI,CTG,3515,11736,50015403
CRI,CTG,2092,7019,30324374
CRI,CTG,246,1025,4331531
CRI,CTG,5351,9377,40878791
CRI,CTG,29,221,911564
CRI,CTG,53,472,1977598
CRI,CTG,600,1342,5706730
CRI,CTG,2500,4183,17786067
CRI,CTG,260,2587,11009135
CRI,CTG,2445,6976,28860256
CRI,CTG,352,1318,5700870
CRI,CTG,1468,2256,9833629
CRI,CTG,46,202,831706
CRI,CTG,42,292,1205158
CRI,CTG,3108000,68078,286880335
CRI,CTG,5100,663,2908970
CRI,CTG,13809,1876,8227927
CRI,CTG,68786,468635,1982612933
CRI,CTG,220,1149,5040272
CRI,CTG,667,1900,8005195
CRI,CTG,1617,7287,30706441
CRI,CTG,63000,11460,48385151
CRI,CTG,9370,11064,46714470
CRI,CTG,65375,41136,173681583
CRI,CTG,6256,13837,60696635
CRI,CTG,458,8052,34130881
CRI,CTG,3756,15074,64060383
CRI,CTG,235,617,2620924
CRI,CTG,347,1002,4258294
CRI,CTG,7060,11222,47689438
CRI,CTG,39,310,1315880
CRI,CTG,115,490,2070111
CRI,CTG,163,570,2411092
CRI,CTG,144,1277,5399138
CRI,CTG,774,1032,4362793
CRI,CTG,64,409,1730524
CRI,CTG,969,7301,30820115
CRI,CTG,310,54390,231141727
CRI,CTG,19909,179939,762734261
CRI,CTG,2484,8831,37362505
CRI,CTG,449,1431,6053030
CRI,CTG,612,2051,8676600
CRI,CTG,1305,2575,10893990
CRI,CTG,130,1025,4335064
CRI,CTG,184,1414,5983690
CRI,CTG,955,3148,13319314
CRI,CTG,321,1098,4644617
CRI,CTG,2084,2942,12444424
CRI,CTG,38,181,766544
CRI,CTG,566,2516,10645907
CRI,CTG,32867,238082,966809756
CRI,CTG,600,30000,124242900
CRI,CTG,750,2850,11803076
CRI,CTG,38,1120,4638402
CRI,CTG,45060,25392,111386729
CRI,CTG,39908,18114,79459696
CRI,CTG,2952,2038,8938258
CUB,CTG,4771,11093,45710202
CUB,CTG,10709,30624,126189867
CUB,CTG,1085,4986,20545411
CUB,CTG,2956,14796,61276433
CUB,CTG,8225,57418,237791924
CUB,CTG,40,72803,309391510
CUB,CTG,4520,8692,36936439
CUB,CTG,10000,165,699205
CUB,CTG,3000,31018,131819120
CUB,CTG,272,80695,351781776
CUB,CTG,162000,120692,529435953
CUB,CTG,1553500,87039,367486492
CUB,CTG,189000,163901,707417160
CUB,CTG,7036,26725,113099991
CUB,CTG,6351,30224,127363872
CUB,CTG,20112,31670,133881441
CUB,CTG,4200,3300,13950387
CUB,CTG,458,285,1203296
CUB,CTG,2152,2205,9321395
CUB,CTG,5551,31078,128061576
CUB,CTG,1408,10219,42110511
CUB,CTG,4580,35550,146488041
CUB,CTG,738,12132,53218959
CUB,CTG,91,5641,23244253
CUB,CTG,4,9,39480
CUB,CTG,68,816,3579515
CUB,CTG,526,13450,55422339
CUB,CTG,200,3600,15199524
CUB,CTG,3750,9000,37998810
CUB,CTG,4,3840,16212826
CUB,CTG,3,2000,8444180
CUB,CTG,2,1580,6670902
CUB,CTG,800000,36000,152186040
CUB,CTG,8,200,877332
CUB,CTG,1083,8005,32985563
CUB,CTG,950,2240,9230189
CUB,CTG,1915,3384,13942200
CUB,CTG,1101,4223,17403026
CUB,CTG,438,4758,19604262
CUB,CTG,1505,8030,33086518
CUB,CTG,1188,5902,24317839
CUB,CTG,2,67,277318
CUB,CTG,44,890,3668876
CUB,CTG,82,1798,7410523
CUB,CTG,561600,90656,385260860
CUB,CTG,720000,19276,81915540
CUB,CTG,16920,39900,164412573
CUB,CTG,18202,82586,349121455
CUB,CTG,4,4,16910
CUB,CTG,645,3682,14927971
CUB,CTG,34065,81088,332260860
CUB,CTG,5923,26799,108638336
CUB,CTG,551,2805,11370797
CUB,CTG,88,4,16482
CUB,CTG,40,0,1648
CUB,CTG,1,2,8108
CUB,CTG,400,4,16416
CUB,CTG,50,0,2060
CUB,CTG,330,3,13531
CUB,CTG,600,6,24724
CUB,CTG,200,2,8108
CUB,CTG,290,3,11850
CUB,CTG,17923,32243,132861522
CUB,CTG,1100,18135,77055105
CUB,CTG,260,523,2220655
CUB,CTG,21000,29400,124920600
CUB,CTG,10437,20802,85716766
CUB,CTG,10358,9792,40349111
CUB,CTG,31258,30682,129259996
CUB,CTG,450,1481,6294299
CUB,CTG,20,10,40608
CUB,CTG,250,25,101521
CUB,CTG,600,60,243650
CUB,CTG,42,50,203042
CUB,CTG,5,25,101521
CUB,CTG,10184,30828,124969313
CUB,CTG,91526,223550,918492357
CUB,CTG,185500,149460,627422252
CUW,CTG,270,725,2938571
CUW,CTG,40,605,2451714
CUW,CTG,6169,36869,149456982
CUW,CTG,21,463,1875634
CUW,CTG,1056,16667,67562640
CUW,CTG,2170,458,1944242
CUW,CTG,540,465,1976115
CUW,CTG,260,208,883940
CUW,CTG,500,387,1645488
CUW,CTG,708,1243,5284259
CUW,CTG,75,133,563512
CUW,CTG,9099,14950,62909615
CUW,CTG,279,209,873398
CUW,CTG,6957,7365,30811928
CUW,CTG,2618,8584,35553455
CUW,CTG,5008,3849,16042565
CUW,CTG,150,601,2474844
CUW,CTG,500,242,995130
CUW,CTG,150,1260,5191981
CUW,CTG,140,127,538523
CUW,CTG,30,62,255890
CUW,CTG,180,142,605584
CUW,CTG,290,977,4093538
CUW,CTG,240,266,1115441
CUW,CTG,1000,41,175938
CUW,CTG,1286,6086,24672602
CUW,CTG,78,459,1862095
CUW,CTG,4352,5096,20659096
CUW,CTG,142,913,3702461
CUW,CTG,19,458,1858649
CUW,CTG,2140,8492,34426557
CUW,CTG,1057,5037,20418992
CUW,CTG,225,1117,4529063
CUW,CTG,190,605,2454349
CUW,CTG,15,128,517462
CUW,CTG,369,1219,4942101
CUW,CTG,120,196,792915
CUW,CTG,36,105,424672
CUW,CTG,216,589,2387502
CUW,CTG,252,848,3438237
CUW,CTG,36,46,185338
CUW,CTG,240,302,1225857
CUW,CTG,18,506,2050878
CUW,CTG,97,246,995887
CUW,CTG,30,6547,27509098
CUW,CTG,33,8633,36271514
CUW,CTG,36,848,3438237
CUW,CTG,91,1721,6978021
CUW,CTG,16,211,854208
CUW,CTG,240,137,554554
CUW,CTG,368,1374,5570272
CUW,CTG,44,1053,4268609
CUW,CTG,300,523,2154672
CUW,CTG,888,1076,4432469
CUW,CTG,1,23,93236
CUW,CTG,923,10155,42383280
CUW,CTG,3330,16698,70780826
CUW,CTG,19820,6698,27738470
CUW,CTG,3790,1464,6063054
CUW,CTG,887,3613,15064046
CUW,CTG,25,127,522495
CUW,CTG,1000,4590,19009164
CUW,CTG,200,986,4083450
CUW,CTG,40,242,1002226
CUW,CTG,20,266,1096909
CUW,CTG,2015,8674,35743494
CUW,CTG,1984,7626,31422694
CUW,CTG,907,4156,17127357
CUW,CTG,44,1170,4821125
CUW,CTG,7525,43379,184317796
CUW,CTG,10,21,87744
CUW,CTG,5,34,142161
CUW,CTG,21090,13498,57121438
CUW,CTG,1500,2700,11426319
CUW,CTG,4,164,716947
CUW,CTG,10,571,2490656
CUW,CTG,12,134,586339
CUW,CTG,39,1088,4741283
CUW,CTG,35,1027,4475709
CUW,CTG,16143,13208,54698475
CUW,CTG,641,3012,12475478
CUW,CTG,48,10409,42893182
CUW,CTG,18,4795,19759939
CUW,CTG,24000,20400,86116356
CUW,CTG,240,1712,7229400
CUW,CTG,720,346,1460421
CUW,CTG,1230,1166,4923126
CUW,CTG,240,857,3617487
CUW,CTG,240,266,1123076
CUW,CTG,1140,888,3750271
CUW,CTG,1076,880,3714553
CUW,CTG,496,258,1089384
CUW,CTG,6480,6192,26141661
CUW,CTG,60,79,334643
CUW,CTG,2640,1882,7944285
CUW,CTG,2450,1315,5553019
CUW,CTG,708,612,2585692
CUW,CTG,285,294,1242603
CUW,CTG,165,94,398016
CUW,CTG,1000,830,3503754
CUW,CTG,730,1094,4623425
CUW,CTG,220,396,1673116
CUW,CTG,288,1066,4508511
CUW,CTG,288,1173,4959574
CUW,CTG,184,515,2174545
CUW,CTG,59160,41369,172382092
CUW,CTG,162,207,872453
CUW,CTG,184,515,2174545
CUW,CTG,1,1323,5591696
CUW,CTG,5,127,536374
CUW,CTG,200,183,773105
CUW,CTG,410,3081,13024842
CUW,CTG,30,328,1386161
CUW,CTG,8,141,595893
CUW,CTG,200,91,384523
CUW,CTG,1,123,520626
CUW,CTG,30,319,1358288
CUW,CTG,2175,1714,7220437
CUW,CTG,312,133,566038
CUW,CTG,3465,1915,8045888
CUW,CTG,1276,1311,5529587
CUW,CTG,2140,613,2588876
CUW,CTG,150,816,3470556
CUW,CTG,11840,11292,47757898
CUW,CTG,40,46,196532
CUW,CTG,3912,3090,13140999
CUW,CTG,284,258,1086921
CUW,CTG,300,1228,5220716
CUW,CTG,4093,2988,12603127
CUW,CTG,5950,3392,14353822
CUW,CTG,3372,3231,13646641
CUW,CTG,435,489,2065436
CUW,CTG,270,187,788596
CUW,CTG,150,76,320787
CUW,CTG,85,812,3423096
CUW,CTG,750,380,1594481
CUW,CTG,7,105,445619
CUW,CTG,306,3886,16473019
CUW,CTG,28130,4318,17920752
CUW,CTG,88,640,2655898
CUW,CTG,86700,29290,121300662
CUW,CTG,80,483,2119371
CUW,CTG,810,630,2764385
CUW,CTG,90,14,62642
CUW,CTG,1500,901,3952381
CUW,CTG,270,463,2029927
CUW,CTG,400,149,652077
CUW,CTG,6480,6250,27416450
CUW,CTG,60,78,341107
CUW,CTG,150,151,662386
CUW,CTG,2596,1844,8090492
CUW,CTG,3663,2028,8896936
CUW,CTG,1944,2091,9174348
CUW,CTG,165,190,833334
CUW,CTG,150,111,488235
CUW,CTG,24720,46373,196250160
CUW,CTG,2,228,998930
CUW,CTG,0,100,440596
CUW,CTG,1,146,638698
CUW,CTG,19020,12105,53099642
CUW,CTG,4000,1261,5529824
CUW,CTG,88000,10637,44053799
CUW,CTG,25,838,3674266
CUW,CTG,3230,13577,58233238
CUW,CTG,2008,5593,23201516
CUW,CTG,21725,16376,67479562
CUW,CTG,220,90,370856
CUW,CTG,416620,38584,159997043
CUW,CTG,62148,7703,32731832
CUW,CTG,92260,1159,4811009
CUW,CTG,234100,8973,37315405
CUW,CTG,654535,21264,87842786
CUW,CTG,27000,919,3804442
CUW,CTG,74582,8141,33545473
CUW,CTG,561,1633,7162319
CUW,CTG,156100,5971,26193580
CUW,CTG,15000,190,833027
CUW,CTG,164000,7520,32986937
CUW,CTG,216500,7630,33469646
CUW,CTG,10,62,273728
CUW,CTG,4392,22763,96092345
CUW,CTG,14036,46883,198730005
CUW,CTG,5569,41502,175532524
CUW,CTG,1865,4486,19013786
CUW,CTG,4646,15558,65838873
CUW,CTG,2160,9998,42312929
CUW,CTG,533,1282,5423693
CUW,CTG,2932,22162,96615202
CUW,CTG,13345,67659,285661543
CUW,CTG,2160,9998,42483202
CUW,CTG,20000,10300,42442386
CUW,CTG,9880,36611,155187096
CUW,CTG,2005,10267,43519213
CUW,CTG,3784,17605,74624318
CUW,CTG,7463,20552,87118456
CUW,CTG,4155,5901,25013369
CUW,CTG,3017,9332,39558220
CUW,CTG,10951,47360,200752996
CUW,CTG,12961,18257,77389151
CUW,CTG,1361,6346,26731598
CUW,CTG,188,1007,4242409
CUW,CTG,295,10960,45890006
CUW,CTG,371,4376,18321309
CUW,CTG,8,246,1030004
CUW,CTG,34,493,2064196
CUW,CTG,176,3436,14385478
CUW,CTG,30,109,457808
CUW,CTG,3,48,202484
CUW,CTG,27,1743,7297330
CUW,CTG,2496,5256,22280074
CUW,CTG,8319,37669,165242017
CUW,CTG,992,5736,25161224
CUW,CTG,1080,1497,6360966
CUW,CTG,464,1352,5745268
CUW,CTG,372,493,2095957
CUW,CTG,1224,4857,20638887
CUW,CTG,36,241,1024563
CUW,CTG,1679,30542,126489294
CUW,CTG,22,722,2991189
CUW,CTG,19,102,421970
CUW,CTG,77,479,1983207
CUW,CTG,165,1100,4557188
CUW,CTG,486,812,3449915
CUW,CTG,3,18,75954
CUW,CTG,7,534,2211524
CUW,CTG,55,1049,4342662
CUW,CTG,35,76,322553
CUW,CTG,6649,9448,40150368
CUW,CTG,75400,2892,11976850
CUW,CTG,16000,1104,4571228
CUW,CTG,31,155,640845
CUW,CTG,2500,505,2090967
CUW,CTG,5800,644,2667661
CUW,CTG,1195,5621,23279019
CUW,CTG,46,3167,13115867
CUW,CTG,310,130,551050
CUW,CTG,3,10,42388
CUW,CTG,2,20,84777
CUW,CTG,31,80,339108
CUW,CTG,10,15,63583
CUW,CTG,50,10,42388
CUW,CTG,100,10,42388
CUW,CTG,3,10,42388
CUW,CTG,6,20,84777
CUW,CTG,52,175,741799
CUW,CTG,25500,20961,86808514
CUW,CTG,4602,15927,65627879
CUW,CTG,1046,2218,9137475
CUW,CTG,50,176,740520
CUW,CTG,1127,3119,13104530
CUW,CTG,285,236,990889
CUW,CTG,693,1350,5671477
CUW,CTG,187,196,825349
CUW,CTG,60,44,184909
CUW,CTG,37,34,142642
CUW,CTG,339,268,1126976
CUW,CTG,2,12,52519
CUW,CTG,1503,1047,4399422
CUW,CTG,7182,5699,23602796
CUW,CTG,6156,7541,31684158
CUW,CTG,720,648,2683647
CUW,CTG,1170,1492,6267632
CUW,CTG,153,140,586576
CUW,CTG,156,145,599845
CUW,CTG,510,854,3537817
CUW,CTG,5032,7047,29609064
CUW,CTG,1400,5155,21347829
CUW,CTG,2168,1518,6376242
CUW,CTG,3775,4907,20323281
CUW,CTG,225,135,567207
CUW,CTG,100,78,323529
CUW,CTG,100,215,890407
CUW,CTG,600,715,3004304
CUW,CTG,214,545,2291514
CUW,CTG,1672,4922,20385609
CUW,CTG,440,392,1621908
CUW,CTG,10,19,78989
CUW,CTG,2,12,52519
CUW,CTG,55,348,1460452
CUW,CTG,10,62,262596
CUW,CTG,200,455,1911696
CUW,CTG,20,75,315115
CUW,CTG,10,70,294107
CUW,CTG,820,1141,4725165
CUW,CTG,391,323,1339421
CUW,CTG,255,293,1214516
CUW,CTG,306,375,1554279
CUW,CTG,85,49,202433
CUW,CTG,900,472,1956826
CUW,CTG,3,19,77652
CUW,CTG,10,235,973236
CUW,CTG,55,81,333965
CUW,CTG,10,35,144950
CUW,CTG,5,20,82829
CUW,CTG,5130,5788,23969313
CUW,CTG,568,714,2955490
CUW,CTG,1170,1530,6336388
CUW,CTG,136,118,488150
CUW,CTG,187,161,665238
CUW,CTG,56,76,315991
CUW,CTG,2118,1575,6523953
CUW,CTG,375,260,1075198
CUW,CTG,100,80,331853
CUW,CTG,14,31,127846
CUW,CTG,810,1184,4902832
CUW,CTG,99,130,537226
CUW,CTG,372,836,3460786
CUW,CTG,1233,10347,42851997
CUW,CTG,54,54,224424
CUW,CTG,544,935,3873894
CUW,CTG,187,206,851312
CUW,CTG,75,47,193529
CUW,CTG,341,228,943211
CUW,CTG,340,296,1227561
CUW,CTG,3,19,79640
CUW,CTG,410,352,1456914
CUW,CTG,102,1190,4928302
CUW,CTG,10,128,530144
CUW,CTG,40,455,1885966
CUW,CTG,110,259,1072506
CUW,CTG,3,10,39841
CUW,CTG,1,1,4266
CUW,CTG,50,176,715721
CUW,CTG,2360,8042,33132225
CUW,CTG,353,320,1307905
CUW,CTG,1203,2089,8541448
CUW,CTG,707,905,3732824
CUW,CTG,2,28,116830
CUW,CTG,110,93,380488
CUW,CTG,192,148,609450
CUW,CTG,764,552,2262628
CUW,CTG,7,64,263133
CUW,CTG,2433,1825,7474749
CUW,CTG,11305,14252,58235250
CUW,CTG,600,662,2739722
CUW,CTG,2171,2801,11478875
CUW,CTG,319,350,1436177
CUW,CTG,255,435,1800735
CUW,CTG,170,170,704043
CUW,CTG,9883,12529,51321131
CUW,CTG,3968,2856,11705854
CUW,CTG,750,498,2053456
CUW,CTG,140,127,527784
CUW,CTG,14,32,133810
CUW,CTG,1275,1771,7276094
CUW,CTG,85,111,460320
CUW,CTG,702,1850,7618597
CUW,CTG,10,19,76344
CUW,CTG,31,64,265783
CUW,CTG,115,593,2426319
CUW,CTG,10,62,254864
CUW,CTG,2,26,106186
CUW,CTG,40,175,718967
CUW,CTG,200,455,1847678
CUW,CTG,43,197,808947
CUW,CTG,10,70,284258
CUW,CTG,60,508,2144822
CUW,CTG,5,5,21246
CUW,CTG,11664,13762,58048469
CUW,CTG,2160,180,758795
CUW,CTG,140,180,759257
CUW,CTG,300,1139,4809219
CUW,CTG,9720,11340,47814067
CUW,CTG,9504,7882,33243520
CUW,CTG,1343,534,2249667
CUW,CTG,525,508,2142931
CUW,CTG,20,29,120182
CUW,CTG,160,908,3829108
CUW,CTG,300,331,1395352
CUW,CTG,700,772,3257858
CUW,CTG,10,20,84428
CUW,CTG,20,200,842794
CUW,CTG,500,3600,15185132
CUW,CTG,1100,975,4115113
CUW,CTG,2580,2424,10222099
CUW,CTG,600,2254,9511734
CUW,CTG,500,800,3376296
CUW,CTG,200,185,779584
CUW,CTG,800,852,3595285
CUW,CTG,700,877,3699678
CUW,CTG,10,8,33712
CUW,CTG,100,2000,8427940
CUW,CTG,220,175,737445
CUW,CTG,756,807,3401938
CUW,CTG,6804,9055,38156318
CUW,CTG,60,100,421397
CUW,CTG,300,675,2844430
CUW,CTG,3240,5076,21390112
CUW,CTG,3000,5000,21071536
CUW,CTG,918,264,1110802
CUW,CTG,120,390,1643448
CUW,CTG,300,298,1256606
CUW,CTG,40,100,421397
CUW,CTG,1000,29,120182
CUW,CTG,60,357,1504387
CUW,CTG,200,186,781691
CUW,CTG,700,3375,14222149
CUW,CTG,10,12,52675
CUW,CTG,100,2000,8442780
CUW,CTG,1500,722,3045733
CUW,CTG,500,945,3989214
CUW,CTG,400,220,928706
CUW,CTG,220,185,780957
CUW,CTG,2360,698,2945686
CUW,CTG,1000,111,468574
CUW,CTG,13608,14740,62158805
CUW,CTG,160,180,759108
CUW,CTG,8640,10611,44742083
CUW,CTG,7752,8733,36838371
CUW,CTG,1428,725,3057152
CUW,CTG,200,800,3371176
CUW,CTG,600,611,2578008
CUW,CTG,500,1442,6088298
CUW,CTG,180,600,2530163
CUW,CTG,400,548,2309857
CUW,CTG,700,938,3957553
CUW,CTG,10,18,74803
CUW,CTG,600,2400,10113528
CUW,CTG,100,85,358187
CUW,CTG,200,315,1327401
CUW,CTG,200,220,927073
CUW,CTG,200,175,737445
CUW,CTG,700,525,2212334
CUW,CTG,600,684,2882355
CUW,CTG,643,643,2709583
CUW,CTG,15,19,79012
CUW,CTG,300,1867,7864021
CUW,CTG,15552,18827,79306884
CUW,CTG,4320,3480,14658489
CUW,CTG,50,448,1887200
CUW,CTG,518,6894,30241459
CUW,CTG,777,10341,45362188
CUW,CTG,50000,43105,179098689
CHL,CTG,437688,75510,318196369
CHL,CTG,13420,3415,14390708
CHL,CTG,233600,160020,676724244
CHL,CTG,718910,159671,682467031
CHL,CTG,3000,1020,4474393
CHL,CTG,105,1164,5106072
CHL,CTG,18200,12307,51528862
CHL,CTG,7800,9890,41411204
CHL,CTG,432544,75726,319106418
CHL,CTG,33640,8530,35945164
CHL,CTG,14000,32971,144631865
CHL,CTG,18400,38730,169896833
CHL,CTG,77,720,3047018
CHL,CTG,14000,32958,139702662
CHL,CTG,73600,151583,628934527
CHL,CTG,201120,13994,61385648
CHL,CTG,10240,1205,5287768
CHL,CTG,1000,95,416733
CHL,CTG,34500,69031,284449118
CHL,CTG,2000,8042,33137202
CHL,CTG,800,3120,13143000
CHL,CTG,442,4018,17073635
CHL,CTG,9230,38805,164909997
CHL,CTG,69400,91258,400315888
CHL,CTG,21365,20902,88826036
CHL,CTG,2419,18717,79209782
CHL,CTG,2448,4382,18500861
CHL,CTG,13320,22349,94358645
CHL,CTG,5508,16769,70799383
CHL,CTG,1,15267,64914915
CHL,CTG,4,3700,15723927
CHL,CTG,148300,8184,34635670
CHL,CTG,45000,2737,11583621
CHL,CTG,237000,5974,25283058
CHL,CTG,19177,118846,502791668
CHL,CTG,25,336,1427664
CHL,CTG,914,72,305928
CHL,CTG,116,45,191205
CHL,CTG,2339200,75102,319712522
CHL,CTG,191800,1483,6256135
CHL,CTG,1880220,38431,163833417
CHL,CTG,30000,1539,6537469
CHL,CTG,37500,41477,177595804
CHL,CTG,269500,330854,1378579745
CHL,CTG,1500,1148,4652054
CHL,CTG,130,6000,25283820
CHL,CTG,45,292,1228709
CHL,CTG,896620,50739,211760026
CHL,CTG,1011400,8235,34355502
CHL,CTG,5500,246,1036847
CHL,CTG,1821500,19861,82709514
CHL,CTG,22500,29056,126664547
CHL,CTG,4469,25448,107237867
CHL,CTG,40191,246011,1054449217
CHL,CTG,4891,22262,93211845
CHL,CTG,22919,129641,544368196
CHL,CTG,26000,24310,102767851
CHL,CTG,60000,94248,398640255
CHL,CTG,246000,220072,930806185
CHL,CTG,11000,24507,103600224
CHL,CTG,369800,13281,56143544
CHL,CTG,3000,4516,19143367
CHL,CTG,24000,37295,158087190
CHL,CTG,7907,36742,155323609
CHL,CTG,12400,38812,163840589
CHL,CTG,6477,40400,170788374
CHL,CTG,22000,36997,156400748
CHL,CTG,26000,24050,101746170
CHL,CTG,25500,31073,132029177
CHL,CTG,3183,15819,66945237
CHL,CTG,18865,94158,398472435
CHL,CTG,1971,9762,41310460
CHL,CTG,3093,15701,64698349
CHL,CTG,20888,106288,437973200
CHL,CTG,6844,34072,144597110
CHL,CTG,37367,186512,791514535
CHL,CTG,3794,18824,79891280
CHL,CTG,3337,16920,71424610
CHL,CTG,18566,94397,398485876
CHL,CTG,2110,10681,45088624
CHL,CTG,4115,21291,89893996
CHL,CTG,8960,46421,195994062
CHL,CTG,10910,56537,238703500
CHL,CTG,3341,16941,71528411
CHL,CTG,18566,94395,398545790
CHL,CTG,2091,10585,44689134
CHL,CTG,3294,17029,70171851
CHL,CTG,18664,96760,398710985
CHL,CTG,2071,10685,44030061
CHL,CTG,12000,1440,6316790
CHL,CTG,28300,29008,123273463
CHL,CTG,3897,12938,53312746
CHL,CTG,3236,16409,69267269
CHL,CTG,18426,93690,395500552
CHL,CTG,2392,12113,51133402
CHL,CTG,2752,13161,55105071
CHL,CTG,108,698,2924208
CHL,CTG,606,10891,45601396
CHN,CTG,3021,39822,165459724
CHN,CTG,22631,302865,1278512084
CHN,CTG,9909,20206,85418854
CHN,CTG,198620,45467,199450025
CHN,CTG,70,35010,147815371
CHN,CTG,24000,271982,1149776101
CHN,CTG,60,29955,126472706
CHN,CTG,21000,32865,139643385
CHN,CTG,156320,30373,127991501
CHN,CTG,1,2575,10943003
CHN,CTG,228,88908,366354105
CHN,CTG,67,55544,234510078
CHN,CTG,514194,2050230,8673723921
CHN,CTG,1575299,1833700,7677722247
CHN,CTG,3837707,10265436,43230403237
CHN,CTG,56,46272,195366660
CHN,CTG,237740,59435,244909050
CHN,CTG,403982,100188,420393769
CHN,CTG,234986,57572,237230563
CHN,CTG,228,88770,375552265
CHN,CTG,341,133009,583464032
CHN,CTG,342,133202,561309906
CHN,CTG,203464,51348,217304380
CHN,CTG,103118,26326,111376223
CHN,CTG,310097,79424,336082531
CHN,CTG,2,26100,110633985
CHN,CTG,239656,61915,256418129
CHN,CTG,43,13391,58740229
CHN,CVE,294650,147610756,647518000000
CHN,MAM,57350830,4152412,17110511359
TWN,CTG,2000,16580,70448420
TWN,CTG,505,5050,21371448
TWN,CTG,1,5000,21245000
TWN,CTG,8000,35600,150017332
TWN,CTG,168440,707494,2993130514
DNK,CTG,1216,3884,15745534
DNK,CTG,1216,3906,16461157
DNK,CTG,300,3896,16556190
DNK,CTG,172,1617,6870421
DNK,CTG,568,9801,41650388
DNK,CTG,1216,3877,17006905
DNK,CTG,1216,3914,16126170
DMA,CTG,3240,12360,52250540
DMA,CTG,3976,4484,18955617
DMA,CTG,2445,6762,28585611
DMA,CTG,829,2688,11363224
DMA,CTG,4208,11833,50023551
DMA,CTG,487,15902,67224548
DMA,CTG,65,713,3013284
DMA,CTG,60,231,976527
DMA,CTG,240,936,3956837
DMA,CTG,4,0,1057
DMA,CTG,19,21,88775
DMA,CTG,966,32740,137919314
DMA,CTG,18,522,2198925
DMA,CTG,70,568,2393753
DMA,CTG,103,1928,8122290
DMA,CTG,102,1617,6812497
DMA,CTG,4577,13169,55472517
DMA,CTG,2312,6572,27683960
ECU,CTG,7,14011,61077897
ECU,CTG,10,947,4130008
ECU,CTG,2476,15101,66242997
ECU,CTG,3738,26793,117531123
ECU,CTG,4829,105394,446748764
ECU,CTG,15487,123921,540219464
ECU,CTG,14110,32590,137919268
ECU,CTG,19872,177813,755527437
ECU,CTG,3148,63951,271728649
ECU,CTG,14127,91250,387719423
ECU,CTG,7616,48222,204895915
ECU,CTG,9282,527109,2237513398
ECU,CTG,3328,133909,567619826
ECU,CTG,2080,83693,354762412
ECU,CTG,3084,150986,641539514
ECU,CTG,12409,37582,158315776
ECU,CTG,9000,14998,63727012
ECU,CTG,41000,35952,152776688
ECU,CTG,572000,494828,2102875500
ECU,CTG,17600,27640,116845060
ECU,CTG,28728,8191,34829167
ECU,CTG,100842,208065,878990005
ECU,CTG,76000,70192,298295644
ECU,CTG,41,103,427271
ECU,CTG,7590,23000,95258758
ECU,CTG,88700,9800,41126873
ECU,CTG,472000,4490,18975667
ECU,CTG,4859160,53134,222274915
ECU,CTG,62400,110719,485688407
ECU,CTG,444500,472893,1987955072
ECU,CTG,166750,215743,912619982
ECU,CTG,58127,308840,1290818599
ECU,CTG,21768,112428,493183937
ECU,CTG,105511,311722,1311306024
ECU,CTG,300000,232457,1019708771
ECU,CTG,54,126509,534133228
ECU,CTG,552000,255024,1083778043
ECU,CTG,792000,357192,1517962414
ECU,CTG,2621,99919,418362690
ECU,CTG,360,1819,7730843
ECU,CTG,6000,19524,82958241
ECU,CTG,31500,100499,427224685
ECU,CTG,3083,15388,65115910
ECU,CTG,33308,94990,403612298
ECU,CTG,1,58550,248959870
ECU,CTG,27000,28711,122081756
ECU,CTG,15,27,118440
ECU,CTG,49,0,877
ECU,CTG,3000,20661,87343373
ECU,CTG,11500,22379,94604761
ECU,CTG,192000,205503,869634016
ECU,CTG,1738000,1444607,6137627543
ECU,CTG,20000,30956,131532044
ECU,CTG,4250,17292,73098971
ECU,CTG,2800,6430,27181103
ECU,CTG,23600,40753,165491005
ECU,CTG,11390,83073,351181251
ECU,CTG,25284,61740,270832301
ECU,CTG,211920,132239,555606588
ECU,CTG,17305,915223,3771284550
ECU,CTG,8800,44147,187580816
ECU,CTG,1224,5232,22229196
ECU,CTG,7500,23707,100729258
ECU,CTG,908,3418,14522657
ECU,CTG,1169,3430,13928647
ECU,CTG,7978,14274,60265015
ECU,CTG,20474,91706,372400811
ECU,CTG,4319,11620,47186804
ECU,CTG,58613,127384,535206899
ECU,CTG,8760,35400,149812542
ECU,CTG,37250,5173,21891473
ECU,CTG,90000,1363,5767667
ECU,CTG,1154790,18487,78238291
ECU,CTG,436700,15766,66723355
ECU,CTG,39744,355626,1536082054
ECU,CTG,221000,244786,1055166593
ECU,CTG,35750,44506,195234094
ECU,CTG,19303,89667,393340616
ECU,CTG,93782,282713,1240163966
ECU,CTG,26,52332,221467031
ECU,CTG,414,21280,93347116
ECU,CTG,10000,72089,316228880
ECU,CTG,7762,68351,299830624
ECU,CTG,28800,369961,1622893383
ECU,CTG,2060,41912,183852510
ECU,CTG,4643,261300,1111071457
ECU,CTG,8080,8973,39362641
ECU,CTG,14012,73424,322085027
ECU,CTG,3000,5311,23298999
ECU,CTG,4800,15289,67066109
ECU,CTG,143,973,4268176
ECU,CTG,19299,790215,3335806881
ECU,CTG,10863,70154,307741351
ECU,CTG,10445,66122,290053899
ECU,CTG,66000,26928,114417072
ECU,CTG,11,765,3355883
ECU,CTG,1221000,1056220,4488628696
ECU,CTG,12000,23531,99474714
ECU,CTG,4202,13102,55209623
ECU,CTG,58275,2931,12351820
ECU,CTG,86000,1100,4636041
ECU,CTG,2359880,29775,125471420
ECU,CTG,178750,226563,951912292
ECU,CTG,16454,93961,396644675
ECU,CTG,1397,7650,32293591
ECU,CTG,1584,6960,29380832
ECU,CTG,3,160776,662496801
ECU,CTG,572000,492404,2092574203
ECU,CTG,58200,2155,9081906
ECU,CTG,456200,9309,39227510
ECU,CTG,1397,7465,31514745
ECU,CTG,18012,60000,253283400
ECU,CTG,19500,62970,259475441
ECU,CTG,37,268,1089886
ECU,CTG,1002,24874,101008598
ECU,IPI,1003007,2404125,10291701499
ECU,IPI,113869,259509,1093183432
ECU,PUU,244380,613293,2588248208
EGY,CTG,1,6000,25494000
EGY,CTG,23000,29440,124298330
EGY,CTG,30,38508,167872822
EGY,CTG,19232,82783,350903745
EGY,CTG,27440,32873,144201578
EGY,CTG,11717,82434,342509487
EGY,CTG,1046,6803,28264935
EGY,CTG,27480,32929,144447318
EGY,CVE,39745,17576793,74505389432
EGY,MAM,30083,13135407,54126022276
SLV,CTG,912,5328,21598433
SLV,CTG,325,1895,7682037
SLV,CTG,2761,23232,94176952
SLV,CTG,1408,8465,34316700
SLV,CTG,1264,7991,32392785
SLV,CTG,718,8040,33407546
SLV,CTG,6,69900,297154138
SLV,CTG,3,67122,292611647
SLV,CTG,2,35066,146821693
SLV,CTG,92120,10318,42869424
SLV,CTG,62,7968,33105772
SLV,CTG,92,389,1616479
SLV,CTG,120,8340,34539319
SLV,CTG,85,12406,51377214
SLV,CTG,36,27584,114238779
SLV,CTG,4,1,4155
SLV,CTG,100,1,4155
SLV,CTG,1519,41918,183880014
SLV,CTG,1525,8511,35979443
SLV,CTG,78840,108146,461104461
SLV,CTG,1169,14551,61435632
SLV,CTG,96410,184799,783461349
SLV,CTG,8,1221,5155172
SLV,CTG,500,6756,28558133
SLV,CTG,1161,10211,43085141
SLV,CTG,877,7192,30125526
SLV,CTG,1587,7366,31149294
SLV,CTG,1898,6699,29385577
SLV,CTG,196,928,3918100
SLV,CTG,6,136,573360
SLV,CTG,232,3899,17102885
SLV,CTG,2,173,730422
SLV,CTG,52257,8087,32781419
SLV,CTG,33200,6321,27728736
SLV,CTG,273,3292,13899120
SLV,CTG,24,26,108086
SLV,CTG,36518,78310,333862016
SLV,CTG,2380,6042,25452936
SLV,CTG,0,3,12666
SLV,CTG,557,19345,81676331
SLV,CTG,55,2306,9736140
SLV,CTG,17,754,3181767
SLV,CTG,63,21,88664
SLV,CTG,158,248,1048767
SLV,CTG,8167,26549,116460340
SLV,CTG,100,403,1702920
SLV,CTG,34,394,1662237
SLV,CTG,300,5196,21967590
SLV,CTG,204,1520,6426816
SLV,CTG,8114,55451,234412411
SLV,CTG,3885,3458,14616835
SLV,CTG,448,7739,32676021
SLV,CTG,1,18065,76756613
SLV,CTG,200,700,2955463
SLV,CTG,1,14,59109
SLV,CTG,2266,74179,313822419
SLV,CTG,4743,19956,86998279
SLV,CTG,230109,115986,480348190
SLV,CTG,948,12160,51338672
SLV,CTG,231,46607,200637357
SLV,CTG,1189,261423,1102327431
SLV,CTG,188,48523,205276295
SLV,CTG,216,31128,130332242
SLV,CTG,5,2,7411
SLV,CTG,5,28,120633
SLV,CTG,5,18,78083
SLV,CTG,9,9,39085
SLV,CTG,6,241,1055606
SLV,CTG,8,289,1267569
SLV,CTG,2,2,8159
SLV,CTG,19,153,670984
SLV,CTG,12,89,388483
SLV,CTG,27,21,90716
SLV,CTG,2,4,17634
SLV,CTG,12,28,124406
SLV,CTG,6,17,76240
SLV,CTG,6,5,20793
SLV,CTG,5,17,73257
SLV,CTG,37045,22852,94640290
SLV,CTG,23,1215,4925318
SLV,CTG,325,8597,34851796
SLV,CTG,1060,4026,17119722
SLV,CTG,139366,36070,157242381
SLV,CTG,790,6449,26794211
SLV,CTG,710,4495,19102446
SLV,CTG,1158,16981,72162328
SLV,CTG,7452,22416,98330362
SLV,CTG,21820,4278,18188400
SLV,CTG,3,11,46435
SLV,CTG,16000,11968,52499547
SLV,CTG,21,6,25328
SLV,CTG,30,24,101313
SLV,CTG,88,134,563556
SLV,CTG,55,2479,10050041
SLV,CTG,1,21,84399
SLV,CTG,300,80,335600
SLV,CTG,243,138,582552
SLV,CTG,256,992,4187619
SLV,CTG,132,132,557223
SLV,CTG,2957,4317,18186289
SLV,CTG,9842,1228,5386204
SLV,CTG,1589,1655,7258168
SLV,CTG,28,329,1443211
SLV,CTG,3,12,52767
SLV,CTG,13,6,27439
SLV,CTG,67,34,141417
SLV,CTG,18,88,371482
SLV,CTG,523,617,2604598
SLV,CTG,6,30,126642
SLV,CTG,5,8,33771
SLV,CTG,1,5,21107
SLV,CTG,1,9,36304
SLV,CTG,570,377,1590704
SLV,CTG,60,139,587195
SLV,CTG,32199,3960,16716282
SLV,CTG,69,69,291276
SLV,CTG,45,83,350375
SLV,CTG,10,193,813462
SLV,CTG,96,1539,6238737
SLV,CTG,2,14,59099
SLV,CTG,1,65,274390
SLV,CTG,152,760,3333862
SLV,CTG,9,14,56989
SLV,CTG,161,226,956145
SLV,CTG,84,44,183630
SLV,CTG,17,340,1435273
SLV,CTG,62,125,527674
SLV,CTG,92,53,223734
SLV,CTG,1,5,21107
SLV,CTG,5,2560,10806758
SLV,CTG,26,90,382036
SLV,CTG,300,720,3039401
SLV,CTG,2,4,16886
SLV,CTG,1,2,8443
SLV,CTG,1,116000,489681240
SLV,CTG,8,16,67542
SLV,CTG,1,640,2701690
SLV,CTG,1,10,42214
SLV,CTG,17,42,179409
SLV,CTG,5,54,227955
SLV,CTG,1,3,12664
SLV,CTG,19,86,363040
SLV,CTG,8,14,59099
SLV,CTG,2,16,67542
SLV,CTG,1,25,105535
SLV,CTG,10,30,126642
SLV,CTG,1,5,21107
SLV,CTG,2,2970,12537528
SLV,CTG,1,10,42214
SLV,CTG,17,85,358818
SLV,CTG,8,10,40103
SLV,CTG,1,3,12664
SLV,CTG,31,155,654315
SLV,CTG,5,9200,38836788
SLV,CTG,18780,72405,313699727
SLV,CTG,480,276,1117419
SLV,CTG,2784,7867,34342461
SLV,CTG,2520,2405,10154971
SLV,CTG,60,430,1741495
SLV,CTG,220,3354,13596311
SLV,CTG,12,60,253283
SLV,CTG,1,3,12664
SLV,CTG,20,2576,10874301
SLV,CTG,85,82,348265
SLV,CTG,53,221,957318
SLV,CTG,1,2,8443
SLV,CTG,2,24,101313
SLV,CTG,3,0,1266
SLV,CTG,10,10,42214
SLV,CTG,133,492,2076924
SLV,CTG,1,3600,15197004
SLV,CTG,117,67,282833
SLV,CTG,22,131,553002
SLV,CTG,11,54,227955
SLV,CTG,4420,18214,77206795
SLV,CTG,1425,1374,5823756
SLV,CTG,59,1107,4854717
SLV,CTG,110,504,2212193
SLV,CTG,5,115,504466
SLV,CTG,60,463,2029269
SLV,CTG,18,1282,5445773
SLV,CTG,100,521,2215161
SLV,CTG,125,1186,5041218
SLV,CTG,90,1714,7286128
SLV,CTG,1,10475,44508275
SLV,CTG,1953,3600,15297724
SLV,CTG,1166,9857,41702307
SLV,CTG,12000,31676,133905030
SLV,CTG,94550,9511,39389721
SLV,CTG,1920,113,468603
SLV,CTG,307500,9101,37692894
SLV,CTG,42400,36415,153831828
SLV,CTG,48000,56365,238456556
SLV,CTG,72000,93685,397522896
SLV,CTG,1421,3204,13968956
SLV,CTG,70315,178366,771062801
SLV,CTG,2,106012,447517617
SLV,CTG,360,46222,195546452
SLV,CTG,12779,55659,235470845
SLV,CTG,18378,73515,322483687
SLV,CTG,21600,74518,326883726
SLV,CTG,123798,9131,38601947
SLV,CTG,8324,332,1405015
SLV,CTG,160000,10961,46337690
SLV,CTG,132590,3827,16177630
SLV,CTG,134800,7234,30581785
SLV,CTG,145940,13817,58474780
SLV,CTG,143768,6485,27445764
SLV,CTG,19000,71051,288524936
SLV,CTG,59830,78884,333945945
SLV,CTG,2400,9481,40290906
SLV,CTG,5105,20420,86778313
SLV,CTG,6160,25499,103548728
SLV,CTG,10800,37260,158342622
SLV,CTG,39,110,446400
SLV,CTG,3500,14821,60081061
SLV,CTG,20,62,251049
SLV,CTG,84,394,1595884
SLV,CTG,31268,49645,213611212
SLV,CTG,2253,7273,31356202
SLV,CTG,4631,35707,149507073
SLV,CTG,103,5078,21260213
SLV,CTG,173,4869,20387096
SLV,CTG,114,3441,14406999
SLV,CTG,2178,28168,117941121
SLV,CTG,28,86,362134
SLV,CTG,164,824,3448589
SLV,CTG,168,1096,4588670
SLV,CTG,214,1156,4839346
SLV,CTG,115,2592,10850846
SLV,CTG,35,2928,12258477
SLV,CTG,28,1059,4433792
SLV,CTG,257,6899,28885889
SLV,CTG,430,7843,32838636
SLV,CTG,288,770,3223914
SLV,CTG,517,4892,20482225
SLV,CTG,160,672,2812540
SLV,CTG,66,771,3229608
SLV,CTG,10,765,3204528
SLV,CTG,69,2056,8609749
SLV,CTG,31,679,2841975
SLV,CTG,1,34122,144404169
SLV,CTG,12241,55696,230662286
SLV,CTG,1633,8675,35927319
SLV,CTG,1224,38105,162160678
SLV,CTG,2860,13321,55775746
SLV,CTG,3000,24870,109096234
SLV,CTG,24000,26280,108289894
SLV,CTG,40,760,3208788
SLV,CTG,100,383,1680091
SLV,CTG,58,126,551754
SLV,CTG,25,2068,9072710
SLV,CTG,1779,29025,122547851
SLV,CTG,13269,59960,252583522
SLV,CTG,1612,1522,6413531
SLV,CTG,6133,29039,127382816
SLV,CTG,1019,12055,52882590
SLV,CTG,830,3585,15243743
SLV,CTG,3803,28186,118014101
SLV,CTG,180,6964,29158798
SLV,CTG,521,13558,56769198
SLV,CTG,87,2665,11158758
SLV,CTG,2842,35026,146655929
SLV,CTG,731,2322,9721944
SLV,CTG,150,788,3299992
SLV,CTG,146,711,2976922
SLV,CTG,449,1883,7883093
SLV,CTG,913,5283,22119262
SLV,CTG,297,6484,27147484
SLV,CTG,1814,2799,11718687
SLV,CTG,814,12588,52704198
SLV,CTG,273,1168,4888544
SLV,CTG,126,1519,6361450
SLV,CTG,43,1019,4265558
SLV,CTG,22,361,1511092
SLV,CTG,4,93840,395438945
SLV,CTG,2281,8988,38026415
SLV,CTG,4000,41364,174994952
SLV,CTG,95,3612,15122475
SLV,CTG,94,2885,12079524
SLV,CTG,11,255,1066599
SLV,CTG,669,5382,22534237
SLV,CTG,163,167,697263
SLV,CTG,3926,35181,147301733
SLV,CTG,46,2062,8633950
SLV,CTG,29,1337,5596693
SLV,CTG,39,1156,4841858
SLV,CTG,1769,10452,43761749
SLV,CTG,262,943,3948099
SLV,CTG,58,420,1760219
SLV,CTG,10,61,254821
SLV,CTG,208,1156,4839346
SLV,CTG,1060,10939,45803587
SLV,CTG,5,187,782092
SLV,CTG,240,1174,4914503
SLV,CTG,312,3943,16510637
SLV,CTG,398,869,3640270
SLV,CTG,225,1644,6883151
SLV,CTG,86,365,1528133
SLV,CTG,18,181,758226
SLV,CTG,31,772,3234088
SLV,CTG,6,155,649196
SLV,CTG,107,2283,9557897
SLV,CTG,3264,24480,102251693
SLV,CTG,16528,77394,324003783
SLV,CTG,7656,23638,99803072
SLV,CTG,5767,30798,131467671
SLV,CTG,4182,22572,93010099
SLV,CTG,2,62,261337
SLV,CTG,3,1484,6272601
SLV,CTG,12,2954,11995642
SLV,CTG,41,17055,70850836
SLV,CTG,18,8144,33784770
SLV,CTG,6,4019,16988232
SLV,CTG,1,3400,14374648
SLV,CTG,27,22755,95241807
SLV,CTG,505,14754,64318936
SLV,CTG,21,4368,19040421
SLV,CTG,6,1987,8659992
SLV,CTG,28,4359,19004499
SLV,CTG,17840,523498,2282136658
SLV,CTG,4962,16198,68877395
SLV,CTG,5405,16057,68275554
SLV,CTG,1151,4120,17520227
SLV,CTG,9788,16494,70132782
SLV,CTG,401,1593,6774642
SLV,CTG,61,454,1931724
SLV,CTG,1084,6189,26130431
SLV,CTG,213,943,4011719
SLV,CTG,270,3876,16479102
SLV,CTG,1922,6260,26619784
SLV,CTG,930,1370,5825066
SLV,CTG,727,2662,11320722
SLV,CTG,2770,11320,47792792
SLV,CTG,10,120,505300
SLV,CTG,10,1251,5283481
SLV,CTG,2082,9375,38631760
SLV,CTG,6382,18387,75765799
SLV,CTG,1444,5002,20609981
SLV,CTG,7312,11991,49411096
SLV,CTG,942,3201,13189569
SLV,CTG,12,173,711260
SLV,CTG,80,1241,5115379
SLV,CTG,120,247,1017752
SLV,CTG,21,170,700011
SLV,CTG,213,942,3879852
SLV,CTG,169,2153,8873467
SLV,CTG,3159,8849,36463778
SLV,CTG,390,653,2690435
SLV,CTG,951,3387,13957034
ARE,CTG,4742,38753,163824552
ARE,CTG,5891,27157,114804498
ARE,CTG,14863,80681,341069757
ARE,CTG,8434,164495,694511259
ARE,CTG,40,311,1311550
ARE,CTG,101,5097,21471871
ARE,CTG,89,2272,9569958
ARE,CTG,1045,19378,81629193
ARE,CTG,54,1165,4908110
ARE,CTG,252,1570,6614341
ARE,CTG,301,1257,5293048
ARE,CTG,10,25,105312
ARE,CTG,165,30,126375
ARE,CTG,9,3098,12764156
ARE,CTG,7,1011,4166565
ARE,CTG,92,5308,21873240
ARE,CTG,0,14,55917
ARE,CTG,11,634,2613421
ARE,CTG,21,1185,4883017
ARE,CTG,1,346,1424704
ARE,CTG,1,48749,200875115
ARE,CTG,13,10387,42800385
ARE,CTG,6,365,1505963
ARE,CTG,3,217,892938
ARE,CTG,3,532,2193447
ARE,CTG,13,9371,38612558
ARE,CTG,1771,11288,47998017
ARE,CTG,1771,811,3450146
ARE,CTG,1771,112895,480038978
ARE,CTG,1771,6406,27236805
ARE,CTG,15931,268610,1138598473
ARE,CTG,704,12538,53147719
ESP,CTG,48000,51206,216198029
ESP,CTG,20000,27628,111999308
ESP,CTG,45264,59050,243322364
ESP,CTG,48000,50995,215306324
ESP,CTG,555552,556399,2333826809
ESP,CTG,11400,56957,249849502
ESP,CTG,22091,58622,242778578
ESP,CTG,14941,71644,296709936
ESP,CTG,131040,23422,99197571
ESP,CTG,57567,225087,957090054
ESP,CTG,25600,17418,74010102
ESP,CTG,1037,10512,46112570
ESP,CTG,36512,103284,440407624
ESP,CTG,20714,54829,235922338
ESP,CTG,19170,38464,162027915
ESP,CTG,972,2430,10659584
ESP,CTG,972,2333,9473104
ESP,CTG,5149,14393,62230893
ESP,CTG,32158,122804,516443945
ESP,CTG,42657,49909,210983497
ESP,CTG,1216,4382,17765441
ESP,CTG,292,1619,6564335
ESP,CTG,318,2352,9534444
ESP,CTG,3816,3176,13301189
ESP,CTG,316,636,2693789
ESP,CTG,743,12346,54155950
ESP,CTG,896,9060,38172996
ESP,CTG,375,1337,5419877
ESP,CTG,8495,44388,194715941
ESP,CTG,1256,13642,59474010
ESP,CTG,796,7353,32255330
ESP,CTG,800,9697,39882464
ESP,CTG,429,4940,20119868
ESP,CTG,200,959,4064209
ESP,CTG,2151,22033,91268595
ESP,CTG,1023,3400,14139787
ESP,CTG,61,1210,4903428
ESP,CTG,768,2850,11797379
ESP,CTG,216,914,3872401
ESP,CTG,11330,13151,54868688
ESP,CTG,40,2,8108
ESP,CTG,78409,333772,1388324900
ESP,CTG,21038,144112,605489841
ESP,CTG,22572,26303,115380651
ESP,CTG,176256,179030,754964431
ESP,CTG,15000,29351,119190152
ESP,CTG,1000,15400,62537229
ESP,CTG,1500,5274,22263611
ESP,CTG,24000,52200,221959098
ESP,CTG,1216,4359,17962195
ESP,CTG,292,1611,6638236
ESP,CTG,25600,17031,70761952
ESP,CTG,518,846,3569185
ESP,CTG,21385,40432,170677552
ESP,CTG,155,2047,8641185
ESP,CTG,964,6275,26489222
ESP,CTG,2946,23029,97615120
ESP,CTG,11848,19298,81466073
ESP,CTG,8000,11846,48105567
ESP,CTG,30000,24390,106325504
ESP,CTG,131,10774,45668819
ESP,CTG,2880,4056,17121958
ESP,CTG,140,1376,5834141
ESP,CTG,25600,17418,72371742
ESP,CTG,8,5,22805
ESP,CTG,3,3,13649
ESP,CTG,41891,102273,415311277
ESP,CTG,3425,11132,46771852
ESP,CTG,21618,32187,136784566
ESP,CTG,2330,6890,28946861
ESP,CTG,11652,42207,177332254
ESP,CTG,102672,98208,430805105
ESP,CTG,60904,157346,665883213
ESP,CTG,24000,184260,765589660
ESP,CTG,24000,184260,765589660
ESP,CTG,24000,173344,720232673
ESP,CTG,48000,366574,1523092726
ESP,CTG,48000,353876,1470332966
ESP,CTG,1781,10574,44634867
ESP,CTG,5734,9794,41342605
ESP,CTG,8934,20302,85704770
ESP,CTG,180,90,379925
ESP,CTG,169,24805,102657417
ESP,CTG,79200,11088,47000369
ESP,CTG,2074760,354454,1500520098
ESP,CTG,210236,358063,1553671479
ESP,CTG,25577,249776,1072276301
ESP,CTG,2409140,405057,1711699750
ESP,CTG,1126,43620,191345364
ESP,CTG,2592,5874,24829956
ESP,CTG,17280,18664,78898908
ESP,CTG,96344,367239,1561535235
ESP,CTG,41000,41000,171667410
ESP,CTG,187,269,1125468
ESP,CTG,2000,4894,20711473
ESP,CTG,13528,23780,100637601
ESP,CTG,2022,5321,22277238
ESP,CTG,804,1479,6194095
ESP,CTG,2657,5853,24506067
ESP,CTG,21122,71494,296372871
ESP,CTG,3,99,414514
ESP,CTG,9205,28994,122700850
ESP,CTG,17418,157689,649776900
ESP,CTG,21792,31300,132676005
ESP,CTG,4198,23814,96704565
ESP,CTG,73230,12241,53698289
ESP,CTG,315,3895,17085163
ESP,CTG,1152,16202,71071262
ESP,CTG,44,3283,14401273
ESP,CTG,750,5730,24188565
ESP,CTG,79,2005,8795078
ESP,CTG,1094,9181,40272127
ESP,CTG,1735,19414,85163933
ESP,CTG,600,3744,15804884
ESP,CTG,11850,20235,85419827
ESP,CTG,106,861,3635123
ESP,CTG,216,6524,27542037
ESP,CTG,180,921,4039851
ESP,CTG,1934,8301,35040492
ESP,CTG,16344,96262,402309297
ESP,CTG,1740,13776,58154375
ESP,CTG,370,2352,9928709
ESP,CTG,1315,8419,35833112
ESP,CTG,552,4929,21081366
ESP,CTG,1134,10725,47047323
ESP,CTG,1347,6778,29095404
ESP,CTG,3306,29775,130612187
ESP,CTG,363,5011,21983483
ESP,CTG,451,4304,18878298
ESP,CTG,5,1494,6155176
ESP,CTG,36000,3600,15235092
ESP,CTG,32400,4698,19790325
ESP,CTG,19182,108241,456928784
ESP,CTG,1,5000,21260450
ESP,CTG,1614,5948,25066295
ESP,CTG,64,1368,5763110
ESP,CTG,678,2319,9770848
ESP,CTG,210,9292,38290861
ESP,CTG,140,5917,25081699
ESP,CTG,20000,26885,113492070
ESP,CTG,540,1150,4832600
ESP,CTG,184,680,2857040
ESP,CTG,396,729,3061403
ESP,CTG,3012,6069,25497573
ESP,CTG,24631,86962,366035704
ESP,CTG,207,2806,11893535
ESP,CTG,2172,12776,54155548
ESP,CTG,430,6819,28904082
ESP,CTG,1080,5507,23247364
ESP,CTG,6,4335,18302760
ESP,CTG,7234,35244,145228738
ESP,CTG,10219,29180,128001774
ESP,CTG,55670,178641,768960099
ESP,CTG,19900,83795,356104110
ESP,CTG,24500,38360,163018876
ESP,CTG,12672,20800,87620000
ESP,CTG,10608,16489,69459912
ESP,CTG,16570,48762,201942546
ESP,CTG,21657,42935,181641494
ESP,CTG,318,160,679824
ESP,CTG,20016,114447,485124726
ESP,CTG,23932,113606,477320698
ESP,CTG,24000,108000,457795800
ESP,CTG,20786,43464,182615846
ESP,CTG,21607,110426,462355185
ESP,CTG,24750,31582,128249133
ESP,CTG,20124,45081,183064531
ESP,CTG,39616,197863,815318235
ESP,CTG,10,2,6416
ESP,CTG,22296,98266,416536106
ESP,CTG,19281,52213,229041337
ESP,CTG,22,3,13906
ESP,CTG,40000,48870,202390627
ESP,CTG,20000,24536,106963982
ESP,CTG,96600,169340,719646316
ESP,CTG,19020,61044,267779273
ESP,CTG,1974,8074,35416401
ESP,CTG,361440,684519,2899722250
ESP,CTG,19182,77599,314567155
ESP,CTG,71680,119514,506172757
ESP,CTG,19918,131192,553906373
ESP,CTG,701,3406,14353119
ESP,CTG,2102,6204,26141447
ESP,CTG,701,1963,8272866
ESP,CTG,15480,48181,203035143
ESP,CTG,787,1883,7933051
ESP,CTG,696,8160,33078682
ESP,CTG,2520,16440,66643814
ESP,CTG,912,5632,22830776
ESP,CTG,1104,11168,45272392
ESP,CTG,630,3370,13661171
ESP,CTG,911,5416,21954759
ESP,CTG,320,2432,9858744
ESP,CTG,576,3000,12161280
ESP,CTG,1,9919,41878911
ESP,CTG,205920,30888,130717089
ESP,CTG,378000,64260,270695250
ESP,CTG,6000,900,3807548
ESP,CTG,3261146,467213,2000078099
ESP,CTG,36,27809,117647426
ESP,CTG,49150,15700,68870562
ESP,CTG,71880,8971,37755929
ESP,CTG,3669440,632656,2680087037
ESP,CTG,2800,784,3302600
ESP,CTG,236800,66240,279160850
ESP,CTG,12060,997,4145016
ESP,CTG,4032,56408,233608458
ESP,CTG,21792,33649,142633064
ESP,CTG,144,1825,7955469
ESP,CTG,242,1933,8424976
ESP,CTG,840,6475,28227114
ESP,CTG,1872,11424,49801786
ESP,CTG,582,7287,31768168
ESP,CTG,28523,41293,180012530
ESP,CTG,975,2333,10171788
ESP,CTG,69524,33797,140511781
ESP,CTG,6990,450,1895962
ESP,CTG,100,125,526157
ESP,CTG,3979,64482,271723149
ESP,CTG,13,793,3339698
ESP,CTG,47,2195,9247768
ESP,CTG,155,4042,17032951
ESP,CTG,144,978,3965388
ESP,CTG,181,2156,8741528
ESP,CTG,1620,8610,34904090
ESP,CTG,118,1722,6981791
ESP,CTG,46,360,1460326
ESP,CTG,323,2599,10536533
ESP,CTG,1652,10987,44540283
ESP,CTG,276,3812,15452122
ESP,CTG,521,4241,17192807
ESP,CTG,97,1252,5073483
ESP,CTG,92,984,3988778
ESP,CTG,217,1700,6893014
ESP,CTG,1020,976,3955659
ESP,CTG,90,702,2959260
ESP,CTG,2093,16260,68518520
ESP,CTG,99,766,3229671
ESP,CTG,201,1562,6583232
ESP,CTG,14,111,468931
ESP,CTG,8,62,260760
ESP,CTG,1091,8478,35726375
ESP,CTG,2532,19674,82903960
ESP,CTG,83,642,2704989
ESP,CTG,598,4647,19580254
ESP,CTG,39223,151810,643959233
ESP,CTG,138072,510666,2145073158
ESP,CTG,20000,23400,99028098
ESP,CTG,19251,77008,317320870
ESP,CTG,19235,82959,341840702
ESP,CTG,20293,101469,431213824
ESP,CTG,9,25,105552
ESP,CTG,995925,417493,1760939297
ESP,CTG,447150,195422,824952645
ESP,CTG,68400,60209,255828466
ESP,CTG,447400,435988,1852511312
ESP,CTG,32587,160206,670784543
ESP,CTG,20500,16400,71941224
ESP,CTG,23040,33548,147165030
ESP,CTG,309984,422676,1782707922
ESP,CTG,28000,28316,119701803
ESP,CTG,4819,9441,41414983
ESP,CTG,12580,57332,237436465
ESP,CTG,119328,160871,679099231
ESP,CTG,66825,96128,401007158
ESP,CTG,23971,35200,149207520
ESP,CTG,848,732536,3171418462
ESP,CTG,730,1708,7210007
ESP,CTG,2194,6159,25999414
ESP,CTG,5000,99,418677
ESP,CTG,15200,32160,132517491
ESP,CTG,133710,175803,737723364
ESP,CTG,188944,428269,1766135287
ESP,CTG,11491,17455,74166635
ESP,CTG,373,1429,5916695
ESP,CTG,4,223,979410
ESP,CTG,4648,4902,21505469
ESP,CTG,41,822,3606449
ESP,CTG,40,820,3596886
ESP,CTG,22,6177,27096969
ESP,CTG,40800,19873,83716866
ESP,CTG,100,104,454195
ESP,CTG,60,2304,10108400
ESP,CTG,60,645,2829834
ESP,CTG,28,309,1355873
ESP,CTG,726,27996,122806915
ESP,CTG,317,64546,283143023
ESP,CTG,28,6722,29485593
ESP,CTG,24360,11867,48898285
ESP,CTG,18464,11123,45832049
ESP,CTG,2182034,1911091,8029505497
ESP,CTG,18682,39767,168566687
ESP,CTG,94800,214912,906915866
ESP,CTG,116,429,1816602
ESP,CTG,31392,15170,63924071
ESP,CTG,48792,61932,260979253
ESP,CTG,23580,49387,208483181
ESP,CTG,8863,74695,316106999
SVK,CTG,44143,60862,257203422
SVK,CTG,20704,22153,93533142
SVN,CTG,76942,328057,1358626592
USA,CTG,86784,144408,624721703
USA,CTG,41576,172701,733929592
USA,CTG,928,11275,47916330
USA,CTG,25536,68777,299828198
USA,CTG,26,121159,515178717
USA,CTG,7836,66336,282068173
USA,CTG,840,8576,36467625
USA,CTG,23800,37800,155759436
USA,CTG,518819,2220021,9071788178
USA,CTG,15622,158294,694381081
USA,CTG,54480,202400,866117287
USA,CTG,864,2170,9218630
USA,CTG,490,2659,11296391
USA,CTG,22330,67294,284696108
USA,CTG,6080,13878,58985232
USA,CTG,136,896,3808294
USA,CTG,10438,23706,100790277
USA,CTG,81,577,2450228
USA,CTG,101,577,2450228
USA,CTG,3240,5848,25653188
USA,CTG,12958,48144,211191359
USA,CTG,612,7956,33805044
USA,CTG,18000,55300,242582298
USA,CTG,200,1101,4829713
USA,CTG,2319,31451,132485442
USA,CTG,8293,43720,185408524
USA,CTG,8956,59370,251462998
USA,CTG,1213,15757,66962128
USA,CTG,3167,35150,148069164
USA,CTG,678,16803,71051005
USA,CTG,1100,12720,52414575
USA,CTG,2158,34481,142081244
USA,CTG,13,3435,14596054
USA,CTG,4082,36402,159682802
USA,CTG,624,4330,18995642
USA,CTG,1,2867,12154351
USA,CTG,1,2248,9529020
USA,CTG,2,184,777871
USA,CTG,13793,68677,290238902
USA,CTG,192,24966,105655363
USA,CTG,7,49,207139
USA,CTG,79,10,42490
USA,CTG,79,22,93478
USA,CTG,7200,72,305928
USA,CTG,79,36,152964
USA,CTG,192,50,217969
USA,CTG,500,5,21245
USA,CTG,3000,6700,28233599
USA,CTG,3000,5730,24146048
USA,CTG,500,3500,14748895
USA,CTG,2000,12340,52000390
USA,CTG,1000,5200,21912644
USA,CTG,1618000,66881,281734949
USA,CTG,539145,31088,131563906
USA,CTG,1075,11192,47145373
USA,CTG,20010,98690,415732468
USA,CTG,10237,56386,237527921
USA,CTG,7730,42158,177590996
USA,CTG,7562,38901,163869283
USA,CTG,11833,177264,739458365
USA,CTG,3685300,219374,928385795
USA,CTG,71,243241,1031063088
USA,CTG,18275,767950,3241817844
USA,CTG,85,815,3439800
USA,CTG,3397,205186,883643970
USA,CTG,23800,39270,165773985
USA,CTG,25197,36762,155575300
USA,CTG,36320,106800,452709180
USA,CTG,24760,1104182,4661181587
USA,CTG,21600,97416,427330871
USA,CTG,4000,33800,142432186
USA,CTG,50,177,745873
USA,CTG,1300,5525,23282184
USA,CTG,50,552,2324004
USA,CTG,1,102,429614
USA,CTG,2,1010,4264026
USA,CTG,6,167,705798
USA,CTG,51,214,905021
USA,CTG,1,216,911819
USA,CTG,2,229,964451
USA,CTG,2,158,666187
USA,CTG,3,609,2564496
USA,CTG,7,785,3309736
USA,CTG,1,189,797831
USA,CTG,16584,35193,147862597
USA,CTG,3368,77374,327977331
USA,CTG,2446,54958,241084034
USA,CTG,10464,79930,350626962
USA,CTG,64,189,800295
USA,CTG,8415,199718,841313254
USA,CTG,285,8694,36853325
USA,CTG,642,2973,12601931
USA,CTG,70,2267,9403194
USA,CTG,1064,14880,63073410
USA,CTG,7216,63890,280265462
USA,CTG,3,94,394554
USA,CTG,2,91200,400063392
USA,CTG,54,34601,151782998
USA,CTG,2,4207,17728003
USA,CTG,4,19849,87069586
USA,CTG,24500,3150,13329351
USA,CTG,6,71,301637
USA,CTG,120,737,3123185
USA,CTG,10,58,247973
USA,CTG,2,19912,82733747
USA,CTG,1,4900,20359205
USA,CTG,1,7900,32824025
USA,CTG,4,324,1336317
USA,CTG,12,6799,28652383
USA,CTG,172,71914,304833634
USA,CTG,475,58218,246713848
USA,CTG,4,1581,6663340
USA,CTG,1337,67219,283757023
USA,CTG,18,5420,22839465
USA,CTG,640,10334,43592475
USA,CTG,192,1503,6244875
USA,CTG,1,603,2542583
USA,CTG,1,81,341922
USA,CTG,4,8812,38656213
USA,CTG,55208,18525,78397117
USA,CTG,25606,17440,76503219
USA,CTG,41400,25913,106777461
USA,CTG,20,42,175357
USA,CTG,21773,34875,146960560
USA,CTG,17975,44758,196337032
USA,CTG,8022,24430,106501014
USA,CTG,427965,32010,139543085
USA,CTG,55598,173406,755946727
USA,CTG,9682,42463,185114205
USA,CTG,18061,84440,368108913
USA,CTG,25347,174511,742036180
USA,CTG,23800,37100,157006087
USA,CTG,57671,221072,939334588
USA,CTG,86,2152,9380993
USA,CTG,12,47,206243
USA,CTG,2656,9228,40227410
USA,CTG,388,4107,17903271
USA,CTG,166,1351,5891337
USA,CTG,5386,8174,35633038
USA,CTG,1246,12970,56540241
USA,CTG,13,87,378745
USA,CTG,50,356,1550987
USA,CTG,311,4031,17574834
USA,CTG,1109,2785,12139185
USA,CTG,2218,6634,28921655
USA,CTG,8316,17835,77751207
USA,CTG,8818,32279,140717334
USA,CTG,330,2465,10746618
USA,CTG,127,826,3598772
USA,CTG,39,146,635601
USA,CTG,112,398,1734169
USA,CTG,432,1298,5656757
USA,CTG,0,6,27900
USA,CTG,15944,34118,141298054
USA,CTG,100,690,3007985
USA,CTG,120,672,2929517
USA,CTG,3150,60450,263525729
USA,CTG,2352,32189,140323855
USA,CTG,18465,85721,348097353
USA,CTG,1,5000,21136950
USA,CTG,43665,67273,279887425
USA,CTG,120120,297478,1238252114
USA,CTG,153180,35954,152106717
USA,CTG,64240,200000,849800000
USA,CTG,6180,41958,177854558
USA,CTG,31244,309271,1280825026
USA,CTG,227891,1664214,6835644736
USA,CTG,2160,5978,25338489
USA,CTG,259,1852,7851198
USA,CTG,2820,6178,26185708
USA,CTG,5445,11395,48302544
USA,CTG,17,163,690763
USA,CTG,4571,10228,43356653
USA,CTG,1789,24069,102025898
USA,CTG,194,1872,7935127
USA,CTG,20000,95400,386728704
USA,CTG,14700,41882,177988054
USA,CTG,14800,52090,220802756
USA,CTG,1000,27972,113391167
USA,CTG,23768,46000,193842620
USA,CTG,58,27935,117369741
USA,CTG,216,1315,5463746
USA,CTG,90,252,1067130
USA,CTG,90,10,42388
USA,CTG,90,10,42388
USA,CTG,64,90,381496
USA,CTG,64,68,286122
USA,CTG,104218,186773,788328129
USA,CTG,102256,182600,792939868
USA,CTG,370266,62945,264094272
USA,CTG,60840,14602,61286274
USA,CTG,12480,4867,20421968
USA,CTG,440,75,313848
USA,CTG,436660,1094332,4633691189
USA,CTG,42253,201475,850332907
USA,CTG,30732,35434,149906250
USA,CTG,31244,130661,555179991
USA,CTG,13750,62263,264554977
USA,CTG,153180,36297,153249623
USA,CTG,15450,70074,297794986
USA,CTG,18084,83920,340785178
USA,CTG,186780,267306,1129792873
USA,CTG,168,2626,11086702
USA,CTG,5645,59762,252830984
USA,CTG,17,193398,817570885
USA,CTG,630,8586,36250020
USA,CTG,300,15,62121
USA,CTG,809,9594,40701146
USA,CTG,4421,11661,49259527
USA,CTG,1698,3293,13926755
USA,CTG,178,949,4006426
USA,CTG,21600,32160,136647840
USA,CTG,86,686,2902622
USA,CTG,1037506,4398998,18629791780
USA,CTG,41609,270399,1160717186
USA,CTG,19247,73908,309455545
USA,CTG,8167,55815,236133189
USA,CTG,46866,457846,1933326936
USA,CTG,795,3538,14968237
USA,CTG,1450,1285,5435135
USA,CTG,250,190,805085
USA,CTG,1183,6581,27810915
USA,CTG,430,375,1586979
USA,CTG,74,1779,7510254
USA,CTG,117,508,2149023
USA,CTG,1700,8770,37061065
USA,CTG,1994,12241,51771672
USA,CTG,2593,12397,52420578
USA,CTG,6580,7735,32680998
USA,CTG,4756,31378,132572919
USA,CTG,593,5242,22167161
USA,CTG,131,809,3414066
USA,CTG,86,565,2388579
USA,CTG,14786,42789,180660867
USA,CTG,800,8482,35826476
USA,CTG,2666,7629,32206504
USA,CTG,6257,19008,80240181
USA,CTG,161,942,3975942
USA,CTG,6078,15210,64543806
USA,CTG,7546,23555,99946386
USA,CTG,583,1990,8436032
USA,CTG,12859,29367,124580019
USA,CTG,41731,152786,647833844
USA,CTG,42,150,636284
USA,CTG,2413,2355,9941671
USA,CTG,16913,307688,1307138358
USA,CTG,21600,96552,408162959
USA,CTG,1087,6611,27939862
USA,CTG,887,5678,23978086
USA,CTG,185,2256,9541435
USA,CTG,346,580,2451746
USA,CTG,18788,10637,43966360
USA,CTG,5943,5177,22002194
USA,CTG,11520,59789,248418877
USA,CTG,989,4203,17038967
USA,CTG,750,7402,30007958
USA,CTG,295,3218,13588543
USA,CTG,862,1780,7515954
USA,CTG,4512,6077,25820323
USA,CTG,20000,45348,191702963
USA,CTG,118272,32678,138144341
USA,CTG,62259,8755,37359197
USA,CTG,250,1377,6038281
USA,CTG,2,1304,5513489
USA,CTG,44976,159170,666444288
USA,CTG,196450,41371,175785931
USA,CTG,3183,10156,42963960
USA,CTG,428,822,3476250
USA,CTG,37800,13856,58619924
USA,CTG,888,3902,16493585
USA,CTG,1,138938,587792492
USA,CTG,5129,42266,185408282
USA,CTG,2376,45659,193016751
USA,CTG,262,15927,67331585
USA,CTG,96,611,2578008
USA,CTG,18203,84482,349878319
USA,CTG,6700,73669,311663962
USA,CTG,142,2670,11294036
USA,CTG,544,5746,24307393
USA,CTG,15600,26910,114340590
USA,CTG,215,260,1104740
USA,CTG,17,1,4231
USA,CTG,17,4,16922
USA,CTG,8,24,101535
USA,CTG,500,5,21153
USA,CTG,12,60,253837
USA,CTG,2376,999,4049220
USA,CTG,1342,1089,4628954
USA,CTG,19888,38418,167479386
USA,CTG,76881,300605,1278198281
USA,CTG,14800,52154,215992264
USA,CTG,90000,67500,296099550
USA,CTG,21773,34398,144024770
USA,CTG,40800,26928,113673590
USA,CTG,64500,87789,372393914
USA,CTG,384,3662,15904102
USA,CTG,92,451788,1876921409
USA,CTG,18113,183932,782097544
USA,CTG,525,538,2277900
USA,CTG,92199,626737,2678337000
USA,CTG,5000,3204,13559063
USA,CTG,60000,265488,1157368387
USA,CTG,9251,26186,114154289
USA,CTG,8125,19711,85929005
USA,CTG,1883,5024,21260571
USA,CTG,26751,54666,232445772
USA,CTG,317,1630,7104078
USA,CTG,4720,10538,44808694
USA,CTG,423,2691,11731494
USA,CTG,8736,12944,54778535
USA,CTG,238,609,2655659
USA,CTG,257363,304132,1263651085
USA,CTG,1232,20729,90930198
USA,CTG,3552,23088,101279206
USA,CTG,93,14,61032
USA,CTG,107,16,69750
USA,CTG,107,16,69750
USA,CTG,11995,102929,426274905
USA,CTG,8000,15600,65864604
USA,CTG,12750,25449,107448771
USA,CTG,600,756,3191900
USA,CTG,1000,4600,19445994
USA,CTG,25000,152325,643524179
USA,CTG,197125,670692,2834590873
USA,CTG,6300,8824,37494408
USA,CTG,10430,22773,96762435
USA,CTG,103512,253924,1051512142
USA,CTG,28850,123629,513670496
USA,CTG,477300,112849,495032124
USA,CTG,72655,325858,1320948545
USA,CTG,19970,96310,409222380
USA,CTG,37462,299791,1226856736
USA,CTG,36,153065,646253952
USA,CTG,8638,83528,354911747
USA,CTG,6416,30352,123255774
USA,CTG,560,2330,9539807
USA,CTG,319,3822,16207798
USA,CTG,4267,11600,48881757
USA,CTG,568,3040,12810300
USA,CTG,669512,2604279,10998899181
USA,CTG,1188,9267,39050944
USA,CTG,31869,295462,1246258095
USA,CTG,875,788,3321957
USA,CTG,12,14,60049
USA,CTG,192,224,931025
USA,CTG,2180,3200,13185984
USA,CTG,12,44,183308
USA,CTG,2499,8342,34829342
USA,CTG,45509,130613,551391424
USA,CTG,1200,9576,40338900
USA,CTG,1764,7035,29634938
USA,CTG,2651,17054,71143375
USA,CTG,7040,32455,136716688
USA,CTG,3000,9600,39557952
USA,CTG,9405,31293,132063971
USA,CTG,2633,9756,39547266
USA,CTG,26917,50528,211852280
USA,CTG,11,121,514639
USA,CTG,4579,23796,98439875
USA,CTG,297,1624,6883892
USA,CTG,87,709,2947046
USA,CTG,13485,39737,167542283
USA,CTG,68,821,3477657
USA,CTG,276,1100,4490373
USA,CTG,19047,68026,282020266
USA,CTG,160,592,2399583
USA,CTG,43,548,2308918
USA,CTG,256,1741,7303412
USA,CTG,188,695,2817120
USA,CTG,554,2721,11299076
USA,CTG,2700,7190,30296843
USA,CTG,2023,6227,26240307
USA,CTG,1591,4957,20888734
USA,CTG,4753,10886,45874289
USA,CTG,30845,112806,475362448
USA,CTG,21,73,308673
USA,CTG,15915,941018,3997096698
USA,CTG,1222,10346,43856838
USA,CTG,1296,4824,19554365
USA,CTG,18,1320,5563705
USA,CTG,858,4476,18877534
USA,CTG,1933,19175,80691683
USA,CTG,230,817,3443656
USA,CTG,554,1387,5844102
USA,CTG,1131,13483,56701369
USA,CTG,564,921,3881909
USA,CTG,1604,5940,24081461
USA,CTG,101215,142292,592472296
USA,CTG,12000,18297,77324820
USA,CTG,22638,58635,257213388
USA,CTG,527,1960,7945289
USA,CTG,39,144,583741
USA,CTG,22000,15400,64703561
USA,CTG,728,6079,25050650
USA,CTG,37800,1900,7827406
USA,CTG,324516,30928,127442947
USA,CTG,3362,10,40811
USA,CTG,27131,168970,717954125
USA,CTG,398,86285,366624965
USA,CTG,1075,37848,166025255
USA,CTG,37598,90266,366450638
USA,CTG,1000,17540,72640682
USA,CTG,4,4760,19714366
USA,CTG,3720,24212,99770100
USA,CTG,5640,147925,628533325
USA,CTG,96,1535,6523065
USA,CTG,9938,7602,30871282
USA,CTG,51,36020,149175841
USA,CTG,1,1078,4462598
USA,CTG,1,1014,4198126
USA,CTG,11,17116,70885171
USA,CTG,221,1808,7582880
USA,CTG,12873,45384,192377452
USA,CTG,468810,32612,137425484
USA,CTG,20580,53122,218896235
USA,CTG,42,5,21194
USA,CTG,4,10,42181
USA,CTG,0,45,190748
USA,CTG,21734,29143,127044904
USA,CTG,88166,161220,671844720
USA,CTG,19244,27017,112255177
USA,CTG,44928,48762,200931156
USA,CTG,176,1989,8062118
USA,CTG,6132,95143,414767048
USA,CTG,25380,24719,107758483
USA,CTG,251088,431840,1815274591
USA,CTG,209927,1527494,6429056348
USA,CTG,16200,71329,302351236
USA,CTG,18160,56400,245870159
USA,CTG,32722,73782,321846574
USA,CTG,52870,160066,690447858
USA,CTG,2160,10800,43856964
USA,CTG,1803,23772,101024106
USA,CTG,8755,5892,24901158
USA,CTG,22464,23412,98581124
USA,CTG,42390,159386,660087618
USA,CTG,40000,190800,810844668
USA,CTG,35434,118963,505473702
USA,CTG,946,12524,54596079
USA,CTG,7972,65776,284176960
USA,CTG,8372,64047,271799802
USA,CTG,16397,57256,251160587
USA,CTG,4000,8407,34817002
USA,CTG,200,6000,26156399
USA,CTG,11941,1637,6923360
USA,CTG,4093,32152,140164998
USA,CTG,250,1379,5860603
USA,CTG,37298,5251,22889073
USA,CTG,500,1255,5504644
USA,CTG,6000,2651,11630790
USA,CTG,266,3509,14834377
USA,CTG,927,5169,21852224
USA,CTG,2800,42980,177104248
USA,CTG,6380,40287,176727389
USA,CTG,511,3591,15652905
USA,CTG,5760,69783,306115874
USA,CTG,2475,6444,27242908
USA,CTG,5,375,1635647
USA,CTG,4356,30720,130528813
USA,CTG,4,413,1802481
USA,CTG,51172,80259,339284910
USA,CTG,144,498,2170981
USA,CTG,13719,33306,145194002
USA,CTG,224,1057,4607014
USA,CTG,188,1346,5865747
USA,CTG,1663,4264,18589615
USA,CTG,1261,24783,102973124
USA,CTG,16516,64666,268682934
USA,CTG,68,10,43594
USA,CTG,81,12,52313
USA,CTG,81,12,52313
USA,CTG,50,30,127491
USA,CTG,280,34,144490
USA,CTG,240,322,1385596
USA,CTG,24,25,109857
USA,CTG,19,19,82829
USA,CTG,5,21,88775
USA,CTG,4239,15939,66008762
USA,CTG,2184,936,3960232
USA,CTG,3168,3152,13283579
USA,CTG,118,5100,21015162
USA,CTG,16800,20056,81444006
USA,CTG,4200,5902,25727697
USA,CTG,12000,26255,114454260
USA,CTG,34385,107970,470685203
USA,CTG,18517,123606,530378771
USA,CTG,590,144035,591791878
USA,CTG,18642,56531,240374390
USA,CTG,20520,96610,398091862
USA,CTG,5608,34149,140716577
USA,CTG,275,6212,25724907
USA,CTG,17928,125412,531602359
USA,CTG,180,1116,4895513
USA,CTG,130,630,2763596
USA,CTG,8701,379684,1558627398
USA,CTG,6054,22466,96052096
USA,CTG,48390,89460,368629017
USA,CTG,313830,1244883,5223924891
USA,CTG,102,540,2288979
USA,CTG,374,1980,8392923
USA,CTG,25606,17157,72899583
USA,CTG,25793,17756,75487301
USA,CTG,3946,5735,25155740
USA,CTG,103,1901,8337944
USA,CTG,60,233,1022092
USA,CTG,832,8226,36082910
USA,CTG,13440,61573,255001098
USA,CTG,980,3136,13756566
USA,CTG,21072,38317,165329668
USA,CTG,1830,10267,45037926
USA,CTG,5984,22783,99940441
USA,CTG,12924,40524,177766852
USA,CTG,52202,177881,751192518
USA,CTG,120,630,2763596
USA,CTG,3859,13262,56538032
USA,CTG,136,1027,4504661
USA,CTG,3874,15680,66201865
USA,CTG,336,1774,7780180
USA,CTG,8744,13133,56851044
USA,CTG,35050,46124,195083194
USA,CTG,2000,9540,41848736
USA,CTG,3016,823,3480706
USA,CTG,22385,6110,25829522
USA,CTG,2557,17731,73432855
USA,CTG,4592,49184,208984516
USA,CTG,751,3796,16088979
USA,CTG,8570,19834,84074029
USA,CTG,11536,22747,96420188
USA,CTG,111,2681,11759802
USA,CTG,22183,48792,207352870
USA,CTG,735,2280,10000269
USA,CTG,24,881,3865876
USA,CTG,116,779,3157068
USA,CTG,311,2144,9403113
USA,CTG,416,4692,19020242
USA,CTG,45576,2491,10928618
USA,CTG,299610,25653,112531340
USA,CTG,1100,790,3262864
USA,CTG,2729,50005,213146008
USA,CTG,757,4774,20151481
USA,CTG,9,10988,44544377
USA,CTG,65,6335,25679678
USA,CTG,19,15096,61193737
USA,CTG,1560,29303,123873560
USA,CTG,654,7808,32959938
USA,CTG,197,3407,14383289
USA,CTG,416,8535,36028128
USA,CTG,505,11478,48451975
USA,CTG,318,8446,35655295
USA,CTG,1110,8450,35668719
USA,CTG,2076,12592,53154561
USA,CTG,2619,12025,48785326
USA,CTG,90,7332,30996999
USA,CTG,1032,22483,95046058
USA,CTG,1945,21283,92398708
USA,CTG,2233,70272,306343757
USA,CTG,4428,33993,144362331
USA,CTG,120,672,2783041
USA,CTG,20,2667,11699222
USA,CTG,5407,79263,325097837
USA,CTG,691,15066,63689689
USA,CTG,2052,40137,166224576
USA,CTG,10310,122385,515123194
USA,CTG,14,9109,38505393
USA,CTG,60,5920,25969027
USA,CTG,10,2908,12756407
USA,CTG,1,182,799030
USA,CTG,88,26796,110417658
USA,CTG,3,26500,112023228
USA,CTG,5089,22210,90033361
USA,CTG,230,16877,68414091
USA,CTG,1535,26465,112810447
USA,CTG,1,23919,101116802
USA,CTG,1,153,670150
USA,CTG,6,1,4222
USA,CTG,1149,1670,7325722
USA,CTG,7,20,88234
USA,CTG,2,150,609124
USA,CTG,82,131,530921
USA,CTG,1,25,103536
USA,CTG,3,147,595903
USA,CTG,14,113,464806
USA,CTG,224,112,454021
USA,CTG,792,357,1507455
USA,CTG,864,700,2956730
USA,CTG,44800,50050,210835625
USA,CTG,24552,26226,108067380
USA,CTG,2178,40729,173055821
USA,CTG,47600,74900,318250100
USA,CTG,11358,74009,313372679
USA,CTG,8114,55453,234600778
USA,CTG,17280,138240,584839526
USA,CTG,63,155,656041
USA,CTG,6821,10120,42813773
USA,CTG,768,1894,8011125
USA,CTG,66,162,686374
USA,CTG,423,1044,4414980
USA,CTG,4327,10672,45149070
USA,CTG,32208,60739,256963867
USA,CTG,24325,80974,342570302
USA,CTG,1243,3067,12975112
USA,CTG,1641,4047,17121998
USA,CTG,372,3581,15149730
USA,CTG,150,1048,4435668
USA,CTG,660,8655,36617241
USA,CTG,99045,346073,1464099048
USA,CTG,321,791,3347555
USA,CTG,191,472,1994817
USA,CTG,12,19,81608
USA,CTG,17,51,215761
USA,CTG,200,100,423060
USA,CTG,60,4982,21075884
USA,CTG,4000,31130,131698889
USA,CTG,26,50605,214091204
USA,CTG,89,120,507673
USA,CTG,9904,34607,146409905
USA,CTG,65203,113559,491513644
USA,CTG,319,3822,16207798
USA,CTG,105950,91534,387996776
USA,CTG,53060,51213,217084225
USA,CTG,53760,56734,239534365
USA,CTG,21000,15792,65072831
USA,CTG,83,28054,118595199
USA,CTG,2000,18530,78084864
USA,CTG,52391,76510,324316363
USA,CTG,76,10983,46480573
USA,CTG,1800,16500,69652935
USA,CTG,19280,41069,174628234
USA,CTG,84000,63084,268043916
USA,CTG,100935,99482,436392614
USA,CTG,58276,55616,235290621
USA,CTG,151755,148843,630922091
USA,CTG,167355,144950,624591591
USA,CTG,120,2230,9476853
USA,CTG,185444,275615,1163698227
USA,CTG,36800,52992,223228800
USA,CTG,22400,25160,110368366
USA,CTG,38560,82138,346792340
USA,CTG,48749,152506,642429840
USA,CTG,8078,6598,28943490
USA,CTG,231080,368487,1548210025
USA,CTG,3711,105220,437182122
USA,CTG,8532,75965,320113810
USA,CTG,98440,134699,570043820
USA,CTG,19280,41069,173062691
USA,CTG,90500,78112,331104203
USA,CTG,96770,95108,417208653
USA,CTG,105000,80850,341299382
USA,CTG,770,46031,194590609
USA,CTG,276000,302292,1251921158
USA,CTG,3488,41905,183821891
USA,CTG,909,11642,51071250
USA,CTG,4732,784913,3335650713
USA,CTG,45436,77035,323192183
USA,CTG,78586,117331,490059281
USA,CTG,52391,76510,325147267
USA,CTG,21338,146966,610635951
USA,CTG,84000,62580,259170689
USA,CTG,2540,19851,83814735
USA,CTG,3600,16783,73622192
USA,CTG,525,175,743699
USA,CTG,1,1637,6910210
USA,CTG,1,31500,132995835
USA,CTG,1,6381,26940523
USA,CTG,1,150,633314
USA,CTG,16234,59919,253493413
USA,CTG,770,46031,194738828
USA,CTG,1,9000,37925730
USA,CTG,3,17500,75959130
USA,CTG,11,905,3812734
USA,CTG,41714,144777,615385725
USA,CTG,2320,2056,8472448
USA,CTG,3665,83995,366167803
USA,CTG,1500,10485,45994130
USA,CTG,55000,268049,1152304129
USA,CTG,3000,4770,20093625
USA,CTG,1160,7780,32774935
USA,CTG,599,4397,18520720
USA,CTG,438,2344,9873679
USA,CTG,608,8657,36468034
USA,CTG,1707,22939,96630369
USA,CTG,64,948,3995472
USA,CTG,4862,16725,70452799
USA,CTG,123200,94978,403853133
USA,CTG,27300,8823,37487100
USA,CTG,18370,5112,21722418
USA,CTG,24,2075,8781042
USA,CTG,318675,157510,659443274
USA,CTG,6819,37773,159124369
USA,CTG,1400,4583,20101913
USA,CTG,8640,123340,541051302
USA,CTG,117,15200,64256328
USA,CTG,36,3742,15834508
USA,CTG,245,14717,62281141
USA,CTG,63,4020,16994108
USA,CTG,109,22020,93087128
USA,CTG,43,3442,14567753
USA,CTG,192,160,674000
USA,CTG,40,20,82722
USA,CTG,7,3,14028
USA,CTG,486,2171,9521684
USA,CTG,200,11837,51925201
USA,CTG,200,28575,125350476
USA,CTG,1202,24969,109529198
USA,CTG,7,16397,71927231
USA,CTG,116,1416,5977488
USA,CTG,10,7140,31319787
USA,CTG,188151,524619,2301325314
USA,CTG,3785,14015,61479479
USA,CTG,24445,59636,261602856
USA,CTG,671841,58890,249624308
USA,CTG,1099104,50211,220256567
USA,CTG,76,37592,158412529
USA,CTG,394,149528,631793037
USA,CTG,129,4068,17844933
USA,CTG,6979,50849,213644061
USA,CTG,8400,73031,307750991
USA,CTG,288,2501,10556852
USA,CTG,16923,14739,62218561
USA,CTG,4925,57771,245470594
USA,CTG,3615,7586,32024647
USA,CTG,158,271,1145854
USA,CTG,1858,2699,11393194
USA,CTG,208000,78722,332835175
USA,CTG,160000,26834,114017666
USA,CTG,5988000,75005,321677935
USA,CTG,15500,242010,1024179060
USA,CTG,44,1100,4655167
USA,CTG,101,15962,67661838
USA,CTG,595827,117639,497846750
USA,CTG,173425,16059,67790500
USA,CTG,465,67023,282930138
USA,CTG,22406,98070,413422454
USA,CTG,62,65200,275924444
USA,CTG,1322,13092,55161229
USA,CTG,1,270,1142632
USA,CTG,2400,127680,538987075
USA,CTG,144,832,3503480
USA,CTG,13381,105767,445636032
USA,CTG,160,1195,5034266
USA,CTG,400,1992,8391300
USA,CTG,6585,22787,96025631
USA,CTG,124,1452,6115708
USA,CTG,3669,30683,129274274
USA,CTG,5918,25913,109179541
USA,CTG,6003,78013,328687305
USA,CTG,590,1761,7417662
USA,CTG,11474,96375,406057139
USA,CTG,7896,53439,222035465
USA,CTG,235,66086,277662312
USA,CTG,1,5000,21260450
USA,CTG,8208,129207,549399282
USA,CTG,18411,119167,506707618
USA,CTG,565824,61030,259318510
USA,CTG,1140480,107480,456684432
USA,CTG,38400,38400,168447744
USA,CTG,1,10000,42139700
USA,CTG,20500,47115,199714096
USA,CTG,3866,34714,145851492
USA,CTG,34694,180726,766070405
USA,CTG,308090,237229,1020986351
USA,CTG,15920,67781,274767988
USA,CTG,775,4633,18782124
USA,CTG,80934,24175,102717493
USA,CTG,23034,5063,21514769
USA,CTG,4800,13061,54268710
USA,CTG,8640,123340,500864396
USA,CTG,1024,5145,21375380
USA,CTG,12549,96934,402756948
USA,CTG,1290,4684,19736423
USA,CTG,81,330,1386505
USA,CTG,1,17422,72149964
USA,CTG,387,46200,194142467
USA,CTG,26628,464910,1966274815
USA,CTG,4920,70258,297006276
USA,CTG,4680,70621,309791193
USA,CTG,2268,51506,225940538
USA,CTG,34976,219525,926214034
USA,CTG,33819,187778,791929319
USA,CTG,1198,124704,529866786
USA,CTG,7107,108704,461881511
USA,CTG,383692,1723031,7186865738
USA,CTG,1539,11204,49147086
USA,CTG,16022,92385,383774572
USA,CTG,18288,16496,70091504
USA,CTG,7864,42639,180492773
USA,CTG,8373,70917,287482444
USA,CTG,662,8133,34558392
USA,CTG,1253,3881,16490029
USA,CTG,41,252,1070366
USA,CTG,380,3079,13080801
USA,CTG,90000,67500,283603275
USA,CTG,12372,61945,260265751
USA,CTG,3114,18563,78532813
USA,CTG,671328,74749,316786164
USA,CTG,835390,134613,571596786
USA,CTG,2640,5861,24775887
USA,CTG,18522,38896,164429407
USA,CTG,1,6668,28187602
USA,CTG,8155,51154,216247274
USA,CTG,53167,314603,1324443078
USA,CTG,3,2410,10187799
USA,CTG,19429,120292,507883904
USA,CTG,1,165791,699984523
USA,CTG,5,24843,105019147
USA,CTG,1,1334,5637563
USA,CTG,4,21385,90401847
USA,CTG,11,55810,235930720
USA,CTG,11,2705,11436274
USA,CTG,11369,73491,309580838
USA,CTG,1290,4684,19799277
USA,CTG,62,31,131064
USA,CTG,1,6843,30019055
USA,CTG,1,11460,48730312
USA,CTG,55200,55200,242143632
USA,CTG,5288,32141,130291089
USA,CTG,35233,201087,882100343
USA,CTG,49526,265684,1144449824
USA,CTG,3235,16585,72301782
USA,CTG,18581,246070,1072717514
USA,CTG,7855,35488,154707434
USA,CTG,75,405,1764293
USA,CTG,171754,742826,3159507327
USA,CTG,9994,76893,335207344
USA,CTG,22,19040,79997131
USA,CTG,832,58089,244061584
USA,CTG,2,4872,20470736
USA,CTG,8698,49027,202021637
USA,CTG,2,15000,63781350
USA,CTG,5174,28288,119433680
USA,CTG,389,33400,139144607
USA,CTG,4812,85002,358886601
USA,CTG,23676,430471,1798121018
USA,CTG,3600,51408,217557114
USA,CTG,48384,261640,1085700612
USA,CTG,51878,543579,2272580587
USA,CTG,359,2892,11915473
USA,CTG,77102,336498,1426961739
USA,CTG,5895,77147,317894996
USA,CTG,1813,131153,557270712
USA,CTG,29805,159268,649503432
USA,CTG,125190,278300,1168907049
USA,CTG,101388,392860,1683203182
USA,CTG,38516,174411,739303975
USA,CTG,1250,7525,31710124
USA,CTG,500,3535,14896384
USA,CTG,446,1737,7320509
USA,CTG,14200,67273,283486404
USA,CTG,80,583,2457587
USA,CTG,7860,39667,160800984
USA,CTG,17600,47776,196866741
USA,CTG,94810,77744,330335106
USA,CTG,3062,18563,77993001
USA,CTG,123200,94978,401003806
USA,CTG,5664000,146437,618168954
USA,CTG,2000000,27600,111883452
USA,CTG,391,7108,29289367
USA,CTG,10,1989,8381249
USA,CTG,1,320,1346616
USA,CTG,78933,134739,564495275
USA,CTG,1178,1500,6180930
USA,CTG,21,2735,11524787
USA,CTG,5,523,2205592
USA,CTG,159510,78798,332691994
USA,CTG,62308,186302,758550161
USA,CTG,38065,169096,710405264
USA,CTG,3,165,696485
USA,CTG,3678,67848,288286152
USA,CTG,210,3520,14957755
USA,CTG,145,448,1889881
USA,CTG,8,239,1008572
USA,CTG,7,367,1545516
USA,CTG,1,53215,220386198
USA,CTG,350,11718,48283365
USA,CTG,4,154,650047
USA,CTG,2,9366,41085852
USA,CTG,2632,30534,124675570
USA,CTG,3758,119891,525921580
USA,CTG,9544,49858,205446655
USA,CTG,2,859,3621823
USA,CTG,3,165,696485
USA,CTG,2,2623,11051221
USA,CTG,19,6606,27836938
USA,CTG,13410,36187,149113700
USA,CTG,10685,74858,316055989
USA,CTG,1229,4461,18832844
USA,CTG,10,5,20603
USA,CTG,3,3,12666
USA,CTG,5,2,6091
USA,CTG,20,10,41714
USA,CTG,8,15,64851
USA,CTG,3874,1967,8306793
USA,CTG,1,11823,50236479
USA,CTG,1,21616,87624374
USA,CTG,1,27470,113195286
USA,CTG,23,750,3151148
USA,CTG,326,1049286,4425680753
USA,CTG,12847,153062,667258134
USA,CTG,10900,2986,12406651
USA,CTG,10000,2788,11583973
USA,CTG,23140,92524,390695760
USA,CTG,1690,8548,35220999
USA,CTG,1170,139230,587012058
USA,CTG,560,56509,239486832
USA,CTG,5190,113545,494987637
USA,CTG,44197,236544,1023082193
USA,CTG,62784,252986,1069471543
USA,CTG,5727,68885,302177048
USA,CTG,65355,772754,3341914119
USA,CTG,21479,166168,708026491
USA,CTG,1048170,52475,217320338
USA,CTG,497664,28757,126149112
USA,CTG,6146,65250,286229653
USA,CTG,28887,243697,1041860436
USA,CTG,360,29527,119904940
USA,CTG,407,136977,571438911
USA,CTG,188,44352,180105932
USA,CTG,19539,108185,464300273
USA,CTG,8,1006,4251528
USA,CTG,41730,134320,567017105
USA,CTG,137111,564384,2420973344
USA,CTG,118701,519369,2116174886
USA,CTG,2246,27654,114900711
USA,CTG,75600,84690,366899921
USA,CTG,191,2830,11947251
USA,CTG,21000,41944,175619947
USA,CTG,40,582,2458115
USA,CTG,40,425,1793246
USA,CTG,622,1783,7527498
USA,CTG,13018,10973,46320468
USA,CTG,9049,42763,180800406
USA,CTG,337,2691,11359760
USA,CTG,58,403,1699743
USA,CTG,1198,13640,55294908
USA,CTG,432,1459,6159219
USA,CTG,1105,5130,21660208
USA,CTG,65,534,2255995
USA,CTG,334,2362,9969657
USA,CTG,2295,3208,13541206
USA,CTG,2170,171470,722315606
USA,CTG,2170,104104,438539406
USA,CTG,2170,8260,34794534
USA,CTG,21522,63490,269768075
USA,CTG,622,1010,4263604
USA,CTG,249,268,1130066
USA,CTG,11524,45944,186244166
USA,CTG,90,418,1831869
USA,CTG,12874,81918,359347774
USA,CTG,648,3576,15686828
USA,CTG,3635,24406,107059201
USA,CTG,16579,43162,189336624
USA,CTG,519,3702,15594675
USA,CTG,1972,146640,643258068
USA,CTG,108429,54130,231085797
USA,CTG,56540,1978,8674708
USA,CTG,1996000,26530,116379494
USA,CTG,330,3369,14776903
USA,CTG,19,841,3689313
USA,CTG,1744,23110,97961858
USA,CTG,3289,46714,189366007
USA,CTG,50,1250,5284238
USA,CTG,2,6009,25536507
USA,CTG,180,869,3670076
USA,CTG,1764,6068,25783612
USA,CTG,256563,383338,1619689863
USA,CTG,80320,5088,22112285
USA,CTG,295718,7450,31492618
USA,CTG,279903,24089,101833133
USA,CTG,30369,3825,16170950
USA,CTG,6850,78022,329827309
USA,CTG,530,5588,24513182
USA,CTG,7338,31705,134392485
USA,CTG,18259,91686,392985248
USA,CTG,240,840,3560634
USA,CTG,1024,20171,85270684
USA,CTG,218,150,634108
USA,CTG,1417,12804,53844400
USA,CTG,2,50422,213153459
USA,CTG,9,2723,11511183
USA,CTG,100,2245,9848052
USA,CTG,270,1765,7406444
USA,CTG,15530,126151,530725181
USA,CTG,1,315,1335238
USA,CTG,220,1593,6710146
USA,CTG,1726,13088,57413571
USA,CTG,2,46016,193908442
USA,CTG,467,3340,14652059
USA,CTG,942,50433,212522096
USA,CTG,42,13973,58880960
USA,CTG,5750,89182,378936442
USA,CTG,1,5000,20268800
USA,CTG,1400,6972,29331592
USA,CTG,1214,11161,48961618
USA,CTG,5780,74716,316711951
USA,CTG,1,6,23475
USA,CTG,16375,42454,178198819
USA,CTG,3015,25779,108235380
USA,CTG,5604,152244,627454728
USA,CTG,5260,24017,101040342
USA,CTG,6827,89481,375244514
USA,CTG,50,320,1403731
USA,CTG,14,81,340113
USA,CTG,7929,66365,291122489
USA,CTG,11228,98927,415870256
USA,CTG,1,38000,157887719
USA,CTG,2,4281,18193009
USA,CTG,2,1930,8204065
USA,CTG,10,49359,208677162
USA,CTG,8,19570,83165762
USA,CTG,1764,8698,36982553
USA,CTG,50038,114877,497035717
USA,CTG,30278,88016,373194570
USA,CTG,17133,89299,378526423
USA,CTG,2584,25370,107538565
USA,CTG,126,394367,1675664873
USA,CTG,15600,14976,62922113
USA,CTG,33408,87708,371056565
USA,CTG,7736,38846,165054657
USA,CTG,200,3508,14453075
USA,CTG,468,55692,229485569
USA,CTG,30,1,2493
USA,CTG,1,6430,27321070
USA,CTG,19,990,4187119
USA,CTG,14,264,1117093
USA,CTG,42,3177,13440986
USA,CTG,11,1193,5048048
USA,CTG,2,180,760071
USA,CTG,240,12928,54581491
USA,CTG,2,129,546341
USA,CTG,94,6974,29503428
USA,CTG,2,114,482628
USA,CTG,0,0,550
USA,CTG,6,4027,17036751
USA,CTG,0,34,143883
USA,CTG,1,71,299146
USA,CTG,1,1030,4358713
USA,CTG,36,35528,150306550
USA,CTG,10,6173,26115556
USA,CTG,16,21752,92023552
USA,CTG,11,9055,38309570
USA,CTG,3,576,2436197
USA,CTG,5,931,3938275
USA,CTG,3,5716,24184155
USA,CTG,4,3812,16126578
USA,CTG,12,1701,7194364
USA,CTG,4,135,572148
USA,CTG,16,10418,44076314
USA,CTG,2,406,1718135
USA,CTG,8,4166,17625060
USA,CTG,1,12000,49859279
USA,CTG,2,11000,45980400
USA,CTG,1,15000,62324099
USA,CTG,5,40100,171348980
USA,CTG,1,8000,34875200
USA,CTG,1,9500,39914535
USA,CTG,1,30000,130781999
USA,CTG,5596,81433,346260020
USA,CTG,2262,21537,88747194
USA,CTG,18281,51184,217641016
USA,CTG,16347,41580,168848621
USA,CTG,170680,74987,316548696
USA,CTG,753,16934,69780062
USA,CTG,5,1010,4163680
USA,CTG,8,5436,23003635
USA,CTG,148788,254866,1077417980
USA,CTG,113000,103352,436907267
USA,CTG,447,1646,6947268
USA,CTG,2220,9789,41321203
USA,CTG,66500,50332,212471086
USA,CTG,580,17960,75683407
USA,CTG,6646,20093,88140282
USA,CTG,24842,48909,214545048
USA,CTG,44,76075,313476166
USA,CTG,184470,295649,1253212399
USA,CTG,42095,107012,462551568
USA,CTG,294,1717,7299053
USA,CTG,208,249,1087060
USA,CTG,691550,57819,250011148
USA,CTG,454200,7654,32674655
USA,CTG,1188900,25623,109921550
USA,CTG,181320,94096,400104661
USA,CTG,168000,18573,78972027
USA,CTG,165720,259127,1098398534
USA,CTG,56250,53657,227444780
USA,CTG,18855,52792,223775674
USA,CTG,260893,664757,2801264159
USA,CTG,73248,382027,1574187520
USA,CTG,258334,489409,2026852121
USA,CTG,114,4100,17985306
USA,CTG,871554,1391403,5890970547
USA,CTG,93750,92936,393525436
USA,CTG,206750,321833,1361189350
USA,CTG,158277,406508,1722560766
USA,CTG,40000,56845,241535807
USA,CTG,305,1745,7413485
USA,CTG,12698,46998,198680059
USA,CTG,2381670,227663,969045065
USA,CTG,384000,6525,27582578
USA,CTG,2616500,91825,389753938
USA,CTG,544,16581,70149014
USA,CTG,3045,35508,155759725
USA,CTG,78400,102634,435735482
USA,CTG,665,2991,12643236
USA,CTG,104429,218218,924464920
USA,CTG,1981,13464,57218095
USA,CTG,269200,192960,816094559
USA,CTG,728,8758,36669164
USA,CTG,7000,32400,137690604
USA,CTG,12049,15693,66255570
USA,CTG,204790,71676,297811557
USA,CTG,12245,34903,147659712
USA,CTG,492988,2201393,9290395106
USA,CTG,93750,147457,625048316
USA,CTG,980,10350,43872098
USA,CTG,13084,37295,158088716
USA,CTG,54747,267935,1125738453
USA,CTG,1250,225,956185
USA,CTG,209,20,84777
USA,CTG,322963,567498,2405537795
USA,CTG,70317,181252,775649672
USA,CTG,20000,27060,109885613
USA,CTG,1382410,111094,475868005
USA,CTG,424000,6497,27376351
USA,CTG,4125640,67899,295805854
USA,CTG,7806,29443,128352899
USA,CTG,32600,11953,52108779
USA,CTG,2,100000,435939998
USA,CTG,1459,5639,23761102
USA,CTG,375000,6206,26153878
USA,CTG,257040,43065,187739305
USA,CTG,24,40425,170677988
USA,CTG,36288,62201,264336382
USA,CTG,76000,121010,511557478
USA,CTG,320900,36363,153526803
USA,CTG,576000,19363,81594553
USA,CTG,2122,24811,104755542
USA,CTG,91987,156736,651228593
USA,CTG,18480,82845,336421086
USA,CTG,7815,74130,308614136
USA,CTG,14239,493004,2084121871
USA,CTG,114893,201696,830892649
USA,CTG,1966,1011,4245888
USA,CTG,309,20827,86184154
USA,CTG,73351,328394,1395346531
USA,CTG,16126,89429,374439154
USA,CTG,272160,409688,1731910109
USA,CTG,376250,594835,2518747476
USA,CTG,60000,88330,374461973
USA,CTG,42910,86249,364608583
USA,CTG,60044,348502,1482908472
USA,CTG,220320,38335,157964792
USA,CTG,73734,335013,1423470492
USA,CTG,7,362,1532853
USA,CTG,21,1630,6910936
USA,CTG,16330,6222,26436131
USA,CTG,141060,267682,1128005392
USA,CTG,455,40,169554
USA,CTG,37500,61610,260548785
USA,CTG,37500,35747,151528036
USA,CTG,19000,29759,125899950
USA,CTG,33539,172911,749310706
USA,CTG,3290,37908,161557526
USA,CTG,1036,3884,17038489
USA,CTG,85919,148186,638753645
USA,CTG,70,855,3750594
USA,CTG,8505,7733,31347645
USA,CTG,10,535,2345986
USA,CTG,3989,8094,32809512
USA,CTG,2000,33157,137764930
USA,CTG,2,74000,306465820
USA,CTG,462,3204,13525334
USA,CTG,20890,33960,143951346
USA,CTG,146,117,495009
USA,CTG,1200,1200,5086620
USA,CTG,17212,44325,188337477
USA,CTG,17185,92734,394027361
USA,CTG,1,7800,32932302
USA,CTG,1,8650,35823370
USA,CTG,56798,81136,346492849
USA,CTG,410250,143588,618041708
USA,CTG,9425,57461,241423359
USA,CTG,18741,26238,110237938
USA,CTG,19071,38664,164401107
USA,CTG,19153,136238,564218608
USA,CTG,9066,26183,114855392
USA,CTG,5555,23638,103690904
USA,CTG,1550,4944,21688700
USA,CTG,6768,26051,110425434
USA,CTG,672,43,183118
USA,CTG,19068,129557,545758862
USA,CTG,19893,51493,217847435
USA,CTG,57655,227523,998066482
USA,CTG,389,3506,14901311
USA,CTG,52850,864430,3522160984
USA,CTG,15000,219000,925798410
USA,CTG,315,28883,121670522
USA,CTG,16200,236034,996556791
USA,CTG,370,2795,11878067
USA,CTG,19139,77404,329128179
USA,CTG,19268,83045,352015637
USA,CTG,19223,87449,354498353
USA,CTG,5368,35801,150865520
USA,CTG,50639,907571,3824477135
USA,CTG,778,7013,30150815
USA,CTG,21313,494722,2088758698
USA,CTG,370,2795,11848942
USA,CTG,57204,360510,1563558064
USA,CTG,38460,157919,641282700
USA,CTG,389,3509,14816243
USA,CTG,30636,862783,3576941357
USA,CTG,20370,15120,63966781
USA,CTG,6882,26448,112375980
USA,CTG,19068,129313,567253261
USA,CTG,370,2794,11798588
USA,CTG,5808,55170,233404784
USA,CTG,1596,55155,232869881
USA,CTG,347,906,3974753
USA,CTG,1038,10681,46855846
USA,CTG,60480,56542,238267767
USA,CTG,12763,32405,141265747
USA,CTG,65070,70383,296488261
USA,CTG,1152,3550,15572994
USA,CTG,7392,8625,37836697
USA,CTG,181440,141866,602789994
USA,CTG,2413,6387,26961976
USA,CTG,5681,19832,83717509
USA,CTG,6528,7797,32913334
USA,CTG,1,65,276386
USA,CTG,42174,92480,391372162
USA,CTG,3920,6635,27957921
USA,CTG,140720,146476,617246860
USA,CTG,12964,26415,112254857
USA,CTG,2542,26723,117225592
USA,CTG,19613,17712,75078511
USA,CTG,7614,32423,137436022
USA,CTG,11081,26446,116011804
USA,CTG,3808,25633,108653891
USA,CTG,1808,8948,36338134
USA,CTG,216,1045,4405453
USA,CTG,5793,565579,2387530970
USA,CTG,44,17005,71783091
USA,CTG,2140,23834,100628998
USA,CTG,1515,43989,185723913
USA,CTG,16690,19318,81164736
USA,CTG,66560,122981,539477062
USA,CTG,6394,16421,71584051
USA,CTG,2400,127680,538987075
USA,CTG,22680,20992,92083626
USA,CTG,64800,108000,457052760
USA,CTG,65240,66871,279989546
USA,CTG,26880,49934,219042998
USA,CTG,69720,80697,353989732
USA,CTG,1,7000,29487500
USA,CTG,55484,146993,621433221
USA,CTG,924,6924,29292744
USA,CTG,1644,7798,32988605
USA,CTG,346,2074,8772593
USA,CTG,3039,61432,259634752
USA,CTG,352956,525883,2232772674
USA,CTG,1369575,277390,1178451699
USA,CTG,12449,50818,211146904
USA,CTG,1840,1898,8018177
USA,CTG,97051,372676,1560397469
USA,CTG,19295,30226,128451734
USA,CTG,313,12431,51649062
USA,CTG,3602,23690,98428659
USA,CTG,237,264,1115998
USA,CTG,11,1365,5800055
USA,CTG,7,6113,25974095
USA,CTG,404014,527873,2208402728
USA,CTG,302625,72489,300718233
USA,CTG,19295,30226,127616892
USA,CTG,23501,48736,205370104
USA,CTG,2739,26199,106205269
USA,CTG,18700,46963,190377542
USA,CTG,21848,57696,251122624
USA,CTG,4403,31045,130823204
USA,CTG,9526,46675,203476870
USA,CTG,1977,43353,188991455
USA,CTG,40873,94799,413265060
USA,CTG,2200,10999,46212208
USA,CTG,620,1035,4513723
USA,CTG,8818,65940,277048006
USA,CTG,3985,13551,59073837
USA,CTG,17472,21177,91149252
USA,CTG,1,2,8937
USA,CTG,253746,277398,1165496145
USA,CTG,28800,8847,37172238
USA,CTG,187425,37099,162742366
USA,CTG,9604,27870,115420577
USA,CTG,16640,30745,134869265
USA,CTG,1,1849346,8112452124
USA,CTG,11012,28470,119618315
USA,CTG,731,50667,215285315
USA,CTG,320,35209,149601596
USA,CTG,6489,316783,1346009650
USA,CTG,150,198,801185
USA,CTG,8800,10516,42629340
USA,CTG,3120,5939,24074956
USA,CTG,918,4657,18879617
USA,CTG,121,891,3610684
USA,CTG,205,1656,6713027
USA,CTG,592,5003,20281610
USA,CTG,86,756,3065291
USA,CTG,19613,17712,75258288
USA,CTG,289,2417,9796762
USA,CTG,794,4232,17154661
USA,CTG,130,1321,5353395
USA,CTG,117,736,2983567
USA,CTG,5127,63522,266528917
USA,CTG,126,1703,6905175
USA,CTG,58,274,1110082
USA,CTG,518,1624,6581685
USA,CTG,110,600,2431607
USA,CTG,233,1826,7401841
USA,CTG,288,263,1064842
USA,CTG,2436,5269,21359586
USA,CTG,375,782,3170040
USA,CTG,286689,149201,620834418
USA,CTG,19295,29920,126081982
USA,CTG,1904,10757,44324891
USA,CTG,33864,1436,6297094
USA,CTG,21696,45652,188113885
USA,CTG,91246,229509,961116075
USA,CTG,10384,27298,119373173
USA,CTG,1114,19384,80276071
USA,CTG,6376,15616,68075562
USA,CTG,116,363049,1534749712
USA,CTG,22,8605,35457605
USA,CTG,400,73200,301628807
USA,CTG,48000,86004,363966348
USA,CTG,625,5770,23974004
USA,CTG,19295,29920,126324933
USA,CTG,1596,5431,23796894
USA,CTG,1904,11632,48328891
USA,CTG,25976,37690,160939289
USA,CTG,21280,36685,155503145
USA,CTG,110268,95722,405749589
USA,CTG,7179,19110,81197838
USA,CTG,17965,49405,204607349
USA,CTG,28,6700,27606300
USA,CTG,500,38805,159900041
USA,CTG,1476,164068,697122850
USA,CTG,620,35444,150686012
USA,CTG,15562,259747,1101026536
USA,CTG,62,72,304137
USA,CTG,62,135,573093
USA,CTG,188,500,2120273
USA,CTG,155,1928,8012220
USA,CTG,4165,43509,184871611
USA,CTG,10572,114503,476005832
USA,CTG,384,4454,18924706
USA,CTG,15,490,2078732
USA,CTG,7120,9582,39590737
USA,CTG,100,241,1023258
USA,CTG,252,3492,14155730
USA,CTG,150,197,836749
USA,CTG,24,234,993586
USA,CTG,40,545,2210434
USA,CTG,54,143,606367
USA,CTG,54,134,566946
USA,CTG,4,12,49983
USA,CTG,1060,6077,24798128
USA,CTG,68,472,1998618
USA,CTG,480,2275,9223115
USA,CTG,127,1159,4698308
USA,CTG,240,1496,6064425
USA,CTG,684,4616,18821280
USA,CTG,4718,17064,72448374
USA,CTG,123,1526,6265969
USA,CTG,18687,20580,86999686
USA,CTG,637,1853,7834537
USA,CTG,94,929,3938570
USA,CTG,14,104,423213
USA,CTG,1177,6887,29191858
USA,CTG,19408,85469,364293794
USA,CTG,631,3162,13403244
USA,CTG,3419,4141,16901797
USA,CTG,31,232,984685
USA,CTG,24,154,651087
USA,CTG,76,995,4219351
USA,CTG,35,134,544825
USA,CTG,36,121,512689
USA,CTG,24,181,769139
USA,CTG,777,3823,15874642
USA,CTG,1224,4040,17124530
USA,CTG,216,1810,7337427
USA,CTG,19,377,1596351
USA,CTG,66,393,1593614
USA,CTG,178,848,3595393
USA,CTG,203,1204,5105610
USA,CTG,22,229,928149
USA,CTG,938,3697,15609911
USA,CTG,130,1419,5917119
USA,CTG,10000,83494,338465083
USA,CTG,207,1541,6533255
USA,CTG,4774,4856,19683761
USA,CTG,24978,31977,135767464
USA,CTG,438,4548,19278290
USA,CTG,64,1248,5290085
USA,CTG,565,10850,45991522
USA,CTG,2443,38042,161256451
USA,CTG,900,3194,13538887
USA,CTG,178665,16125,70736340
USA,CTG,28000,930,3776572
USA,CTG,18000,1620,6578545
USA,CTG,379303,209967,891445723
USA,CTG,125,617,2614947
USA,CTG,900,153,621307
USA,CTG,208,1060,4304480
USA,CTG,1453,1330,5639663
USA,CTG,648,3136,13205151
USA,CTG,73786,188152,794393411
USA,CTG,4095,10914,46171185
USA,CTG,16,328,1387852
USA,CTG,30,52,219569
USA,CTG,3,79,333922
USA,CTG,0,85,359940
USA,CTG,2,285,1205470
USA,CTG,4,736,3113391
USA,CTG,1,126,532803
USA,CTG,3,357,1508339
USA,CTG,1,55,231499
USA,CTG,24,1851,7830225
USA,CTG,4,447,1890321
USA,CTG,6,352,1488117
USA,CTG,46,4778,20215885
USA,CTG,2,118,500735
USA,CTG,3,269,1136046
USA,CTG,147,5776,24434692
USA,CTG,25,1520,6430570
USA,CTG,15,1121,4741118
USA,CTG,5,388,1641096
USA,CTG,2,369,1561222
USA,CTG,2,401,1694613
USA,CTG,1,81,341326
USA,CTG,1,306,1295878
USA,CTG,0,93,392939
USA,CTG,0,42,176586
USA,CTG,1,182,771663
USA,CTG,2,314,1326508
USA,CTG,0,107,454410
USA,CTG,192,3156,13350113
USA,CTG,20,405,1711620
USA,CTG,141,5394,22820460
USA,CTG,4,393,1661191
USA,CTG,0,52,218469
USA,CTG,1,143,604554
USA,CTG,25,1529,6467503
USA,CTG,1,88,370940
USA,CTG,137,4087,17292026
USA,CTG,31,2021,8550232
USA,CTG,6,512,2167553
USA,CTG,4,135,571302
USA,CTG,211,5068,21442128
USA,CTG,0,158,667506
USA,CTG,19,652,2759035
USA,CTG,3,154,650837
USA,CTG,9,1053,4453732
USA,CTG,2,216,915419
USA,CTG,0,101,425515
USA,CTG,1,102,431734
USA,CTG,8,736,3111698
USA,CTG,4,194,819892
USA,CTG,1,380,1606701
USA,CTG,1,274,1158595
USA,CTG,3,2777,11750223
USA,CTG,31,739,3127732
USA,CTG,10,674,2852108
USA,CTG,12,8456,35775773
USA,CTG,5,1874,7929602
USA,CTG,23,1326,5611777
USA,CTG,1,1644,6956434
USA,CTG,2,884,3740240
USA,CTG,1,403,1704301
USA,CTG,3,7304,30900037
USA,CTG,4,117,496166
USA,CTG,10,618,2615998
USA,CTG,1,1160,4908523
USA,CTG,1,501,2118224
USA,CTG,9,2445,10345872
USA,CTG,17,2960,12520490
USA,CTG,1,167,708204
USA,CTG,6,178,751356
USA,CTG,12,782,3309564
USA,CTG,10,1442,6100201
USA,CTG,8,263,1112227
USA,CTG,1,37,154756
USA,CTG,6,1284,5431638
USA,CTG,3,70,294197
USA,CTG,1,484,2046981
USA,CTG,1,955,4039386
USA,CTG,1,86,361971
USA,CTG,88,20841,88169762
USA,CTG,14,720,3044093
USA,CTG,47,2018,8537329
USA,CTG,10,2265,9582205
USA,CTG,655,22385,94701655
USA,CTG,7,368,1555384
USA,CTG,7,1556,6582152
USA,CTG,3,1810,7659223
USA,CTG,16,7018,29690633
USA,CTG,5,1324,5600778
USA,CTG,17,3063,12956582
USA,CTG,5,1903,8052628
USA,CTG,3,1864,7886280
USA,CTG,28,3033,12831229
USA,CTG,1,1130,4779066
USA,CTG,1,252,1065352
USA,CTG,11,3943,16681549
USA,CTG,6,1250,5289955
USA,CTG,31,13305,56287758
USA,CTG,225,6013,25437473
USA,CTG,9,5588,23641199
USA,CTG,9,1740,7359485
USA,CTG,26,7435,31452893
USA,CTG,4,853,3607357
USA,CTG,19,3104,13132786
USA,CTG,16,1639,6934731
USA,CTG,16,553,2338512
USA,CTG,1,90,380628
USA,CTG,26,1865,7888395
USA,CTG,88,4577,19362783
USA,CTG,2,279,1180425
USA,CTG,8,63,265005
USA,CTG,9,1063,4495446
USA,CTG,1,177,748226
USA,CTG,1,78,331764
USA,CTG,17,1914,8098530
USA,CTG,4,1838,7775946
USA,CTG,2,256,1080921
USA,CTG,3,207,874763
USA,CTG,28,1498,6337073
USA,CTG,2,3096,13099195
USA,CTG,1,42,179166
USA,CTG,1,1620,6855577
USA,CTG,2,396,1674306
USA,CTG,26,489,2069445
USA,CTG,190,4099,17341270
USA,CTG,6,298,1259241
USA,CTG,2,211,893293
USA,CTG,1,190,804577
USA,CTG,4,2287,9674094
USA,CTG,17,1141,4827930
USA,CTG,4,1938,8198203
USA,CTG,1,56,234926
USA,CTG,22,4360,18445671
USA,CTG,23,4167,17627387
USA,CTG,18,4489,18989981
USA,CTG,2,118,500735
USA,CTG,5,546,2309067
USA,CTG,2,340,1439000
USA,CTG,11,425,1797079
USA,CTG,1,390,1650319
USA,CTG,16,2985,12626382
USA,CTG,7,614,2598187
USA,CTG,2,212,896382
USA,CTG,1,97,412104
USA,CTG,3,223,941945
USA,CTG,10,10706,45290880
USA,CTG,8,1197,5065056
USA,CTG,2,1004,4247575
USA,CTG,2,217,916604
USA,CTG,4,689,2916413
USA,CTG,1,118,499931
USA,CTG,3,6427,27189327
USA,CTG,3,1396,5905339
USA,CTG,1,158,670044
USA,CTG,1,164,693566
USA,CTG,39,2441,10325438
USA,CTG,14,2593,10971960
USA,CTG,5,727,3075611
USA,CTG,28,9474,40078895
USA,CTG,9,1256,5314281
USA,CTG,2,342,1447546
USA,CTG,1,290,1228569
USA,CTG,144,33848,143198195
USA,CTG,2,161,680451
USA,CTG,4,202,853229
USA,CTG,2,253,1070852
USA,CTG,3,219,927180
USA,CTG,2,650,2751758
USA,CTG,2,854,3615056
USA,CTG,7,2848,12048566
USA,CTG,40,9017,38149399
USA,CTG,44,7027,29729512
USA,CTG,1,86,364002
USA,CTG,3,3886,16441758
USA,CTG,20,738,3123459
USA,CTG,1,1254,5305481
USA,CTG,2,882,3732963
USA,CTG,3,558,2359030
USA,CTG,167992,621456,2634260037
USA,CTG,153365,587957,2579168726
USA,CTG,22869,105067,444364489
USA,CTG,4410,37357,158091630
USA,CTG,10464,58734,247980234
USA,CTG,3482,19578,82660078
USA,CTG,19262,81342,343431134
USA,CTG,19218,78889,346060361
USA,CTG,57730,228834,994283989
USA,CTG,295217,1231428,5234890010
USA,CTG,1620,19440,85276670
USA,CTG,118918,485810,2064550978
USA,CTG,39860,164329,680557050
USA,CTG,23,593610,2516223749
USA,CTG,23000,51800,227228988
USA,CTG,70,120,521820
USA,CTG,41000,53892,227498559
USA,CTG,100800,131040,539966045
USA,CTG,19068,18868,82767501
USA,CTG,131545,139324,589616681
USA,CTG,4182,67592,286511078
USA,CTG,106000,103463,431819501
USA,CTG,59730,10562,43521535
USA,CTG,1197,9735,41372372
USA,CTG,35000,38850,160086087
USA,CTG,44800,50400,213638040
USA,CTG,5766,48565,206354300
USA,CTG,6854,48695,200652767
USA,CTG,22400,33600,136206336
USA,CTG,192823,938922,3955199227
USA,CTG,4219,28096,118624516
USA,CTG,5362,44011,185819416
USA,CTG,3962,41873,169744876
USA,CTG,468998,1993088,8186481475
USA,CTG,12789,88209,363476758
USA,CTG,22400,35000,152579000
USA,CTG,52507,301837,1260331663
USA,CTG,2679,18062,79232072
USA,CTG,19976,33986,143466683
USA,CTG,22791,112283,487975738
USA,CTG,462,8546,36339892
USA,CTG,3978,36689,156005950
USA,CTG,88,317539,1338098724
USA,CTG,39459,73769,311406241
USA,CTG,10,10,42214
USA,CTG,43469,77879,329658183
USA,CTG,173875,344924,1475364325
USA,CTG,10802,26757,112713862
USA,CTG,18894,33920,148796604
USA,CTG,23137,95642,398495633
USA,CTG,3815,9110,38377981
USA,CTG,13255,152195,646676385
USA,CTG,10,10,43867
USA,CTG,106,432010,1801451833
USA,CTG,2333,4550,19347095
USA,CTG,48437,113691,484758010
USA,CTG,1350,1896,8061282
USA,CTG,896,2359,10031828
USA,CTG,67896,237996,1024333535
USA,CTG,23760,43340,182094310
USA,CTG,1917,10620,45123743
USA,CTG,101978,495631,2052161464
USA,CTG,20,4380,18048316
USA,CTG,30996,106006,454961880
USA,CTG,21734,39393,167503857
USA,CTG,2,54055,222740114
USA,CTG,2,45747,188506003
USA,CTG,40349,76026,327275292
USA,CTG,6860,49174,208938626
USA,CTG,18180,62176,262840510
USA,CTG,20,20,86091
USA,CTG,31,146880,624093120
USA,CTG,750,7110,30019060
USA,CTG,3326,18758,76042052
USA,CTG,75474,358804,1521753746
USA,CTG,1013,5036,21263290
USA,CTG,22,8262,35105238
USA,CTG,592,46253,196671749
USA,CTG,1502,579,2461790
USA,CTG,1,7,29765
USA,CTG,5,7,29765
USA,CTG,2,183841,774430212
USA,CTG,21734,39406,166763740
USA,CTG,35112,150839,638139628
USA,CTG,2640,19615,82984261
USA,CTG,54970,122151,496033714
USA,CTG,2026,13638,57451381
USA,CTG,81030,42705,187332315
USA,CTG,2700,10476,44319870
USA,CTG,2808,21427,90650127
USA,CTG,6000,237384,1023942128
USA,CTG,22400,53060,223593248
USA,CTG,39950,76560,335841812
USA,CTG,38430,149324,605322361
USA,CTG,27010,14235,58657026
USA,CTG,167600,311176,1314728142
USA,CTG,19233,72294,305232197
USA,CTG,94854,141037,596895618
USA,CTG,23421,48956,206228835
USA,CTG,1096,10634,44797410
USA,CTG,423,4838,20381760
USA,CTG,184,1728,7279200
USA,CTG,246,2565,10805062
USA,CTG,3141,12265,51667155
USA,CTG,61587,111736,476172342
USA,CTG,19298,159541,662884903
USA,CTG,1,2500,10898500
USA,CTG,23666,34318,145815482
USA,CTG,81490,188774,805063802
USA,CTG,19248,76382,324599479
USA,CTG,15311,91321,383687837
USA,CTG,39952,91803,388506272
USA,CTG,14836,177724,738432557
USA,CTG,139402,563448,2384147452
USA,CTG,303,72062,316113204
USA,CTG,1,7850,34221290
USA,CTG,479265,72317,307273573
USA,CTG,1452,1262385,5475816837
USA,CTG,43080,936279,3981142063
USA,CTG,14160,345631,1468587989
USA,CTG,56640,1382526,5855563429
USA,CTG,26400,58627,249149066
USA,CTG,34838,42547,186640100
USA,CTG,45000,75507,306621903
USA,CTG,86896,137821,590319356
USA,CTG,25714,121903,514907392
USA,CTG,435,3144,13791659
USA,CTG,1846,13342,58527256
USA,CTG,287,71201,310393334
USA,CTG,350,24841,104642712
USA,CTG,163,99797,435055783
USA,CTG,100,5111,21530088
USA,CTG,9574,34147,144742824
USA,CTG,3503,9880,41879838
USA,CTG,2061,5917,25080428
USA,CTG,1257,5245,22231920
USA,CTG,76980,394545,1672416225
USA,CTG,13988,38450,162025124
USA,CTG,4927,11649,49376668
USA,CTG,11,164,694324
USA,CTG,5862,53658,227449824
USA,CTG,1764,4058,17200617
USA,CTG,12792,52194,221243385
USA,CTG,11,229,971756
USA,CTG,35393,43850,186455635
USA,CTG,26790,40886,179351226
USA,CTG,53,44470,195073016
USA,CTG,72033,186186,786457272
USA,CTG,84,337,1428577
USA,CTG,321995,2412845,10067333331
USA,CTG,57538,275388,1160475085
USA,CTG,19068,30442,129037376
USA,CTG,100387,430699,1790317277
USA,CTG,24993,15246,63345093
USA,CTG,5227,10874,46204561
USA,CTG,3060,12330,52390170
USA,CTG,1587600,97068,399981578
USA,CTG,60,164,690850
USA,CTG,875,2590,10910375
USA,CTG,99188,148798,630209754
USA,CTG,115459,562917,2469326496
USA,CTG,58,180,758250
USA,CTG,6900,12075,50865938
USA,CTG,38,344,1449100
USA,CTG,756,3240,13648500
USA,CTG,236,1105,4654812
USA,CTG,480,4100,17271250
USA,CTG,295,1681,7081212
USA,CTG,393,1345,5665812
USA,CTG,350,1500,6318750
USA,CTG,702,3640,15333500
USA,CTG,123,1217,5126612
USA,CTG,192,1433,6036512
USA,CTG,7,108,454950
USA,CTG,337,4110,17313375
USA,CTG,120,850,3580625
USA,CTG,72,375,1579688
USA,CTG,163,1340,5644750
USA,CTG,1138,3000,12637500
USA,CTG,60,205,863562
USA,CTG,46,320,1348000
USA,CTG,88,319,1343788
USA,CTG,116179,428816,1851613124
USA,CTG,7654,218954,930336353
USA,CTG,38,120,505500
USA,CTG,2780,5900,24853750
USA,CTG,16174,52600,222530085
USA,CTG,84,1440,6079598
USA,CTG,1971,29246,123478695
USA,CTG,12,62,260461
USA,CTG,100,1732,7310802
USA,CTG,10,113,478236
USA,CTG,5,31,130251
USA,CTG,5,10,44121
USA,CTG,2,41,173655
USA,CTG,4,180,758250
USA,CTG,109592,462208,1958437476
USA,CTG,5,225,947812
USA,CTG,591,658,2778431
USA,CTG,17862,108413,458652107
USA,CTG,1,103,434115
USA,CTG,2,144,607770
USA,CTG,9,278,1172179
USA,CTG,4,800,3370000
USA,CTG,24993,15246,63345093
USA,CTG,24993,15246,63345093
USA,CTG,19616,11670,49586807
USA,CTG,54816,22832,97013338
USA,CTG,70975,120218,497873189
USA,CTG,180000,169945,722622286
USA,CTG,640000,604250,2645555434
USA,CTG,39811,164124,689570607
USA,CTG,9810,33336,141642964
USA,CTG,16749,51828,219289970
USA,CTG,25170,66990,281830662
USA,CTG,2397,7755,32651626
USA,CTG,5394,17710,74425922
USA,CTG,1856,5558,23385283
USA,CTG,1780,3424,14373262
USA,CTG,58615,94539,396898877
USA,CTG,1094,4180,17501702
USA,CTG,1094,3116,13046723
USA,CTG,1094,3222,13492221
USA,CTG,10835,44237,187533161
USA,CTG,138700,690722,2932680061
USA,CTG,12000,11882,48963020
USA,CTG,2160,5358,22079765
USA,CTG,75880,298195,1261951617
USA,CTG,578,3769,16026552
USA,CTG,21594,137563,584928343
USA,CTG,1587600,97068,408900214
USA,CTG,66882,150543,639656272
USA,CTG,8756,35280,149905740
USA,CTG,257120,584191,2487597249
USA,CTG,43546,139856,594248569
USA,CTG,7978,21358,88006471
USA,CTG,5866,67660,285665385
USA,CTG,26,726,3064224
USA,CTG,103,4073,17194842
USA,CTG,2590,8095,34178663
USA,CTG,14,468,1975938
USA,CTG,16000,29760,130547002
USA,CTG,1587600,97068,393491592
USA,CTG,24,205,846417
USA,CTG,110,1368,5634948
USA,CTG,1435,51751,213246659
USA,CTG,3923,8534,35857538
USA,CTG,8684,21481,94229744
USA,CTG,134005,546549,2322674581
USA,CTG,59681,246039,1045595164
USA,CTG,90,543,2307763
USA,CTG,26150,42398,184828272
USA,CTG,308,1454,6180991
USA,CTG,205,1243,5282687
USA,CTG,108,745,3166586
USA,CTG,554,5932,25207920
USA,CTG,2016,5553,23443704
USA,CTG,45,541,2284995
USA,CTG,139,1030,4376734
USA,CTG,210,1405,5969610
USA,CTG,1049,10136,42793247
USA,CTG,270,3190,13557935
USA,CTG,13745,44934,186576533
USA,CTG,1,6,25333
USA,CTG,1,11,46443
USA,CTG,13795,33818,142177609
USA,CTG,324,1274,5413111
USA,CTG,212,2233,9488667
USA,CTG,55039,223257,924946874
USA,CTG,15048,23487,98566747
USA,CTG,15351,42581,181058925
USA,CTG,48,458,1885678
USA,CTG,16,298,1225926
USA,CTG,1656715,73035,320379625
USA,CTG,2325,10619,43045499
USA,CTG,17849,85707,347433703
USA,CTG,1325,14186,62229641
USA,CTG,18000,135158,592893947
USA,CTG,6170,15081,66153421
USA,CTG,1348,4523,19839459
USA,CTG,490,1047,4590947
USA,CTG,2764,9642,42296044
USA,CTG,507,1286,5643219
USA,CTG,1152,3180,13950017
USA,CTG,2,1,4202
USA,CTG,9,2,10084
USA,CTG,11,3,12605
USA,CTG,2,1,4202
USA,CTG,3,1,3781
USA,CTG,2,1,2521
USA,CTG,280,99,408930
USA,CTG,240,983,4155524
USA,CTG,5,4,16806
USA,CTG,1,41400,175148608
USA,CTG,5260,75553,318991566
USA,CTG,11938,33285,140815177
USA,CTG,19248,52173,220722008
USA,CTG,19266,151503,640949642
USA,CTG,19877,139526,590280598
USA,CTG,2107,10416,44064511
USA,CTG,16244,74733,316166304
USA,CTG,4,32671,138216906
USA,CTG,84902,185935,785033502
USA,CVE,572823,300031255,1245910000000
USA,CVE,35814,16078744,68318582321
USA,CVE,83912,40431311,166602000000
USA,CVE,79498,37808267,159323000000
USA,CVE,24994,12851544,54475767454
USA,MAM,49332,36611024,155673000000
USA,MAM,31974,14470237,60955873952
PHL,CTG,20000,113620,495315027
PHL,CTG,96585,156181,633122277
PHL,CTG,122545,156181,648924720
PHL,CTG,65110,218532,907986808
PHL,CTG,122635,189486,787304207
PHL,CTG,91365,170371,691109293
PHL,CTG,76360,73200,303153628
FIN,CTG,3712,16815,70406080
FIN,CTG,720,3125,13083569
FIN,CTG,3852,16448,68868108
FIN,CTG,62817,241382,1023180904
FRA,CTG,68448,62613,265708957
FRA,CTG,608,1008,4084609
FRA,CTG,2432,6473,27124582
FRA,CTG,1216,3906,17132802
FRA,CTG,100576,102114,433391613
FRA,CTG,23147,22836,95946139
FRA,CTG,23088,28218,123784220
FRA,CTG,196128,195480,826061574
FRA,CTG,33936,40774,170720476
FRA,CTG,73548,71280,299830529
FRA,CTG,50288,50508,213517014
FRA,CTG,22656,25445,111618213
FRA,CTG,22900,26150,110629394
FRA,CTG,1216,3929,16324178
FRA,CTG,49032,48600,205159554
FRA,CTG,46308,44880,189455983
FRA,CTG,1216,3902,16078824
FRA,CTG,1,26362,111561162
FRA,CTG,1,3224,13645564
FRA,CTG,7855,31005,136008393
FRA,CTG,3,30,131600
FRA,CTG,378,4029,17674292
FRA,CTG,993,18995,79530999
FRA,CTG,19376,59616,253351986
FRA,CTG,982,8238,35001180
FRA,CTG,12044,308583,1311167255
FRA,CTG,24000,103534,433496218
FRA,CTG,24000,105600,444840000
FRA,CTG,22816,98227,416368671
FRA,CTG,11520,9920,42150080
FRA,CTG,11520,17280,73422720
FRA,CTG,88128,435024,1827222801
FRA,CTG,7344,36239,153005375
FRA,CTG,20000,75000,316604250
FRA,CTG,6,5302,22475442
FRA,CTG,52704,48312,204105639
FRA,CTG,26352,24156,105964159
FRA,CTG,15,164,694720
FRA,CTG,198,3735,15804884
FRA,CTG,365,6785,28715101
FRA,CTG,897,15852,67085527
FRA,CTG,404,4736,20043964
FRA,CTG,57,388,1640312
FRA,CTG,661,4239,17937289
FRA,CTG,4119,94737,396664766
GAB,CTG,86688,209496,867613019
GMB,CTG,1,5500,23268355
GHA,CTG,48,2513,11022712
GHA,CTG,700,997,4372535
GHA,CTG,3,3312,14530811
GHA,CTG,1,43606,176767650
GHA,CTG,42000,76440,322736560
GRD,CTG,1706,7096,29998701
GRC,CTG,19326,88900,372223514
GRC,CTG,20000,120595,501065945
GRC,CTG,19989,85656,347833317
GRC,CTG,38578,171885,696782483
GLP,CTG,20160,15120,64368409
GLP,CTG,23040,29952,127157449
GLP,CTG,2416,37580,157893497
GLP,CTG,25600,42800,181989452
GLP,CTG,25920,18360,77674000
GLP,CTG,37800,27685,115561613
GLP,CTG,12600,13300,54009039
GLP,CTG,4339,17044,71363398
GLP,CTG,21312,18352,74524352
GLP,CTG,1440,2237,9083265
GLP,CTG,36,20,83098
GLP,CTG,15,10,40608
GLP,CTG,18,10,42490
GLP,CTG,11538,8884,37755529
GLP,CTG,2193,3070,13047460
GLP,CTG,7695,10773,45782126
GLP,CTG,23800,37100,150394496
GLP,CTG,19440,16200,71063892
GLP,CTG,6480,10440,45796730
GLP,CTG,25920,20160,88435066
GLP,CTG,23040,32000,134800000
GTM,CTG,10100,20325,82392672
GTM,CTG,8000,15280,61941453
GTM,CTG,200,1234,5002340
GTM,CTG,500,2600,10539776
GTM,CTG,75,161500,654682240
GTM,CTG,100,845,3425427
GTM,CTG,700,1750,7094080
GTM,CTG,400,1628,6599521
GTM,CTG,3010,2537,10789381
GTM,CTG,108,23898,97520265
GTM,CTG,34,9686,40112152
GTM,CTG,250,1372,5835994
GTM,CTG,95859,19239,79936974
GTM,CTG,29478,51256,223446540
GTM,CTG,64,768,3349414
GTM,CTG,26364,52497,217413148
GTM,CTG,34,22780,92505707
GTM,CTG,229,434995,1766440746
GTM,CTG,1242,21891,95431625
GTM,CTG,125,1000,4359400
GTM,CTG,5544,16481,66925727
GTM,CTG,3655,26621,108104492
GTM,CTG,73300,86441,376830895
GTM,CTG,975,1989,8670847
GTM,CTG,8000,5980,26069210
GTM,CTG,1875,24190,102858057
GTM,CTG,48,746,3171719
GTM,CTG,333,3582,15713016
GTM,CTG,548,3456,15162052
GTM,CTG,207,2814,12344061
GTM,CTG,513,2427,10646424
GTM,CTG,794,4558,19994396
GTM,CTG,115,1178,4983145
GTM,CTG,125640,2522,10992663
GTM,CTG,2400,2,10528
GTM,CTG,14004,8472,37165319
GTM,CTG,250,2492,10548185
GTM,CTG,14004,2127,9331084
GTM,CTG,7860,7373,31122324
GTM,CTG,21120,92694,391362410
GTM,CTG,2549,50580,220500239
GTM,CTG,20894,41478,173667293
GTM,CTG,60945,120932,508099577
GTM,CTG,1368,3288,13879930
GTM,CTG,5819,16426,69252622
GTM,CTG,1711,17394,73610886
GTM,CTG,560,3304,13727922
GTM,CTG,8010,26744,111501387
GTM,CTG,100,81,342790
GTM,CTG,16764,156099,657798357
GTM,CTG,40,576,2510143
GTM,CTG,732,165292,686314575
GTM,CTG,184,48239,201460640
GTM,CTG,15000,6540,27808669
GTM,CTG,40,5280,22249762
GTM,CTG,10,3200,13252576
GTM,CTG,5,475,1967179
GTM,CTG,31100,3951,17224077
GTM,CTG,100,668,2826956
GTM,CTG,5,1259,5329743
GTM,CTG,300,88,382537
GTM,CTG,254,7903,33362110
GTM,CTG,30,37762,153346402
GTM,CTG,10,1300,5279079
GTM,CTG,1000,4180,18336239
GTM,CTG,19000,40660,178361596
GTM,CTG,300,4050,17655570
GTM,CTG,624,2330,10156007
GTM,CTG,10710,16491,69492326
GTM,CTG,24800,74571,314743021
GTM,CTG,78495,178371,754307041
GTM,CTG,8740,20841,88060298
GTM,CTG,185,559,2353839
GTM,CTG,1080,2118,8963312
GTM,CTG,905,5806,24570395
GTM,CTG,4410,11851,49080087
GTM,CTG,900,4590,19424742
GTM,CTG,950,4382,18546185
GTM,CTG,4191,32760,135673247
GTM,CTG,4814,28097,118905830
GTM,CTG,3,38,161282
GTM,CTG,2,33,141425
GTM,CTG,473,2301,9639172
GTM,CTG,216,529,2227057
GTM,CTG,922,4495,18852938
GTM,CTG,962,5523,23310312
GTM,CTG,10,105,438129
GTM,CTG,200,1035,4362344
GTM,CTG,200,748,3150575
GTM,CTG,52835,101318,444447530
GTM,CTG,1555,4463,19577313
GTM,CTG,198,610,2678012
GTM,CTG,1329,6245,26553452
GTM,CTG,2016,3094,13037391
GTM,CTG,9,151,613997
GTM,CTG,7,153,619845
GTM,CTG,288,130,526284
GTM,CTG,2466,23655,96058934
GTM,CTG,6759,107518,436610290
GTM,CTG,4,89,369664
GTM,CTG,24,1058,4297982
GTM,CTG,72,207,842054
GTM,CTG,100,19145,77744590
GTM,CTG,72,2441,9911674
GTM,CTG,132,1362,5530850
GTM,CTG,36,684,2777608
GTM,CTG,39,6592,27300099
GTM,CTG,12,563,2331252
GTM,CTG,2,25,105192
GTM,CTG,1,142,589615
GTM,CTG,5,2231,9239572
GTM,CTG,5,183,759124
GTM,CTG,18750,41250,170833988
GTM,CTG,945,9729,41077474
GTM,CTG,154,976,4122111
GTM,CTG,2436,46817,197667276
GTM,CTG,1,1,3978
GTM,CTG,16,29,120653
GTM,CTG,4,10,42447
GTM,CTG,14,74,300501
GTM,CTG,19,547,2221274
GTM,CTG,24828,42481,180530061
GTM,CTG,96,64320,272642832
GTM,CTG,84,140100,593862885
GTM,CTG,24091,47726,202821744
GTM,CTG,35,312,1327524
GTM,CTG,73,16520,70204784
GTM,CTG,120,31969,135859829
GTM,CTG,38,35,148740
GTM,CTG,3,0,1275
GTM,CTG,14,403,1713993
GTM,CTG,766,5945,25152499
GTM,CTG,150,855,3617172
GTM,CTG,8872,21074,89157525
GTM,CTG,130593,25149,106181341
GTM,CTG,1439,6185,26281170
GTM,CTG,331,1624,6900376
GTM,CTG,3313,14742,62639693
GTM,CTG,446,1728,7342272
GTM,CTG,1973,13277,56413973
GTM,CTG,1787,28498,120323232
GTM,CTG,3427,72468,307918062
GTM,CTG,20100,63612,269117563
GTM,CTG,14004,8472,35689774
GTM,CTG,14004,2127,8960619
GTM,CTG,13725,70706,298527096
GTM,CTG,378,792,3347416
GTM,CTG,21477,43030,181903831
GTM,CTG,316,927,3920397
GTM,CTG,2430,44352,187259656
GTM,CTG,150,525,2216597
GTM,CTG,297,10418,44073860
GTM,CTG,322,4646,19740132
GTM,CTG,4500,74250,313883708
GTM,CTG,780,9444,39923471
GTM,CTG,37056,232341,982196527
GTM,CTG,900,2838,11998009
GTM,CTG,1872,2544,10756509
GTM,CTG,1400,1700,7186563
GTM,CTG,371,81118,343180737
GTM,CTG,120,31969,135249217
GTM,CTG,2,10429,44119974
GTM,CTG,92,2644,11234951
GTM,CTG,8000,1840,7778398
GTM,CTG,696,19667,82845595
GTM,CTG,50,5,21137
GTM,CTG,220,15686,66078918
GTM,CTG,672,3965,16739742
GTM,CTG,1009,5382,23609092
GTM,CTG,15546,50898,223270071
GTM,CTG,1037,1087,4600998
GTM,CTG,3931,7469,31609769
GTM,CTG,19728,32760,138639337
GTM,CTG,750,3652,15457270
GTM,CTG,10400,84230,356458833
GTM,CTG,59,13,56676
GTM,CTG,1152,1930,8166009
GTM,CTG,2,41342,175662158
GTM,CTG,5,103840,441216160
GTM,CTG,23,394179,1655966558
GTM,CTG,6936,47095,194062453
GTM,CTG,22457,22821,97036095
GTM,CTG,6,3720,15575677
GTM,CTG,22,11142,46651665
GTM,CTG,19000,154647,642548674
GTM,CTG,183510,162012,706273587
GTM,CTG,22000,14226,62404625
GTM,CTG,48000,392417,1630467594
GTM,CTG,66817,67917,286753586
GTM,CTG,6,6578,27954592
GTM,CTG,2,526,2235347
GTM,CTG,45067,45797,193811911
GTM,CTG,3720,24434,101191369
GTM,CTG,19563,64375,260961043
GTM,CTG,670540,61848,256137092
GTM,CTG,1008,8961,37111768
GTM,CTG,3000,48150,209905109
GTM,CTG,1500,48810,207544513
GTM,CTG,29088,130034,569306211
GTM,CTG,345,446,1838291
GTM,CTG,678,730,3007476
GTM,CTG,2241,2179,8979902
GTM,CTG,1451,1759,7249324
GTM,CTG,586,565,2330087
GTM,CTG,19,16,66466
GTM,CTG,20,25,103716
GTM,CTG,2223,2542,10474863
GTM,CTG,204,351,1445678
GTM,CTG,42,54,224533
GTM,CTG,602,841,3465400
GTM,CTG,2336,3388,13961320
GTM,CTG,1910,11983,49376277
GTM,CTG,180,974,4012577
GTM,CTG,248,1423,5862777
GTM,CTG,822,3937,16223870
GTM,CTG,46,303,1249125
GTM,CTG,26751,81635,336388132
GTM,CTG,480,1589,6755721
GTM,CTG,1000,4550,19835270
GTM,CTG,3000,20070,85339446
GTM,CTG,18000,2747,11973615
GTM,CTG,1,500,2179700
GTM,CTG,18,514,2242563
GTM,CTG,207,255,1050758
GTM,CTG,1346,1752,7218543
GTM,CTG,1052,1583,6524590
GTM,CTG,1443,1954,8050620
GTM,CTG,22,36,149702
GTM,CTG,48,77,316381
GTM,CTG,688,1112,4580110
GTM,CTG,3,23,95516
GTM,CTG,3,25,102851
GTM,CTG,80955,227239,978189432
GTM,CTG,3314,27127,111779152
GTM,CTG,29,2679,11257159
GTM,CTG,1502,8274,36068019
GTM,CTG,656,5946,24980785
GTM,CTG,3158,33495,140728609
GTM,CTG,24,496,2059188
GTM,CTG,2,1398,5873739
GTM,CTG,2,611,2565958
GTM,CTG,8,759,3151771
GTM,CTG,20,1118,4644807
GTM,CTG,1377,29112,120960151
GTM,CTG,250,485,2015561
GTM,CTG,300,1110,4838934
GTM,CTG,14779,35130,153143760
GTM,CTG,4235,11157,48650076
GTM,CTG,40,6325,27573204
GTM,CTG,555,4798,20916227
GTM,CTG,120,1031,4492885
GTM,CTG,1090,5363,23379898
GTM,CTG,210,11632,48871777
GTM,CTG,1,1,4155
GTM,CTG,50,30,124648
GTM,CTG,40470,127694,534655469
GTM,CTG,69000,264820,1132517256
GTM,CTG,18200,95344,394860005
GTM,CTG,510,2672,11064741
GTM,CTG,23000,40758,168796404
GTM,CTG,23000,64431,282636890
GTM,CTG,210500,32850,144101781
GTM,CTG,4763,49758,209678719
GTM,CTG,3287,32842,144064977
GTM,CTG,72600,10003,42401217
GTM,CTG,30128,95135,404297478
GTM,CTG,300,13659,57898452
GTM,CTG,3451,20075,85096609
GTM,CTG,180,105,443242
GTM,CTG,2120,677,2861943
GTM,CTG,135,270,1142664
GTM,CTG,138,340,1436213
GTM,CTG,68,127,534934
GTM,CTG,8148,11615,49100416
GTM,CTG,26,101,428996
GTM,CTG,155,862,3644602
GTM,CTG,160,78,329736
GTM,CTG,225,247,1042897
GTM,CTG,8,12314,52328974
GTM,CTG,2000,32100,135802581
GTM,CTG,18758,85702,362571738
GTM,CTG,841800,74501,314945586
GTM,CTG,12,37941,160513193
GTM,CTG,500,2225,9413107
GTM,CTG,12000,45493,188406075
GTM,CTG,2288,8618,36457705
GTM,CTG,1568,1986,8402838
GTM,CTG,7000,18617,77100257
GTM,CTG,4000,10638,44057278
GTM,CTG,15,255,1083495
GTM,CTG,76500,1345,5685036
GTM,CTG,2388,37822,159687888
GTM,CTG,1188,8886,37594216
GTM,CTG,3048,26573,112909867
GTM,CTG,100,126,535799
GTM,CTG,175,140,592736
GTM,CTG,100,43,181916
GTM,CTG,291,8686,36747078
GTM,CTG,300,897,3794857
GTM,CTG,14986,59421,251387711
GTM,CTG,22050,17693,74852183
GTM,CTG,160,222,975549
GTM,CTG,165,229,1002922
GTM,CTG,39,58,254865
GTM,CTG,1553,1991,8732085
GTM,CTG,816,1131,4959996
GTM,CTG,83,107,468846
GTM,CTG,1663,10404,45640434
GTM,CTG,9,72,315883
GTM,CTG,24,133,583557
GTM,CTG,721,3029,13285131
GTM,CTG,1023,7029,30831903
GTM,CTG,76,504,2212456
GTM,CTG,15,118,519468
GTM,CTG,31,246,1077583
GTM,CTG,40316,122765,513134656
GTM,CTG,554,861,3775072
GTM,CTG,240,464,2035630
GTM,CTG,2934,6784,28711758
GTM,CTG,1392,6903,29213754
GTM,CTG,23,179,786133
GTM,CTG,9,71,310532
GTM,CTG,165,1329,5829169
GTM,CTG,7,51,225825
GTM,CTG,19,3,12696
GTM,CTG,349,29676,126184385
GTM,CTG,18120,105614,463291525
GTM,CTG,510,2973,13039654
GTM,CTG,9000,29416,121210510
GTM,CTG,1831,5343,22016308
GTM,CTG,58200,7354,30302215
GTM,CTG,2000,93,383176
GTM,CTG,8500,603,2484157
GTM,CTG,4585500,57411,236569945
GTM,CTG,2000,219,901592
GTM,CTG,7700,41160,173446289
GTM,CTG,5275,22760,99839899
GTM,CTG,26690,72738,306515666
GTM,CTG,300000,215634,910273607
GTM,CTG,2993,14214,58864464
GTM,CTG,5003,50972,214794942
GTM,CTG,137,1070,4693726
GTM,CTG,2197,8316,35043375
GTM,CTG,1500,440,1865094
GTM,CTG,84000,98154,411452291
GTM,CTG,58000,77496,324853555
GTM,CTG,16800,28307,123401536
GTM,CTG,19725,60024,254590779
GTM,CTG,168697,491438,2111587292
GTM,CTG,12777,74141,313663348
GTM,CTG,2000,7591,31541812
GTM,CTG,857,96159,419197288
GTM,CTG,7128,67062,292349124
GTM,CTG,12175,124488,542692987
GTM,CTG,75888,228506,965688834
GTM,CTG,16000,28675,125005794
GTM,CTG,144,21894,92626668
GTM,CTG,169,341,1495983
GTM,CTG,211,396,1732082
GTM,CTG,8,0,2115
GTM,CTG,3,0,2115
GTM,CTG,13,5,21153
GTM,CTG,186000,9539,40198577
GTM,CTG,24000,32939,139046592
GTM,CTG,28800,36698,155955008
GTM,CTG,8034,26806,113899331
GTM,CTG,125000,4184,17779218
GTM,CTG,108000,2103,8937474
GTM,CTG,54500,3692,15687733
GTM,CTG,110000,1812,7700378
GTM,CTG,141600,236676,1001283852
GTM,CTG,564290,447578,1881784484
GTM,CTG,3042,36020,153050680
GTM,CTG,24000,67490,274065417
GTM,CTG,300000,222192,940310090
GTM,CTG,3110,20298,84062580
GTM,CTG,24000,195760,813371054
GTM,CTG,26160,53787,226656804
GTM,CTG,3528,4586,19326952
GTM,CTG,900,1530,6447374
GTM,CTG,1200,1620,6826631
GTM,CTG,1037,7146,29920373
GTM,CTG,16042,43557,182375269
GTM,CTG,10,702,3079435
GTM,CTG,8,480,2106299
GTM,CTG,62,243,1063941
GTM,CTG,98,11952,52430106
GTM,CTG,33,2740,12020677
GTM,CTG,2,5,21194
GTM,CTG,6,30,127166
GTM,CTG,17,34,144121
GTM,CTG,51,5913,25126495
GTM,CTG,39720,79317,334122862
GTM,CTG,36240,76104,320588100
GTM,CTG,1020,1734,7304475
GTM,CTG,180,765,3222562
GTM,CTG,106050,172713,729888497
GTM,CTG,2414,8961,37747454
GTM,CTG,18157,32880,138996583
GTM,CTG,547,197,832458
GTM,CTG,19760,35814,150472125
GTM,CTG,25010180,3501425,14817926404
GTM,CTG,22680,38487,168830699
GTM,CTG,2546,28385,121868014
GTM,CTG,110,5076,21698158
GTM,CTG,205,8379,35946849
GTM,CTG,22,228,953005
GTM,CTG,97,2729,11426183
GTM,CTG,6412,57011,239946065
GTM,CTG,143,474,1983722
GTM,CTG,143,690,2889665
GTM,CTG,252,1232,5159317
GTM,CTG,5514,24757,107924794
GTM,CTG,1,50,219816
GTM,CTG,5,12817,55875825
GTM,CTG,2,21671,94471162
GTM,CTG,385,1937,8236298
GTM,CTG,1184,5574,23340404
GTM,CTG,2222,11165,47475946
GTM,CTG,83,419,1779925
GTM,CTG,3220,70768,300911905
GTM,CTG,25,315,1383202
GTM,CTG,322,6331,26934420
GTM,CTG,141,2078,9001102
GTM,CTG,166,2109,9253440
GTM,CTG,9,249,1043361
GTM,CTG,49,616,2700691
GTM,CTG,116,1473,6461068
GTM,CTG,3,93,387382
GTM,CTG,1152,14602,64055106
GTM,CTG,1794,26238,113220636
GTM,CTG,1415,3736,15642293
GTM,CTG,601,4285,17943096
GTM,CTG,2915,17519,73614545
GTM,CTG,6,75,328912
GTM,CTG,65,829,3635401
GTM,CTG,6,78,342730
GTM,CTG,124,625,2657556
GTM,CTG,1092,8356,36428716
GTM,CTG,120,306,1301990
GTM,CTG,311838,103956,435265942
GTM,CTG,2,5,22635
GTM,CTG,30,215,912499
GTM,CTG,37,281,1225863
GTM,CTG,11601,70498,298344956
GTM,CTG,113,50,220868
GTM,CTG,138,695,2956903
GTM,CTG,2,0,746
GTM,CTG,81,1024,4493782
GTM,CTG,2,4,19696
GTM,CTG,50,276,1173577
GTM,CTG,723,25541,111343435
GTM,CTG,30,534,2328835
GTM,CTG,300,820,3486714
GTM,CTG,65,1096,4779428
GTM,CTG,8,16,67876
GTM,CTG,64,230,978491
GTM,CTG,190,533,2265939
GTM,CTG,2300,10341,45360389
GTM,CTG,35,44,182637
GTM,CTG,540,1254,5331270
GTM,CTG,100,315,1339408
GTM,CTG,8633,52164,220204588
GTM,CTG,5268,16017,67614172
GTM,CTG,1402,7047,29964138
GTM,CTG,790,9196,38827480
GTM,CTG,2694,52042,219319121
GTM,CTG,968,8900,37536377
GTM,CTG,22810,494208,2080811716
GTM,CTG,32,467,1966311
GTM,CTG,2,1306,5514894
GTM,CTG,30,2210,9329974
GTM,CTG,130,1648,6950878
GTM,CTG,100,2651,11192761
GTM,CTG,3440,13263,55991903
GTM,CTG,66,3592,15150812
GTM,CTG,297,7115,30077880
GTM,CTG,5634,21266,89900775
GTM,CTG,7603,164736,695414903
GTM,CTG,12,200,842500
GTM,CTG,12,480,2022000
GTM,CTG,24,4885,20707376
GTM,CTG,7,5770,24457486
GTM,CTG,882,3246,13758035
GTM,CTG,250,1731,7339187
GTM,CTG,1340,31296,132658965
GTM,CTG,159,3019,12828175
GTM,CTG,18,68164,287793318
GTM,CTG,3778,19304,82020741
GTM,CTG,600,3154,12786410
GTM,CTG,100,1350,5711324
GTM,CTG,204,1025,4153766
GTM,CTG,100,599,2428729
GTM,CTG,604,7251,29395800
GTM,CTG,1000,862,3494260
GTM,CTG,1000,777,3149163
GTM,CTG,1000,5257,21310657
GTM,CTG,60,344,1395061
GTM,CTG,9604,73596,312708384
GTM,CTG,125,31,131940
GTM,CTG,35,9,36943
GTM,CTG,50,12,52776
GTM,CTG,120,30,126663
GTM,CTG,778,273,1153686
GTM,CTG,40,1,3167
GTM,CTG,110,28,116107
GTM,CTG,243,61,256492
GTM,CTG,400,100,422209
GTM,CTG,200,50,211104
GTM,CTG,75,19,79164
GTM,CTG,3049,27287,114252449
GTM,CTG,39,1922,8048312
GTM,CTG,46,1938,8114593
GTM,CTG,16,196,821868
GTM,CTG,48,1418,5936175
GTM,CTG,898,5329,22314209
GTM,CTG,42,130,543223
GTM,CTG,198,982,4112314
GTM,CTG,126,822,3443230
GTM,CTG,173,815,3411115
GTM,CTG,160100,17321,73651259
GTM,CTG,61,1339,5606113
GTM,CTG,6,443,1854343
GTM,CTG,67,2579,10796917
GTM,CTG,401,3240,13567503
GTM,CTG,663,7552,31621346
GTM,CTG,43,122,510773
GTM,CTG,382,6629,27755480
GTM,CTG,429,1801,7539046
GTM,CTG,60000,3704,15751740
GTM,CTG,60000,1867,7940140
GTM,CTG,220,431,1804853
GTM,CTG,427,1685,7132562
GTM,CTG,4419,25630,108463275
GTM,CTG,1839,15645,65503720
GTM,CTG,5,188,789210
GTM,CTG,55,1547,6476425
GTM,CTG,24,275,1150381
GTM,CTG,59,1112,4656918
GTM,CTG,1263,17127,71710083
GTM,CTG,4795,27443,111246525
GTM,CTG,2087,13396,54302993
GTM,CTG,4048,22738,93693339
GTM,CTG,2,145536,618832468
GTM,CTG,4320,66826,282099959
GTM,CTG,600,9120,38418000
GTM,CTG,4800,67296,273277616
GTM,CTG,28,57383,241809735
GTM,CTG,108,1440,6085412
GTM,CTG,10573,33356,141008863
GTM,CTG,2,1582,6707005
GTM,CTG,635,8100,33377022
GTM,CTG,3120,10983,46702703
GTM,CTG,2568,7626,32427416
GTM,CTG,161,916,3894149
GTM,CTG,7508,12276,52199677
GTM,CTG,223,875,3718963
GTM,CTG,277,1792,7618300
GTM,CTG,46,358,1523269
GTM,CTG,78,1287,5474183
GTM,CTG,2842,8735,37142049
GTM,CTG,666,2334,9924591
GTM,CTG,864,1207,5134229
GTM,CTG,557,2145,9122519
GTM,CTG,51,439,1867816
GTM,CTG,16,259,1100398
GTM,CTG,2935,12457,52718836
GTM,CTG,12454,34909,150168254
GTM,CTG,179,852,3607975
GTM,CTG,18082,28782,124752076
GTM,CTG,514,1898,8082358
GTM,CTG,54,402,1750779
GTM,CTG,49,406,1673095
GTM,CTG,164,949,3910056
GTM,CTG,2455,8970,38415415
GTM,CTG,533,4845,20988770
GTM,CTG,4912,14124,58969434
GTM,CTG,701,2683,11531895
GTM,CTG,552,785,3424222
GTM,CTG,229,1118,4759255
GTM,CTG,179,1187,4989329
GTM,CTG,4428,15409,64934918
GTM,CTG,58,488,2011563
GTM,CTG,1556,20556,86791013
GTM,CTG,1755,19295,81465142
GTM,CTG,1378,8695,36951356
GTM,CTG,531,2595,11026978
GTM,CTG,132,1715,7287190
GTM,CTG,2173,4452,18920474
GTM,CTG,18709,36306,154291331
GTM,CTG,2792,13250,56306533
GTM,CTG,50,199,843652
GTM,CTG,63,641,2724149
GTM,CTG,12,129,549997
GTM,CTG,1164,9447,40147818
GTM,CTG,6,32,136713
GTM,CTG,5,186,788534
GTM,CTG,18,2276,9670683
GTM,CTG,2999,11837,50303817
GTM,CTG,20,20,85929
GTM,CTG,8,953,4050696
GTM,CTG,8,794,3372187
GTM,CTG,2412,26910,113356732
GTM,CTG,3199,70350,296351355
GTM,CTG,1944,5837,24692886
GTM,CTG,1825,6125,25911175
GTM,CTG,133,589,2492295
GTM,CTG,1728,2323,9827707
GTM,CTG,225,782,3308845
GTM,CTG,51,344,1454864
GTM,CTG,23,219,925150
GTM,CTG,101,399,1688267
GTM,CTG,316,3692,15621062
GTM,CTG,614,1944,8223840
GTM,CTG,397,1426,6030988
GTM,CTG,431,1453,6146865
GTM,CTG,1000,7194,31555439
GTM,CTG,3000,5110,22413639
GUF,CTG,23040,17280,73476115
GUF,CTG,5611,14951,62119677
GUF,CTG,726,1882,7817935
GUF,CTG,270,875,3634742
GUF,CTG,30,3,12465
GUF,CTG,100,2,8310
GUF,CTG,30,6,24930
GUF,CTG,19,37,153733
GUF,CTG,20,4,16620
GUF,CTG,252,68967,302536359
GUF,CTG,23040,19840,84300160
GUF,CTG,23040,32000,135423040
GUF,CTG,617,1499,6315633
GUF,CTG,24960,24960,104507770
GUF,CTG,11498,28836,121472282
GUF,CTG,2161,6763,28489980
GUF,CTG,22608,31400,133440894
GUY,CTG,75690,72956,307975729
GUY,CTG,88,21679,95099455
GUY,CTG,163,36660,155810474
GUY,CTG,49,13039,55179937
GUY,CTG,0,27,115685
GUY,CTG,80,258,1090017
GUY,CTG,4,114,479376
GUY,CTG,1469,1307,5516583
GUY,CTG,0,29,124003
GUY,CTG,475,242573,1024164869
GUY,CTG,3200,2952,12461921
GUY,CTG,94,1463,6175693
GUY,CTG,20,165,695800
GUY,CTG,0,36,154106
GUY,CTG,1,92,387757
GUY,CTG,2,43,183196
GUY,CTG,1,17,71438
GUY,CTG,2,11,44627
GUY,CTG,1,6,26177
GUY,CTG,298,2114,8923767
GUY,CTG,2,51,215369
GUY,CTG,100,169,714504
GUY,CTG,15,15,62318
GUY,CTG,6,14,59827
GUY,CTG,2,21,88495
GUY,CTG,2,129,544354
GUY,CTG,3,98,415243
GUY,CTG,1,84,355711
GUY,CTG,5,3156,13325676
GUY,CTG,1,545,2299181
GUY,CTG,2,100,422040
GUY,CTG,1,19,82246
GUY,CTG,767,2532,10688770
GUY,CTG,2,49,208951
GUY,CTG,2,207,874015
GUY,CTG,1,1082,4569357
GUY,CTG,18000,36000,146189880
GUY,CTG,2000,3900,15837237
GUY,CTG,88,24658,104089346
GUY,CTG,2931,13946,58883378
GUY,CTG,19012,18641,81772080
GUY,CTG,57036,54332,221311583
GUY,CTG,36848,113225,458985517
GUY,CTG,20700,86003,348635521
GUY,CTG,20244,49318,199924146
GUY,CTG,20700,80207,340799543
GUY,CTG,18424,53664,228019016
GUY,CTG,248940,52791,231574720
GUY,CTG,397440,66541,291890813
GUY,CTG,346470,64167,260571441
GUY,CTG,260,1191,5027929
GUY,CTG,4161,28084,118552504
GUY,CTG,1,205583,851407604
GUY,CTG,135792,18667,75805422
GUY,CTG,247176,28413,120205676
GUY,CTG,92052,14890,62995221
GUY,CTG,6,141851,576032796
GUY,CTG,510234,41151,166816562
GUY,CTG,755700,50232,203628959
GUY,CTG,82164,42493,180553224
GUY,CTG,31968,7582,32216258
GUY,CTG,24000,103169,435516078
GUY,CTG,26880,10339,43931261
GUY,CTG,53760,20678,87291591
GUY,CTG,80640,34138,148819453
GUY,CTG,22797,94724,399931142
GUY,CTG,245,20,84442
GUY,CTG,9544,15606,66042854
GUY,CTG,23510,63938,276343870
GUY,CTG,5220,17700,77643882
GUY,CTG,2873,11411,50057932
GUY,CTG,2193,9078,39507461
GUY,CTG,14115,41997,175422740
GUY,CTG,2265,5538,22934825
GUY,CTG,12533,38269,158487970
GUY,CTG,12495,32539,134756251
GUY,CTG,0,3,10768
GUY,CTG,14,41,169550
GUY,CTG,1,78,321789
GUY,CTG,10,73,304271
HTI,CTG,15200,37123,162847778
HTI,CTG,8400,12465,51363570
HTI,CTG,7600,18327,75516790
HTI,CTG,2,6150,25341813
HTI,CTG,1,9483,39075839
HTI,CTG,12,4536,18691132
HTI,CTG,2,2900,11949798
HTI,CTG,1,4087,16840974
HTI,CTG,2729,24608,107945657
HTI,CTG,1500,44766,189007474
HTI,CTG,1720000,19007,80760701
HTI,CTG,21420,40950,172501875
HTI,CTG,2674,47410,207971638
HTI,CTG,6715,15217,63020637
HTI,CTG,12940,29317,121414635
HND,CTG,46000,53360,220986705
HND,CTG,60450,225625,952296042
HND,CTG,22000,94213,390177538
HND,CTG,76000,188907,793339740
HND,CTG,18400,42849,180566170
HND,CTG,1163,81497,343423975
HND,CTG,1800,12900,53155998
HND,CTG,59,277,1176128
HND,CTG,16240,58381,242569552
HND,CTG,2,142,605072
HND,CTG,4686,21640,92017013
HND,CTG,71,257,1092107
HND,CTG,99,529,2250206
HND,CTG,6300,18650,78588813
HND,CTG,22,307,1305136
HND,CTG,24000,138331,574757836
HND,CTG,224585,16255,67537095
HND,CTG,2100,206,875080
HND,CTG,15,188,761406
HND,CTG,650,12095,49838816
HND,CTG,1800,2322,9784838
HND,CTG,138,1678,6814073
HND,CTG,1000,52690,217115880
HND,CTG,500,740,3005014
HND,CTG,49,11009,44703891
HND,CTG,2465,4579,18593322
HND,CTG,31800,1356,5506485
HND,CTG,30,318,1290126
HND,CTG,1927,13140,54145977
HND,CTG,7,7,28914
HND,CTG,1921,58,237471
HND,CTG,47,38308,155562925
HND,CTG,61,16412,66647398
HND,CTG,3,644,2613469
HND,CTG,4483,25587,107367688
HND,CTG,1896,7490,31503426
HND,CTG,3777,19345,81089780
HND,CTG,2900,12818,53668299
HND,CTG,14,457,1927807
HND,CTG,55367,317233,1335833099
HND,CTG,288,142,598133
HND,CTG,1580,1130,4760757
HND,CTG,1200,2160,9099000
HND,CTG,780,6165,25968125
HND,CTG,8848,20292,85782156
HND,CTG,453,1570,6637002
HND,CTG,10946,24248,102145922
HND,CTG,27,657,2775873
HND,CTG,104,1168,4938691
HND,CTG,16,398,1684192
HND,CTG,241,4848,20493245
HND,CTG,21,623,2631931
HND,CTG,12,368,1553819
HND,CTG,36,834,3527292
HND,CTG,148,3461,14631927
HND,CTG,31,765,3232051
HND,CTG,9,216,914638
HND,CTG,36,644,2721720
HND,CTG,134,2419,10225760
HND,CTG,12,343,1451855
HND,CTG,5502,91333,400647695
HND,CTG,20,15,63188
HND,CTG,3,2,8425
HND,CTG,15,15,63188
HND,CTG,0,4,16850
HND,CTG,2679,239,1006366
HND,CTG,1150,39,164288
HND,CTG,2920,49,208098
HND,CTG,216,592,2492789
HND,CTG,50,38,157969
HND,CTG,780,1739,7391946
HND,CTG,5419,24848,105598112
HND,CTG,347,1541,6513182
HND,CTG,2000,2980,12579742
HND,CTG,1877,8327,35200251
HND,CTG,6800,6121,25839128
HND,CTG,340,500,2109851
HND,CTG,4300,4850,20473742
HND,CTG,147,652,2755159
HND,CTG,719,3191,13488376
HND,CTG,227,1008,4259983
HND,CTG,253,1122,4741906
HND,CTG,359,8181,34535192
HND,CTG,450,1998,8444677
HND,CTG,1500,415,1751877
HND,CTG,23980,45623,192590787
HND,CTG,3700,6875,29022056
HND,CTG,400,1211,5112103
HND,CTG,140,1159,4893013
HND,CTG,310,4595,19397709
HND,CTG,70,440,1856567
HND,CTG,29,2653,11198503
HND,CTG,1300,1669,7045500
HND,CTG,40,40,168856
HND,CTG,40,16,67542
HND,CTG,20,18,75985
HND,CTG,30,15,63321
HND,CTG,2,25,105535
HND,CTG,1,45,189963
HND,CTG,20,18,75985
HND,CTG,2,16,67542
HND,CTG,30,3,12664
HND,CTG,30,12,50657
HND,CTG,10,5,21107
HND,CTG,10,2,8443
HND,CTG,40,12,50657
HND,CTG,46000,54855,233117842
HND,CTG,250000,46500,197578500
HND,CTG,2500,10228,43181552
HND,CTG,21000,85912,362730180
HND,CTG,4940,32810,139408840
HND,CTG,15200,38185,161420900
HND,CTG,37,602,2558748
HND,CTG,46,185,784535
HND,CTG,173,889,3758995
HND,CTG,7964,20883,88282361
HND,CTG,144,524,2214307
HND,CTG,638,2387,10092260
HND,CTG,565,1820,7692286
HND,CTG,2040,5210,22026816
HND,CTG,820,1960,8327190
HND,CTG,39800,45395,191617705
HND,CTG,1157,11107,46990612
HND,CTG,140,1972,8341832
HND,CTG,5808,2149,9131951
HND,CTG,2328,496,2105804
HND,CTG,13500,25962,109402752
HND,CTG,2074252,40967,172945760
HND,CTG,2031,6428,27313932
HND,CTG,9,1581,6719709
HND,CTG,84,69,292671
HND,CTG,1,7267,30803130
HND,CTG,3000,288,1225114
HND,CTG,90,194,826006
HND,CTG,44,156,661824
HND,CTG,396000,53521,226500621
HND,CTG,162,1659,7020330
HND,CTG,81,881,3729551
HND,CTG,1137,12338,52213707
HND,CTG,1093,17093,72338671
HND,CTG,1514,17558,74303787
HND,CTG,216,2129,9009018
HND,CTG,3864,65759,278289269
HND,CTG,3,91,386506
HND,CTG,1,4651,19682892
HND,CTG,814,178366,749437589
HND,CTG,44899,46449,197504988
HND,CTG,27859,69986,305097404
HND,CTG,45061,47429,200250436
HND,CTG,200,2400,9939432
HND,CTG,3000,30990,130591942
HND,CTG,10,38091,160458885
HND,CTG,7000,78590,331759040
HND,CTG,1105,4347,18310642
HND,CTG,7726,9106,38357045
HND,CTG,33,1061,4370288
HND,CTG,11,11773,48512348
HND,CTG,1,1399,5762811
HND,CTG,1,89,366364
HND,CTG,690,11276,46462875
HND,CTG,3,1153,5058302
HND,CTG,1979,56104,246109655
HND,CTG,32,4002,17556817
HND,CTG,117,7495,32877973
HND,CTG,404,7459,32721413
HND,CTG,401,16422,72038696
HND,CTG,5484,35968,151566724
HND,CTG,18,491,2074803
HND,CTG,40,387,1635915
HND,CTG,362,5387,22773034
HND,CTG,18000,2747,11642510
HND,CTG,126,1820,7693850
HND,CTG,4270,220,932139
HND,CTG,18591,14405,60896229
HND,CTG,3213,1918,8081299
HND,CTG,1000,2730,11601708
HND,CTG,1116,13024,55056048
HND,CTG,620,3646,15413909
HND,CTG,50,271,1145623
HND,CTG,1400,4257,17995999
HND,CTG,560,3762,15903864
HND,CTG,440,894,3778441
HND,CTG,560,6911,29214224
HND,CTG,910,4822,20386166
HND,CTG,3400,15239,64421196
HND,CTG,116,201,847845
HND,CTG,84,60,252122
HND,CTG,190,357,1508333
HND,CTG,30,18,74825
HND,CTG,110,264,1117722
HND,CTG,100,49,207142
HND,CTG,220720,17753,75253660
HND,CTG,3022,55950,236700599
HND,CTG,3655,54838,231998530
HND,CTG,220720,5020,21281019
HND,CTG,17572,54048,229650972
HND,CTG,7,329,1393944
HND,CTG,20,780,3286508
HND,CTG,688,2790,11854668
HND,CTG,11,701,2963585
HND,CTG,147,1180,4990174
HND,CTG,158,1647,6967265
HND,CTG,4,6088,25755954
HND,CTG,4,1112,4683879
HND,CTG,298,4555,19189286
HND,CTG,92,3864,16277606
HND,CTG,187,10804,45509912
HND,CTG,93,1003,4226991
HND,CTG,4128,17369,73799054
HND,CTG,1,22,92312
HND,CTG,363,17955,75962633
HND,CTG,245,3278,13869589
HND,CTG,1329,34473,139987734
HND,CTG,451,11704,47527954
HND,CTG,1244,32273,131053867
HND,CTG,230,5976,24266058
HND,CTG,63,3,10964
HND,CTG,6,0,975
HND,CTG,169,4,14457
HND,CTG,23,4,16243
HND,CTG,8,80,324866
HND,CTG,2040,183251,742855574
HND,CTG,2270,11782,50096934
HND,CTG,24000,31339,127261986
HND,CTG,6129,31264,131978972
HND,CTG,12985,39040,164804754
HND,CTG,2931,214106,933374568
HND,CTG,1534,137921,579479219
HND,CTG,7389,39344,167294059
HND,CTG,580,6481,27357056
HND,CTG,48000,58584,249403750
HND,CTG,216000,267758,1142873929
HND,CTG,14462,79578,336662890
HND,CTG,42240,8281,35598933
HND,CTG,6,3,12692
HND,CTG,8,2,10577
HND,CTG,11500,30827,129902368
HND,CTG,6000,7527,31773347
HND,CTG,18000,12575,53082966
HND,CTG,18420,3611,15840843
HND,CTG,24518,31572,134147728
HND,CTG,107520,40935,173931115
HND,CTG,16848,78103,331857650
HND,CTG,31286,61944,263202180
HND,CTG,7925,40736,178694104
HND,CTG,9603,25808,113208728
HND,CTG,5,102,446869
HND,CTG,580,6481,28428145
HND,CTG,2331,8914,39104837
HND,CTG,7590,37099,150652488
HND,CTG,7269,19293,78344497
HND,CTG,5154,15397,62523869
HND,CTG,523,510000,2237196600
HND,CTG,35100,81024,341432705
HND,CTG,864,1071,4514679
HND,CTG,2400,4080,17192998
HND,CTG,360,393,1656596
HND,CTG,816,2146,9043517
HND,CTG,1100,584,2460958
HND,CTG,960,576,2427247
HND,CTG,2400,1872,7888552
HND,CTG,18756,13028,54898253
HND,CTG,468,1924,8108521
HND,CTG,360,1416,5966982
HND,CTG,6,761,3205230
HND,CTG,50735,106278,453314592
HND,CTG,13685,47579,208317309
HND,CTG,259,1436,6300998
HND,CTG,605,3596,15776184
HND,CTG,35400,79745,335923959
HND,CTG,1020,1699,7158386
HND,CTG,11500,23647,103731217
HND,CTG,1805,6393,28046023
HND,CTG,4457,9174,40241376
HND,CTG,0,0,1535
HND,CTG,1,1,4606
HND,CTG,4,1,6229
HND,CTG,20,7,31321
HND,CTG,120,120,526399
HND,CTG,3,131,558794
HND,CTG,26,96,407930
HND,CTG,54,4640,19718527
HND,CTG,9,588,2499127
HND,CTG,1,62,262250
HND,CTG,19,1355,5759249
HND,CTG,2,154,655135
HND,CTG,4,316,1342908
HND,CTG,102,5893,24832251
HND,CTG,8507,27244,114804345
HND,CTG,58,4723,19901695
HND,CTG,39012,86554,367767266
HND,CTG,60,127,540473
HND,CTG,4800,6087,25863663
HND,CTG,4,467,1968893
HND,CTG,1,81,341458
HND,CTG,9,816,3437209
HND,CTG,103,7772,32750511
HND,CTG,35,2633,11094330
HND,CTG,240,674,2865526
HND,CTG,36000,82992,351219654
HND,CTG,24705,42820,180868833
HND,CTG,4628,14179,59729627
HND,CTG,841312,130614,569399805
HND,CTG,63714,6580,28683849
HND,CTG,12000,2205,9611387
HND,CTG,1020,17461,72313302
HND,CTG,12876,31057,130596682
HND,CTG,600,9048,37283370
HND,CTG,9,271,1123529
HND,CTG,200,438,1813946
HND,CTG,21002,10349,45114384
HND,CTG,16142,12973,53726067
HND,CTG,58465,3030,12917619
HND,CTG,2476,40309,169862139
HND,CTG,1544,22224,93653292
HND,CTG,34,935,3939219
HND,CTG,41,515,2168214
HND,CTG,9,146,614776
HND,CTG,4,70,293967
HND,CTG,176,3927,16600961
HND,CTG,28,306,1293581
HND,CTG,28,367,1545684
HND,CTG,1000,25538,112026523
HND,CTG,10,329,1386818
HND,CTG,22,909,3829403
HND,CTG,662,3639,15336154
HND,CTG,146,127,534205
HND,CTG,411,24512,103294392
HND,CTG,445,4308,18307963
HND,CTG,70,494,2098932
HND,CTG,120,525,2230248
HND,CTG,40,224,951085
HND,CTG,83,700,2974797
HND,CTG,5952,4830,20526397
HND,CTG,134,3280,13848270
HND,CTG,218,2504,10568250
HND,CTG,113,4920,20769239
HND,CTG,2400,39844,169325445
HND,CTG,4698,22409,95215968
HND,CTG,27000,14472,61491528
HND,CTG,76800,24115,101899863
HND,CTG,584,41466,175766289
HND,CTG,19200,6029,25449916
HND,CTG,25000,13500,57371085
HND,CTG,9478,23681,103879267
HND,CTG,8305,54041,219451314
HND,CTG,4350,24610,104148782
HND,CTG,108,1566,6620093
HND,CTG,294,2052,8674604
HND,CTG,348,4316,18243302
HND,CTG,120,4301,18182004
HND,CTG,522,7605,32149301
HND,CTG,4032,21932,88905281
HND,CTG,134,9817,42797538
HND,CTG,76,6848,29851427
HND,CTG,204,6850,29859710
HND,CTG,2400000,44640,189813298
HND,CTG,725,7938,33557106
HND,CTG,2053,34540,146013712
HND,CTG,651,4438,18763271
HND,CTG,2396,44694,188836939
HND,CTG,645,12051,50945926
HND,CTG,33529,71026,288423415
HND,CTG,696,53954,228257994
HND,CTG,4769,15639,65479896
HND,CTG,6334,19241,80562929
HND,CTG,1015,4095,17147523
HND,CTG,7068,12617,52825830
HND,CTG,173,794,3322434
HND,CTG,335,2005,8394871
HND,CTG,667,2787,11667690
HND,CTG,387,5383,22539847
HND,CTG,5369,17249,72223745
HND,CTG,876,1370,5734194
HND,CTG,902,3332,13950992
HND,CTG,420000,91678,389825233
HND,CTG,153,4505,19044392
HND,CTG,602,9327,39428867
HND,CTG,6889,24247,102499919
HND,CTG,11657,31185,131833228
HND,CTG,1838,6395,27033314
HND,CTG,11718,18769,79344813
HND,CTG,461,1716,7256315
HND,CTG,348,1920,8115786
HND,CTG,1236,4694,19843284
HND,CTG,105,1428,6037897
HND,CTG,7260,20035,84694490
HND,CTG,1272,2068,8740763
HND,CTG,1469,4866,20571875
HND,CTG,9225,67500,274106025
HKG,CTG,8550,28878,125891625
HKG,CTG,3910,40182,166953633
IND,CTG,48000,48510,205071196
IND,CTG,144000,145530,615213589
IND,CTG,265,72831,307885464
IND,CTG,96000,97020,410142392
IND,CTG,74561,18773,79360581
IND,CTG,91800,32136,135849460
IND,CTG,56000,17882,78441903
IND,CTG,52113,13330,56633534
IND,CTG,326,83662,352629052
IND,CTG,53,12826,54222322
IND,CTG,96000,86062,364494076
IND,CTG,65,16289,68640978
IND,CTG,81,24584,103796198
IND,CTG,226,59871,257288487
IND,CTG,43,10247,43054422
IND,CTG,1046249,4081609,17612601912
IND,CTG,376,107319,470770034
IND,CTG,162,51079,215403023
IND,CTG,53,12813,56208380
IND,CTG,81,24278,102709269
IND,CTG,30,1075,4568440
IND,CTG,104000,29390,119347794
IND,CTG,133,47833,209827985
IND,CTG,186,47398,196130975
IND,CTG,76,26722,117222522
IND,CVE,303040,151066127,641880000000
IDN,CTG,1,104384,439715915
IDN,CTG,1,149942,620972640
IDN,CTG,350,17722,77255412
IDN,CTG,7,7066,30803346
IRQ,CTG,8,880000,3739120000
IRQ,CTG,6075,5723214,24317934162
IRQ,CTG,55990,16797,71370453
IRQ,CTG,30,11730,49841832
IRQ,CTG,4,1800000,7417116000
IRL,CTG,19221,75154,319562040
IRL,CTG,19268,45881,189058166
IRL,CTG,2278,15078,64064382
ISR,CTG,38546,155681,644740432
ISR,CTG,16000,1100,4465695
ISR,CTG,519800,6654,27021616
ISR,CTG,19168,79234,334951962
ISR,CTG,19188,82975,351146314
ISR,CTG,19323,79917,350569453
ISR,CTG,38526,157555,691140085
ISR,CTG,26,18634,81739268
ITA,CTG,25144,25803,108037419
ITA,CTG,129,194427,789533126
ITA,CTG,21696,21639,91944111
ITA,CTG,115,16,67285
ITA,CTG,20,6,25834
ITA,CTG,6,1812,7587490
ITA,CTG,1,36313,149632074
ITA,CTG,21328,21271,87649708
ITA,CTG,9595,147705,625084441
ITA,CTG,3196,104649,442871852
ITA,CTG,1390,20869,88094921
ITA,CTG,20,440,1855301
ITA,CTG,60000,63891,271517414
ITA,CTG,150000,129705,548314085
ITA,CTG,20894,79597,337400549
ITA,CTG,14688,72144,299497159
ITA,CTG,60033,225853,957355802
ITA,CTG,1536,31853,132346888
ITA,CTG,29969,127124,520489090
ITA,CTG,104908,475286,2006698959
ITA,CTG,24011,30014,131660687
ITA,CTG,164160,86400,364728096
ITA,CTG,41040,21600,91182024
ITA,CTG,40000,67025,285495956
ITA,CTG,10739,30683,133758816
JAM,CTG,108,28144,123456931
JAM,CTG,57,146705,614253627
JAM,CTG,38200,39263,172232905
JAM,CTG,102,18097,76584522
JAM,CTG,219,49560,209735164
JAM,CTG,124,33035,142439954
JAM,CTG,2,16,66263
JAM,CTG,0,10,41414
JAM,CTG,120,60,248486
JAM,CTG,2909,29091,119871885
JAM,CTG,88,24658,104089346
JAM,CTG,2747,17400,71697222
JAM,CTG,4112,21237,88238959
JAM,CTG,66,2248,9339142
JAM,CTG,35,1849,7681238
JAM,CTG,3159,32266,130799350
JAM,CTG,93921,101644,427204886
JAM,CTG,690,147087,614870656
JAM,CTG,291,77525,320572051
JAM,CTG,2237,14375,58272314
JAM,CTG,9,75,303059
JAM,CTG,18900,25874,107156561
JAM,CTG,6674,22752,96687362
JAM,CTG,444,1243,5283239
JAM,CTG,88,18701,78956798
JAM,CTG,17,0,850
JAM,CTG,92,20,84994
JAM,CTG,17,0,850
JAM,CTG,17,0,2125
JAM,CTG,17,0,425
JAM,CTG,17,1,3060
JAM,CTG,100,10,42497
JAM,CTG,281,17,73095
JAM,CTG,250,25,106243
JAM,CTG,17,800,3399768
JAM,CTG,17,48,204369
JAM,CTG,30,15,63746
JAM,CTG,225,1066,4673986
JAM,CTG,1167,3766,16519635
JAM,CTG,60,721,3163659
JAM,CTG,720,382,1673949
JAM,CTG,1992741,33472,146828353
JAM,CTG,1642,4396,19284635
JAM,CTG,834,1684,7388627
JAM,CTG,116,666,2923270
JAM,CTG,36,360,1579198
JAM,CTG,6480,10883,47740723
JAM,CTG,13,39830,164124583
JAM,CTG,2172,6424,26470162
JAM,CTG,482360,47131,191392603
JAM,CTG,2356,23805,96667246
JAM,CTG,1,22,90654
JAM,CTG,40420,88308,373714818
JAM,CTG,1694,6794,29802178
JAM,CTG,88148,11353,48046275
JAM,CTG,19980,43614,180623293
JAM,CTG,250000,9972,42200866
JAM,CTG,27170,72533,300390798
JAM,CTG,10,4387,18595284
JAM,CTG,48,66681,282650630
JAM,CTG,18200,2406,10222074
JAM,CTG,8000,95,405015
JAM,CTG,784220,32609,138555216
JAM,CTG,19,33475,138632588
JAM,CTG,10513,27886,118205461
JAM,CTG,7191,25539,108255312
JAM,CTG,46800,3158,13013907
JAM,CTG,516150,33424,137727108
JAM,CTG,2523,6594,28925636
JAM,CTG,21100,2697,11383527
JAM,CTG,12000,378,1596867
JAM,CTG,348000,27283,115172268
JAM,CTG,11967,22150,93637534
JAM,CTG,186,42309,178634179
JAM,CTG,3278,19459,81757572
JAM,CTG,745,111,465530
JAM,CTG,2453,11255,49066791
JAM,CTG,18480,45510,187528262
JAM,CTG,6556,38918,165482839
JAM,CTG,2000,885,3645677
JAM,CTG,12072,8591,35400205
JAM,CTG,9708,10363,42703963
JAM,CTG,48,829,3417807
JAM,CTG,245,5173,21006146
JAM,CTG,1,3038,12335908
JAM,CTG,6337,186928,792281767
JAM,CTG,1518,7100,30108869
JAM,CTG,6,25,106055
JAM,CTG,6,20,84895
JAM,CTG,52,145,615217
JAM,CTG,30648,39123,165387460
JAM,CTG,3500,14228,62411205
JAM,CTG,645,25493,105048408
JAM,CTG,6267,18221,75080993
JAM,CTG,8208,43667,185539213
JAM,CTG,52920,68859,283741402
JAM,CTG,8684,187256,813511112
JAM,CTG,121644,153077,660412612
JAM,CTG,2349,7605,32849240
JAM,CTG,22,2154,9389712
JAM,CTG,5648,24874,108437895
JAM,CTG,7,29,127740
JAM,CTG,250,722,3169362
JAM,CTG,61776,80761,352540168
JAM,CTG,994,14025,61524398
JAM,CTG,2,3400,14913065
JAM,CTG,1,1981,8691860
JAM,CTG,1,1459,6399830
JAM,CTG,1,1322,5801095
JAM,CTG,26500,22636,94052468
JAM,CTG,2041,6976,30599147
JAM,CTG,45264,101038,443219134
JAM,CTG,160,749,3284731
JAM,CTG,282,1511,6629559
JAM,CTG,245,989,4340161
JAM,CTG,2928,8059,35350251
JAM,CTG,9182,23186,101707520
JAM,CTG,23,34,151340
JAM,CTG,37,104,454458
JAM,CTG,206,260,1142286
JAM,CTG,19339,47512,196766504
JAM,CTG,600,2808,11629135
JAM,CTG,1725,6972,28875541
JAM,CTG,1077,2671,11060931
JAM,CTG,6888,20829,86259816
JAM,CTG,12375,25149,103628442
JAM,CTG,4857,12882,53083351
JAM,CTG,1577,5706,24093357
JAM,CTG,62054,142703,605288754
JAM,CTG,620,2902,12303711
JAM,CTG,3150,12440,52857560
JAM,CTG,432,1746,7371769
JAM,CTG,2355,7060,29997133
JAM,CTG,4572,16464,69954856
JAM,CTG,190,663,2815812
JAM,CTG,2,42,177693
JAM,CVE,50788,22829732,96170246682
JPN,CTG,21000,148050,623878258
JPN,CTG,66780,439635,1840992231
JPN,CTG,17000,126600,521670492
JPN,CTG,477,1741,7315074
JPN,CTG,20520,103021,432846662
JPN,CTG,17489,80968,342654655
JPN,CTG,4240,32172,141127626
JPN,CTG,2000,17860,78345748
JPN,CTG,496,2792,12249660
JPN,CTG,12960,97878,429355753
JPN,CTG,23770,35655,144536813
JPN,CTG,100,140,567526
JPN,CTG,16000,51040,206903910
JPN,CTG,351510,1758306,7438707877
JPN,CTG,391556,2035667,8874286807
JPN,CTG,263250,1159922,4967011185
KWT,CTG,2,35700,150728613
KWT,CTG,4,23000,97108070
LBN,CTG,26985,29541,119961466
LBR,CTG,27000,18954,76967591
LBR,CTG,27000,18954,76967591
LBY,CTG,18400,25392,104630783
MAC,CTG,18489,97824,403097097
MAC,CTG,8501,53564,220717343
MYS,CTG,5079,18628,81716018
MYS,CTG,200200,180690,732473894
MYS,CTG,45990,27224,112180047
MYS,CTG,48480,73221,311168016
MAR,CTG,1000,4488,18910696
MAR,CTG,7000,33832,142565980
MAR,CTG,175000,146650,623219972
MTQ,CTG,35280,22176,94046608
MTQ,CTG,5760,7027,29809526
MTQ,CTG,6163,14731,61207252
MTQ,CTG,457,1224,5085647
MTQ,CTG,48,5428,22865450
MTQ,CTG,15,25,103874
MTQ,CTG,17136,9939,42237358
MTQ,CTG,3456,4147,17624397
MTQ,CTG,23,47931,203172658
MTQ,CTG,10368,9735,40762050
MTQ,CTG,38592,59760,250215718
MTQ,CTG,1058,27985,117579817
MTQ,CTG,25,125,525191
MTQ,CTG,469,9545,40102764
MTQ,CTG,23040,30720,127224730
MTQ,CTG,4431,8967,38130447
MTQ,CTG,1080,2238,9514902
MTQ,CTG,8,2956,12569688
MTQ,CTG,28083,138311,584354259
MTQ,CTG,9649,47202,199927026
MTQ,CTG,24960,24960,104507770
MTQ,CTG,23040,32000,135990720
MRT,CTG,1,1305,5289670
MRT,CTG,0,505,2048162
MRT,CTG,32,38659,156712930
MEX,CTG,3720,64728,283939728
MEX,CTG,27534,52314,228058698
MEX,CTG,2573,42446,185040793
MEX,CTG,1333,10185,44400751
MEX,CTG,2545,11693,50973810
MEX,CTG,11881,92908,405022917
MEX,CTG,98940,191016,812215778
MEX,CTG,3619,13527,59337341
MEX,CTG,6664,90527,397111608
MEX,CTG,596818,111246,473028940
MEX,CTG,1852,6700,28490321
MEX,CTG,5430,23094,98196916
MEX,CTG,11319,68086,289507374
MEX,CTG,14395,25533,108055102
MEX,CTG,17385000,11382,48168283
MEX,CTG,1080,292723,1244685391
MEX,CTG,1082,14287,62281876
MEX,CTG,600,3630,15435087
MEX,CTG,3100,4371,18585885
MEX,CTG,2430,50131,219907214
MEX,CTG,200,600,2631996
MEX,CTG,340,4112,18039701
MEX,CTG,6210,102004,433728488
MEX,CTG,90000,32,137116
MEX,CTG,296,91152,397366808
MEX,CTG,38,2170,9181640
MEX,CTG,360,924,3910340
MEX,CTG,20080,41282,175534227
MEX,CTG,20250,63858,267373373
MEX,CTG,1,2,8887
MEX,CTG,4118,45749,193125342
MEX,CTG,5191,40445,170733781
MEX,CTG,288000,44582,188199698
MEX,CTG,16659,28568,121096060
MEX,CTG,5436000,6231,26412613
MEX,CTG,2400,41520,175272113
MEX,CTG,18000,26000,109756140
MEX,CTG,10154,70536,297760429
MEX,CTG,19621,45704,193731426
MEX,CTG,14,44,186509
MEX,CTG,14706,225714,954070273
MEX,CTG,1800,17919,75957225
MEX,CTG,52,3444,14597540
MEX,CTG,1,3,12717
MEX,CTG,382,72,306893
MEX,CTG,20250,72629,294419035
MEX,CTG,8,3,12202
MEX,CTG,5,60,245090
MEX,CTG,10,5,21890
MEX,CTG,74791,1,4865
MEX,CTG,11,29,119545
MEX,CTG,6233,11,46416
MEX,CTG,2493,1,2189
MEX,CTG,2493,1,2108
MEX,CTG,3740,1,5432
MEX,CTG,4,22,87480
MEX,CTG,7,8,34133
MEX,CTG,5,11,46213
MEX,CTG,8,2,6891
MEX,CTG,9,16,66887
MEX,CTG,2,112,455643
MEX,CTG,2,301,1219857
MEX,CTG,2,8,32754
MEX,CTG,3,33,135720
MEX,CTG,13,188,761256
MEX,CTG,16,3253,13187814
MEX,CTG,6,13,52618
MEX,CTG,33,225,913839
MEX,CTG,4,6,25295
MEX,CTG,1,0,1378
MEX,CTG,7,65,261589
MEX,CTG,3,4,15323
MEX,CTG,38,192,776295
MEX,CTG,2,20,81643
MEX,CTG,20,124,503396
MEX,CTG,3,44,177717
MEX,CTG,275,1476,5981769
MEX,CTG,6,22,87764
MEX,CTG,16,107,434482
MEX,CTG,9,129,523097
MEX,CTG,30,14119,57233740
MEX,CTG,8,1556,6306597
MEX,CTG,7289,103386,438237831
MEX,CTG,92,9007,36574271
MEX,CTG,16500,31665,133435360
MEX,CTG,25275,83970,353844954
MEX,CTG,3208,22120,93761497
MEX,CTG,13161,86426,366347613
MEX,CTG,337,2762,11380370
MEX,CTG,616,3525,14524526
MEX,CTG,3740,13615,57710374
MEX,CTG,9455,43272,183422500
MEX,CTG,7475,37116,157330937
MEX,CTG,470,103231,437579792
MEX,CTG,7896,26320,109002438
MEX,CTG,864,4259,17637522
MEX,CTG,214,1381,5852156
MEX,CTG,541,7162,30357118
MEX,CTG,1342,50978,214821743
MEX,CTG,327,12469,52544203
MEX,CTG,454,3381,14246000
MEX,CTG,200,600,2543310
MEX,CTG,9900,28928,119801879
MEX,CTG,100,351,1487836
MEX,CTG,36000,136620,564476153
MEX,CTG,108,1336,5664121
MEX,CTG,300,111,459699
MEX,CTG,9147,90442,383368970
MEX,CTG,358,4735,20072650
MEX,CTG,1,21808,92664316
MEX,CTG,307010,66327,273308528
MEX,CTG,29169,53012,228764747
MEX,CTG,14636000,20691,88871549
MEX,CTG,23164,50664,214177586
MEX,CTG,37719,96785,409149252
MEX,CTG,114,4369,18734119
MEX,CTG,300,409,1737494
MEX,CTG,7809,49603,210761957
MEX,CTG,1627,12596,53522146
MEX,CTG,607,5507,23397713
MEX,CTG,9007,65469,278178546
MEX,CTG,3960,18722,79229376
MEX,CTG,1800,9725,41155739
MEX,CTG,79070,150189,653654810
MEX,CTG,286,7201,31587023
MEX,CTG,288000,44582,189430618
MEX,CTG,293760,48470,205950730
MEX,CTG,181250,47741,202852571
MEX,CTG,167076,185667,788898658
MEX,CTG,7000,38360,162991640
MEX,CTG,500,2275,9666475
MEX,CTG,2250,10935,46462815
MEX,CTG,9000,24840,105545160
MEX,CTG,18000,29600,125226055
MEX,CTG,2700,43686,184091493
MEX,CTG,8640,101520,427802234
MEX,CTG,1080,5950,25181449
MEX,CTG,5680,27716,117295227
MEX,CTG,19634,81891,345691907
MEX,CTG,9733,109257,464234183
MEX,CTG,95354,32919,138988838
MEX,CTG,12241,41634,175384573
MEX,CTG,2520,5746,25205748
MEX,CTG,2270,5664,24847490
MEX,CTG,31400,46193,196927305
MEX,CTG,5500,23365,102494793
MEX,CTG,4692,77742,328234481
MEX,CTG,330,957,4039696
MEX,CTG,12162,32704,143462469
MEX,CTG,10410,112154,476544046
MEX,CTG,5200,90480,384449520
MEX,CTG,297,84461,358874237
MEX,CTG,4,5927,25185523
MEX,CTG,65,1226,5177549
MEX,CTG,40,4479,19647850
MEX,CTG,22,16,67984
MEX,CTG,223,33975,143781181
MEX,CTG,15892,103660,440453210
MEX,CTG,1064,14758,62308253
MEX,CTG,13560,54841,233017624
MEX,CTG,269,269,1144681
MEX,CTG,5,27,115148
MEX,CTG,1482,6482,27540828
MEX,CTG,105,206,877334
MEX,CTG,5,68,290844
MEX,CTG,598,992,4213053
MEX,CTG,1,245,1033314
MEX,CTG,56,40836,172412676
MEX,CTG,143,1840553,7820509697
MEX,CTG,97,1325974,5597453384
MEX,CTG,1860,64273,272444072
MEX,CTG,60660,70197,298265438
MEX,CTG,1,16417,72017201
MEX,CTG,4,100793,442145279
MEX,CTG,1767,8136,34571776
MEX,CTG,402,16700,71009903
MEX,CTG,56500,3121,13271198
MEX,CTG,105,1554,6606090
MEX,CTG,499690,20008,85074328
MEX,CTG,422,11088,47147174
MEX,CTG,23614,80948,344196608
MEX,CTG,47829,216579,879490257
MEX,CTG,9,13,54427
MEX,CTG,22,34,146399
MEX,CTG,1610,1845,7843193
MEX,CTG,480,590,2509796
MEX,CTG,6979,13085,55640256
MEX,CTG,6569,11565,49174570
MEX,CTG,64,113,482315
MEX,CTG,15504,20371,86618858
MEX,CTG,44485,58503,248759681
MEX,CTG,1232,1478,6282846
MEX,CTG,291,483,2054695
MEX,CTG,5305,134114,570265181
MEX,CTG,460,5547,23588044
MEX,CTG,17802,116758,496465056
MEX,CTG,26,252,1073610
MEX,CTG,86,775,3297156
MEX,CTG,150,1386,5893184
MEX,CTG,252,1620,6888556
MEX,CTG,2928,13790,58637937
MEX,CTG,484,3454,14687059
MEX,CTG,487,3264,13877206
MEX,CTG,618,184,783363
MEX,CTG,50,25386,107944152
MEX,CTG,228,6428,27334561
MEX,CTG,1048,71922,305818774
MEX,CTG,2112,45747,191542184
MEX,CTG,7782,59593,241997732
MEX,CTG,4465210,94315,393285842
MEX,CTG,763600,47537,201174058
MEX,CTG,498560,92078,403915318
MEX,CTG,153,970,3937381
MEX,CTG,8600,27923,118169298
MEX,CTG,508,830,3530298
MEX,CTG,454,697,2962261
MEX,CTG,882,1195,5082863
MEX,CTG,33,41,175696
MEX,CTG,113,1751,7446940
MEX,CTG,426,701,2978844
MEX,CTG,80386,12647,51358860
MEX,CTG,112,1735,7375633
MEX,CTG,404,3127,13295563
MEX,CTG,672,5473,23270711
MEX,CTG,855,7470,31762262
MEX,CTG,173,1814,7715077
MEX,CTG,163,3884,17036910
MEX,CTG,1013,18685,79075841
MEX,CTG,14580,5978,26222576
MEX,CTG,5500,8680,36908141
MEX,CTG,62,18427,78309406
MEX,CTG,4000,7160,30444964
MEX,CTG,120,44623,189741862
MEX,CTG,21346,48434,205944026
MEX,CTG,43,28072,123141925
MEX,CTG,3,21368,93736300
MEX,CTG,4,47749,198393399
MEX,CTG,2166,46037,194828134
MEX,CTG,20,140,595293
MEX,CTG,50,25,106302
MEX,CTG,13,91,386940
MEX,CTG,50,12,53151
MEX,CTG,11875,100358,425401449
MEX,CTG,88,2298,9742573
MEX,CTG,203,1439,6100934
MEX,CTG,32478,204060,864979519
MEX,CTG,3044,3339,14155555
MEX,CTG,3268,3579,15109579
MEX,CTG,1435,2198,9279459
MEX,CTG,40,74,311834
MEX,CTG,106,195,823298
MEX,CTG,271,296,1250587
MEX,CTG,1766,2176,9185998
MEX,CTG,4,5,21782
MEX,CTG,7836,14705,62076342
MEX,CTG,42,74,312467
MEX,CTG,14,25,104142
MEX,CTG,7535,9238,38997581
MEX,CTG,102821,129976,548681455
MEX,CTG,6310,8290,34993930
MEX,CTG,982,1112,4693679
MEX,CTG,124,2054,8670017
MEX,CTG,12670,76200,321669116
MEX,CTG,2553,38879,164123126
MEX,CTG,146,940,3968318
MEX,CTG,160,1003,4235616
MEX,CTG,859,4941,20856664
MEX,CTG,2580,16074,67856734
MEX,CTG,397,2440,10301416
MEX,CTG,316,1905,8043774
MEX,CTG,248,7004,29690686
MEX,CTG,727,66834,283297393
MEX,CTG,92160,55296,233425981
MEX,CTG,671160,37366,158151101
MEX,CTG,1625434,78684,333322383
MEX,CTG,733920,144756,611206283
MEX,CTG,3,4,15281
MEX,CTG,150,197,831952
MEX,CTG,3390,5577,23544085
MEX,CTG,608,4624,19521523
MEX,CTG,73,546,2306399
MEX,CTG,376,2863,12087444
MEX,CTG,6,81,341553
MEX,CTG,220,1900,8022287
MEX,CTG,25749,1357745,5731570195
MEX,CTG,374,12208,51535193
MEX,CTG,9849,81665,341931334
MEX,CTG,437440,22938,100619540
MEX,CTG,287928,13483,59143187
MEX,CTG,251320,48047,194771818
MEX,CTG,576,48330,203183656
MEX,CTG,10658,84242,357087252
MEX,CTG,7,14727,62423636
MEX,CTG,800,6848,28857267
MEX,CTG,600,97239,412181535
MEX,CTG,960,17688,71700880
MEX,CTG,701,39382,159645987
MEX,CTG,387,18000,72967680
MEX,CTG,1144,22950,93033792
MEX,CTG,14872,48115,203954302
MEX,CTG,75200,6016,24387420
MEX,CTG,600,11376,46115574
MEX,CTG,1,127249,554730511
MEX,CTG,8276,166686,706557163
MEX,CTG,4568,16145,68436996
MEX,CTG,5100,3162,13403244
MEX,CTG,115,20,81886
MEX,CTG,4320,1900800,7986268224
MEX,CTG,10800,5810,25099509
MEX,CTG,162,971,4175970
MEX,CTG,177984,386875,1655460470
MEX,CTG,160,6796,28266716
MEX,CTG,356200,9507,41522296
MEX,CTG,35,252,1107588
MEX,CTG,17245,108083,474122276
MEX,CTG,94,467,2047298
MEX,CTG,55515,226599,972965030
MEX,CTG,1020,1227,5178731
MEX,CTG,4977,5436,22950859
MEX,CTG,752,905,3822722
MEX,CTG,300,427,1802748
MEX,CTG,108,113,475872
MEX,CTG,1549,1900,8020873
MEX,CTG,14,15,65231
MEX,CTG,1103,2061,8702234
MEX,CTG,347,512,2161499
MEX,CTG,477,834,3519619
MEX,CTG,20139,24445,103208821
MEX,CTG,42116,55081,232555462
MEX,CTG,198,324,1367282
MEX,CTG,1255,1463,6178100
MEX,CTG,609,782,3303068
MEX,CTG,2,26,108761
MEX,CTG,22066,120009,506690276
MEX,CTG,89,439,1855017
MEX,CTG,4,26,107706
MEX,CTG,1478,7823,33029790
MEX,CTG,951,4923,20784547
MEX,CTG,18,136,572262
MEX,CTG,75,85961,373106656
MEX,CTG,639,195683,846806592
MEX,CTG,25000,118434,519530217
MEX,CTG,15000,100787,442117819
MEX,CTG,55000,400101,1755108807
MEX,CTG,3524560,116073,497291241
MEX,CTG,18700,34026,143997011
MEX,CTG,2528,4080,17225621
MEX,CTG,4595,5924,25012843
MEX,CTG,105,173,728944
MEX,CTG,9,11,47878
MEX,CTG,1688,1997,8429740
MEX,CTG,1977,3239,13676236
MEX,CTG,3622,29649,125564496
MEX,CTG,96,10,40583
MEX,CTG,1486,35180,149078968
MEX,CTG,6499,41518,182126710
MEX,CTG,31167,267909,1138344534
MEX,CTG,5532,71049,301888178
MEX,CTG,180,1193,5025639
MEX,CTG,54144,106124,447046718
MEX,CTG,30558,168582,731357938
MEX,CTG,224400,8386,35630414
MEX,CTG,16566,66865,282662699
MEX,CTG,21890,59107,259282444
MEX,CTG,38,41,174506
MEX,CTG,372,407,1731128
MEX,CTG,310,430,1822813
MEX,CTG,90,138,586150
MEX,CTG,15,21,90142
MEX,CTG,4,5,20948
MEX,CTG,24,30,125600
MEX,CTG,769,786,3340436
MEX,CTG,7998,15025,63785417
MEX,CTG,124,184,783006
MEX,CTG,44220,56069,238077701
MEX,CTG,145302,189506,803174315
MEX,CTG,279,381,1609811
MEX,CTG,3422,4493,19027594
MEX,CTG,1120,1657,7038681
MEX,CTG,834,1318,5594855
MEX,CTG,407,11303,48024450
MEX,CTG,222,3497,14809899
MEX,CTG,29815,174535,739612843
MEX,CTG,889,4325,18354838
MEX,CTG,252,1385,5847932
MEX,CTG,19,117,498238
MEX,CTG,1740,22609,96066533
MEX,CTG,25,230,976930
MEX,CTG,367,6642,28220838
MEX,CTG,8208,43744,184750566
MEX,CTG,3730,19383,82050393
MEX,CTG,772,4519,19114054
MEX,CTG,123,839,3556719
MEX,CTG,27,25543,110946328
MEX,CTG,631,141918,615038623
MEX,CTG,201300,289493,1230054185
MEX,CTG,1132,34474,145734536
MEX,CTG,87,381,1611777
MEX,CTG,49093,101990,434314392
MEX,CTG,258,45125,197950182
MEX,CTG,486650,46808,202622323
MEX,CTG,140616,6934,30416135
MEX,CTG,96,19,80447
MEX,CTG,2700,6006,25408556
MEX,CTG,465600,96080,405656296
MEX,CTG,85,249,1053333
MEX,CTG,50,62,262352
MEX,CTG,17300,66870,283451900
MEX,CTG,59,258,1091923
MEX,CTG,1230,1751,7441784
MEX,CTG,297,568,2413754
MEX,CTG,10,35,146310
MEX,CTG,1016,3548,14979426
MEX,CTG,72195,18829,79496888
MEX,CTG,298,491,2087151
MEX,CTG,2856,4697,19829932
MEX,CTG,48941,27603,116540830
MEX,CTG,329,2628,11123681
MEX,CTG,6,48,204377
MEX,CTG,134,1078,4582334
MEX,CTG,9,67,285448
MEX,CTG,12,133,566392
MEX,CTG,3,125,530491
MEX,CTG,1055,66465,282409785
MEX,CTG,98,4997,21171232
MEX,CTG,2470,19241,81769945
MEX,CTG,4,283,1200529
MEX,CTG,120,200,846986
MEX,CTG,102,1904,8080282
MEX,CTG,171,744,3143868
MEX,CTG,16,16,67516
MEX,CTG,820,39301,165554283
MEX,CTG,67,7586,32239362
MEX,CTG,1,298435,1300997539
MEX,CTG,2114,30142,126971574
MEX,CTG,38500,19145,81021066
MEX,CTG,206,1793,7588474
MEX,CTG,7,706,2991034
MEX,CTG,13,1354,5752740
MEX,CTG,179,13801,58442807
MEX,CTG,10257,60797,257322428
MEX,CTG,28,158,667251
MEX,CTG,20,110390,469047110
MEX,CTG,8627,76608,315672210
MEX,CTG,2032,14659,60405899
MEX,CTG,2,2400,10197600
MEX,CTG,1984,15647,66486185
MEX,CTG,14,3050,12897557
MEX,CTG,3000,14166,60192694
MEX,CTG,4365,5363,22642140
MEX,CTG,14,15,62318
MEX,CTG,7410,13873,58575081
MEX,CTG,14002,18536,78259689
MEX,CTG,46608,60892,257091251
MEX,CTG,165,216,910578
MEX,CTG,36,409,1727046
MEX,CTG,2528,15628,65982822
MEX,CTG,3,17,72536
MEX,CTG,1684,9137,38575379
MEX,CTG,437,2633,11116256
MEX,CTG,495,3803,16058466
MEX,CTG,211,1352,5707337
MEX,CTG,63,38508,162786220
MEX,CTG,925,58756,248073120
MEX,CTG,52466,536728,2266112106
MEX,CTG,3252,14504,61479687
MEX,CTG,34,49,207431
MEX,CTG,4,6,24910
MEX,CTG,1299,2132,9002720
MEX,CTG,1792542,66394,282107511
MEX,CTG,84,69132,291881526
MEX,CTG,38468,147105,621681798
MEX,CTG,2000,3602,15243556
MEX,CTG,420000,477594,2095041092
MEX,CTG,102000,132054,544548825
MEX,CTG,2174,12174,53072600
MEX,CTG,77039,240555,1003604705
MEX,CTG,11310,28676,123323657
MEX,CTG,57103,175284,764132066
MEX,CTG,55925,152179,663407998
MEX,CTG,4654622,2722954,11571764291
MEX,CTG,3000,4660,20443634
MEX,CTG,32482,155654,632086057
MEX,CTG,8504,29580,128952796
MEX,CTG,2345,17690,77116522
MEX,CTG,1265,54000,227475000
MEX,CTG,3446,13811,60207630
MEX,CTG,7959,120708,526214150
MEX,CTG,2,1134,4817216
MEX,CTG,1,16,69653
MEX,CTG,3,794,3375375
MEX,CTG,13,2841,12071811
MEX,CTG,53,4638,19710622
MEX,CTG,1,6,24776
MEX,CTG,2,38,161829
MEX,CTG,2,145,616973
MEX,CTG,6,478,2032976
MEX,CTG,4,307,1302664
MEX,CTG,17,1545,6567374
MEX,CTG,8,184,779822
MEX,CTG,26,382,1622327
MEX,CTG,48000,91572,387108951
MEX,CTG,40000,85476,360193300
MEX,CTG,324750,383615,1616541427
MEX,CTG,8852,71499,303071671
MEX,CTG,4263,9801,41545562
MEX,CTG,38048,402655,1691767608
MEX,CTG,3254,38892,163405947
MEX,CTG,36845,176563,744032028
MEX,CTG,235,3326,14100068
MEX,CTG,6267,115703,487569477
MEX,CTG,23772,67960,288074323
MEX,CTG,51,67272,272704543
MEX,CTG,40000,85544,361174467
MEX,CTG,3226,24392,99053065
MEX,CTG,130000,163742,690732381
MEX,CTG,410075,496002,2091630641
MEX,CTG,20740,31525,131994653
MEX,CTG,71452,168843,709295264
MEX,CTG,33063,161061,678706728
MEX,CTG,8160,44987,188362066
MEX,CTG,9072,41277,172826668
MEX,CTG,100000,155868,658916727
MEX,CTG,40000,85544,375252443
MEX,CTG,12408,101294,428210934
MEX,CTG,21560,69715,294711141
MEX,CTG,12176,26247,110954530
MEX,CTG,6535,663387,2910052516
MEX,CTG,54395,264972,1120137954
MEX,CTG,294,573594,2482321449
MEX,CTG,673,34000,144466000
MEX,CTG,550,20656,87766962
MEX,CTG,282,4855,20628895
MEX,CTG,5200,11372,48320818
MEX,CTG,4532,40466,171939694
MEX,CTG,2809,25886,109987914
MEX,CTG,161600,194010,819830621
MEX,CTG,597000,755857,3203630788
MEX,CTG,16759,72635,308625690
MEX,CTG,73382,230454,972998036
MEX,CTG,98266,172514,728368790
MEX,CTG,55886,203984,863343427
MEX,CTG,257328,631279,2745307639
MEX,CTG,24508,558981,2375109249
MEX,CTG,19458,1005842,4273823805
MEX,CTG,17424,232836,989318040
MEX,CTG,1412,10782,45811698
MEX,CTG,10463,101211,430046389
MEX,CTG,3000,5155,21764241
MEX,CTG,8944,40466,171938504
MEX,CTG,42,67399,295655401
MEX,CTG,1,46985,206107220
MEX,CTG,75000,91866,387803818
MEX,CTG,15,21,87651
MEX,CTG,158,36,152474
MEX,CTG,5,255,1081880
MEX,CTG,101,38,158445
MEX,CTG,42092,172882,734573876
MEX,CTG,145965,376133,1598187205
MEX,CTG,559,10470,44485160
MEX,CTG,17354,137409,557022946
MEX,CTG,23220,44794,190466419
MEX,CTG,11808,254226,1115204078
MEX,CTG,49200,27000,114806430
MEX,CTG,22284,12030,51154684
MEX,CTG,50,6516,27706618
MEX,CTG,16,256,1088535
MEX,CTG,111150,206143,854687695
MEX,CTG,9600,5934,25154862
MEX,CTG,4673,4719,20003430
MEX,CTG,82205,1685911,7140604533
MEX,CTG,6,1567,6643973
MEX,CTG,2,2,6358
MEX,CTG,53340,107472,456648528
MEX,CTG,2400,2760,11727240
MEX,CTG,58320,34992,148681008
MEX,CTG,3492,1152,4893318
MEX,CTG,15,1954,8302758
MEX,CTG,36456,64433,282644786
MEX,CTG,7800,8736,36958609
MEX,CTG,40104,67953,286903175
MEX,CTG,2203,47457,200367430
MEX,CTG,7284,129243,555724735
MEX,CTG,41500,76160,332011904
MEX,CTG,28451,228572,982605738
MEX,CTG,991497,115456,506467928
MEX,CTG,100,1417,6025212
MEX,CTG,120,7513,31946803
MEX,CTG,6350,109895,467282155
MEX,CTG,11814,212621,926901644
MEX,CTG,4687,84356,367741241
MEX,CTG,3047,54828,239018055
MEX,CTG,23302,419363,1828169493
MEX,CTG,3080,1127,4790064
MEX,CTG,59926,52521,221320106
MEX,CTG,6090,140,588270
MEX,CTG,9120,5200,22810413
MEX,CTG,1,14217,61977808
MEX,CTG,1894,47101,200278074
MEX,CTG,1,80,348752
MEX,CTG,10072,134404,567372124
MEX,CTG,31100,57120,242123112
MEX,CTG,22122,143962,610232306
MEX,CTG,102,3598,15189912
MEX,CTG,14750,20060,84681083
MEX,CTG,11106,221442,938659634
MEX,CTG,1330,5460,23048789
MEX,CTG,54,38,162051
MEX,CTG,16920,1184,4998019
MEX,CTG,2,0,1017
MEX,CTG,33,2,8266
MEX,CTG,23,1127,4755565
MEX,CTG,12,19,81852
MEX,CTG,37,1687,7121316
MEX,CTG,13797,8328,35156538
MEX,CTG,20,104,442790
MEX,CTG,16,147,621458
MEX,CTG,23,6,25857
MEX,CTG,27,65,276034
MEX,CTG,183,105,444613
MEX,CTG,5000,445,1865020
MEX,CTG,19100,283,1185971
MEX,CTG,326840,39629,165925386
MEX,CTG,2816,13623,57039930
MEX,CTG,141,1353,5665694
MEX,CTG,165181,26986,112991071
MEX,CTG,20,21,86964
MEX,CTG,3,5656,23683655
MEX,CTG,25,110,462665
MEX,CTG,53,568,2378599
MEX,CTG,60,4112,17217362
MEX,CTG,3,26,109532
MEX,CTG,1300,11637,48724570
MEX,CTG,275,7688,32189900
MEX,CTG,304,966,4043898
MEX,CTG,477,2334,9773235
MEX,CTG,1500,695,2909218
MEX,CTG,284,987,4131281
MEX,CTG,5500,3690,15448099
MEX,CTG,14,962,4028113
MEX,CTG,40000,8141,34085444
MEX,CTG,7804,88765,371658812
MEX,CTG,2504,126352,529036962
MEX,CTG,927,29471,123395246
MEX,CTG,328,9000,37683257
MEX,CTG,7636,85976,359982539
MEX,CTG,30,110,462246
MEX,CTG,999,5610,23488121
MEX,CTG,316,1526,6390257
MEX,CTG,1575,31083,130143952
MEX,CTG,315,10555,44194100
MEX,CTG,12,405,1694274
MEX,CTG,1948,28410,118952368
MEX,CTG,941,1629,6819927
MEX,CTG,950,9166,38378217
MEX,CTG,941,5832,24418768
MEX,CTG,1287,15063,63070983
MEX,CTG,95,837,3503522
MEX,CTG,153852,140909,597291267
MEX,CTG,55782,278025,1148480987
MEX,CTG,7575,130185,541594373
MEX,CTG,2344,43302,183550259
MEX,CTG,5970,207456,879375629
MEX,CTG,0,22,90188
MEX,CTG,21,622,2605325
MEX,CTG,29,827,3460899
MEX,CTG,4714,103214,432157045
MEX,CTG,51,446,1869416
MEX,CTG,266,913,3869646
MEX,CTG,200462,9069,38216831
MEX,CTG,20400,24008,97322184
MEX,CTG,160,163,684451
MEX,CTG,12,30,124608
MEX,CTG,36,95,391459
MEX,CTG,100,125,521785
MEX,CTG,50,60,252686
MEX,CTG,2200,4226,17913380
MEX,CTG,76862,12073,51037237
MEX,CTG,460,2472,10460118
MEX,CTG,108,733,3216431
MEX,CTG,324,1878,8238586
MEX,CTG,31,310,1358373
MEX,CTG,192,969,4251463
MEX,CTG,19,413,1812349
MEX,CTG,67,792,3474015
MEX,CTG,137,928,4070645
MEX,CTG,18,317,1389431
MEX,CTG,208,1720,7543301
MEX,CTG,63,1180,5175074
MEX,CTG,58,459,2014661
MEX,CTG,153,863,3786697
MEX,CTG,60,979,4295768
MEX,CTG,14,186,815919
MEX,CTG,4609,8660,37987203
MEX,CTG,52,182,796267
MEX,CTG,15462,21115,88027017
MEX,CTG,30150,599,2518417
MEX,CTG,46206,20783,86144087
MEX,CTG,46398,19210,81621718
MEX,CTG,2600,58,247249
MEX,CTG,40032,15612,68486642
MEX,CTG,201,15500,65859500
MEX,CTG,10858,78616,329164931
MEX,CTG,2507,121871,510274258
MEX,CTG,2132,63503,265889287
MEX,CTG,1214,35427,148335087
MEX,CTG,9676,149186,624645200
MEX,CTG,220,804,3367403
MEX,CTG,952,4777,20001263
MEX,CTG,258,1256,5259052
MEX,CTG,251,6426,26904554
MEX,CTG,258,12711,53222424
MEX,CTG,205,7672,32123620
MEX,CTG,33,1094,4581678
MEX,CTG,2739,29190,122218068
MEX,CTG,192,541,2265591
MEX,CTG,388,5973,25009723
MEX,CTG,401,2046,8568214
MEX,CTG,170000,15103,63236998
MEX,CTG,30000,310,1299145
MEX,CTG,123324,13982,58541685
MEX,CTG,1369,6136,25691912
MEX,CTG,17,161,672811
MEX,CTG,42300,8242,34511262
MEX,CTG,1525,4278,18098550
MEX,CTG,101,263,1112650
MEX,CTG,738,9016,37750543
MEX,CTG,55,1284,5374446
MEX,CTG,15,136,568135
MEX,CTG,3829,70593,299949784
MEX,CTG,193872,167136,710158824
MEX,CTG,868,56144,237598581
MEX,CTG,49408,93764,398401876
MEX,CTG,25374,288469,1224597417
MEX,CTG,468,11389,48390289
MEX,CTG,5700,7752,32938248
MEX,CTG,7602,120697,512839853
MEX,CTG,67530,10737,45425202
MEX,CTG,30,31,130467
MEX,CTG,9,15400,64479158
MEX,CTG,10,119,498296
MEX,CTG,50,1387,5808765
MEX,CTG,45,3084,12913074
MEX,CTG,10,87,365024
MEX,CTG,1,31,130300
MEX,CTG,20000,108600,461441400
MEX,CTG,14080,56713,240975237
MEX,CTG,0,53,221786
MEX,CTG,27,3597,15061680
MEX,CTG,228,6677,27958257
MEX,CTG,1053,22386,93731327
MEX,CTG,2160,19334,80951819
MEX,CTG,240,785,3288310
MEX,CTG,91,702,2939197
MEX,CTG,38,338,1416675
MEX,CTG,16,130,552710
MEX,CTG,102800,2471,10377704
MEX,CTG,33885,2557,10864481
MEX,CTG,658,10528,46182756
MEX,CTG,347,63,267987
MEX,CTG,63582,50100,209771211
MEX,CTG,0,4,17594
MEX,CTG,6,270,1145849
MEX,CTG,464,474,1984852
MEX,CTG,9,11935,50721776
MEX,CTG,797,41578,176695930
MEX,CTG,3,23504,99869856
MEX,CTG,1,10049,42698626
MEX,CTG,62,4120,17505583
MEX,CTG,5629,3444,14632579
MEX,CTG,320,2227,9463849
MEX,CTG,14,2553,10850955
MEX,CTG,14,30,125536
MEX,CTG,202,2463,10399008
MEX,CTG,1543,80263,341994662
MEX,CTG,152,310,1297303
MEX,CTG,12027,2322,9722112
MEX,CTG,305,368,1541531
MEX,CTG,59750,55072,232986123
MEX,CTG,112,2185,9245321
MEX,CTG,2,255,1083719
MEX,CTG,10,53,224193
MEX,CTG,17663,141449,601016461
MEX,CTG,10131,182136,773895524
MEX,CTG,2201,29354,124726846
MEX,CTG,7024,329871,1401622389
MEX,CTG,2241,1566,6654699
MEX,CTG,204,164,696199
MEX,CTG,2356,2488,10569727
MEX,CTG,2244,4592,19509284
MEX,CTG,2250,799,3395843
MEX,CTG,5700,1413,6002970
MEX,CTG,456120,616304,2518526562
MEX,CTG,1630,29878,125532893
MEX,CTG,37400,5692,23915109
MEX,CTG,45,180,764611
MEX,CTG,5,57,243900
MEX,CTG,2,71,303089
MEX,CTG,35,92,391192
MEX,CTG,55,528,2243870
MEX,CTG,22,682,2900648
MEX,CTG,5,124,529385
MEX,CTG,20,22,93546
MEX,CTG,242,1534,6521175
MEX,CTG,10,210,894980
MEX,CTG,10,843,3586213
MEX,CTG,23,27,115317
MEX,CTG,20,858,3649144
MEX,CTG,6,108,461139
MEX,CTG,9,24,102688
MEX,CTG,11,26,110554
MEX,CTG,10,330,1404295
MEX,CTG,5,58,244878
MEX,CTG,5,414,1760578
MEX,CTG,26,1101,4679935
MEX,CTG,3,22,91845
MEX,CTG,30,69,294670
MEX,CTG,43,531,2257647
MEX,CTG,73,649,2760840
MEX,CTG,2,44,185731
MEX,CTG,12,537,2281331
MEX,CTG,14,751,3192129
MEX,CTG,20,850,3612576
MEX,CTG,1,175,744201
MEX,CTG,8,42,177907
MEX,CTG,105,6424,27316574
MEX,CTG,99,1380,5865801
MEX,CTG,5,61,258527
MEX,CTG,28,4269,18150684
MEX,CTG,8,145,614555
MEX,CTG,1,22,95077
MEX,CTG,17,289,1228854
MEX,CTG,20,132,562977
MEX,CTG,2,402,1711296
MEX,CTG,4,75,318907
MEX,CTG,20,2,10205
MEX,CTG,3,10,43371
MEX,CTG,10,850,3614276
MEX,CTG,8,360,1530752
MEX,CTG,20,172,731359
MEX,CTG,9,1340,5697801
MEX,CTG,946,196181,812471867
MEX,CTG,1,2467,10164169
MEX,CTG,2,8387,34558198
MEX,CTG,8,24,99394
MEX,CTG,38,57,236062
MEX,CTG,38,2265,9379511
MEX,CTG,5,546,2260185
MEX,CTG,45,4,18636
MEX,CTG,9,9,37273
MEX,CTG,2,23,96909
MEX,CTG,699,5824,24541150
MEX,CTG,20505,96302,405812475
MEX,CTG,2697,270413,1136149550
MEX,CTG,109,96,404187
MEX,CTG,76,2006,8429614
MEX,CTG,19,1089,4575802
MEX,CTG,27,27,113441
MEX,CTG,1,41,173943
MEX,CTG,3283,280227,1187840346
MEX,CTG,2139,248306,1052533456
MEX,CTG,118,111,469665
MEX,CTG,60,1614,6842860
MEX,CTG,4,187,792834
MEX,CTG,34,34,144121
MEX,CTG,2,32,137763
MEX,CTG,1200000,21360,93116784
MEX,CTG,111130,60899,247301461
MEX,CTG,40320,53519,225961275
MEX,CTG,54026,32430,133631707
MEX,CTG,1,2169,8806600
MEX,CTG,1,20683,83988320
MEX,CTG,150000,2550,10764544
MEX,CTG,40320,53519,225923812
MEX,CTG,914,69471,281618761
MEX,CTG,25020,60799,256697161
MEX,CTG,3,8664,36627671
MEX,CTG,1,2635,11137989
MEX,CTG,6,13861,58595472
MEX,CTG,146484,553900,2339269627
MEX,CTG,6990,39734,170550622
MEX,CTG,54026,32430,133631707
MEX,CTG,2496,8090,33162809
MEX,CTG,3060,6296,26582728
MEX,CTG,880,140,589404
MEX,CTG,8640,155088,654686932
MEX,CTG,87023,207303,907093078
MEX,CTG,89862,140890,615688925
MEX,CTG,228,1797,7642622
MEX,CTG,46752,14357,60479874
MEX,CTG,82728,30846,129940207
MEX,CTG,79734,217521,896322990
MEX,CTG,1433,6169,25419693
MEX,CTG,145927,220871,910124636
MEX,CTG,1425,5095,20996125
MEX,CTG,4080,15901,65521773
MEX,CTG,9541,26387,108731088
MEX,CTG,4910,15297,63032259
MEX,CTG,7596,10174,41923064
MEX,CTG,1,50700,213648279
MEX,CTG,155487,428309,1815536545
MEX,CTG,3932,13303,56388659
MEX,CTG,64678,96432,408759554
MEX,CTG,200,1516,6427411
MEX,CTG,228,1357,5750339
MEX,CTG,10487,32094,136039617
MEX,CTG,500,2170,9199195
MEX,CTG,10665,93734,396552759
MEX,CTG,70801,179496,758800356
MEX,CTG,5900,15633,66088352
MEX,CTG,67709,107298,453591887
MEX,CTG,120,1290,5452234
MEX,CTG,22257,62277,263270308
MEX,CTG,663,3347,14147637
MEX,CTG,8634,13081,55300137
MEX,CTG,560,101,426583
MEX,CTG,2,1000,4231970
MEX,CTG,1,15950,67342336
MEX,CTG,3,355,1497856
MEX,CTG,8,2790,11758830
MEX,CTG,14,270,1139500
MEX,CTG,0,107,449588
MEX,CTG,120,4135,17424387
MEX,CTG,21,1210,5098862
MEX,CTG,9,20,82383
MEX,CTG,1,47,198099
MEX,CTG,20,51,204796
MEX,CTG,77,1305,5289873
MEX,CTG,5,4064,16474440
MEX,CTG,103,2950,11960416
NIC,CTG,444,2239,9521025
NIC,CTG,1232,9137,38850666
NIC,CTG,504,970,4122826
NIC,CTG,254,1281,5447352
NIC,CTG,1322,5062,21525440
NIC,CTG,1504,11102,47205853
NIC,CTG,632,9470,40266782
NIC,CTG,2100,16371,69612751
NIC,CTG,173,1195,5079547
NIC,CTG,5250,87150,364897922
NIC,CTG,1450,3306,13928920
NIC,CTG,3344,8386,35405856
NIC,CTG,572,2521,10579243
NIC,CTG,354,1521,6391336
NIC,CTG,62,144,604337
NIC,CTG,8000,81018,344304025
NIC,CTG,1272,2436,10352604
NIC,CTG,48,249,1055961
NIC,CTG,3393,7458,31688957
NIC,CTG,3544,1175,4991725
NIC,CTG,1632,1238,5261962
NIC,CTG,1008,4002,17006538
NIC,CTG,6,60,254940
NIC,CTG,21840,71607,296554550
NIC,CTG,20000,4648,19648909
NIC,CTG,110540,8136,32982121
NIC,CTG,75,15840,66322238
NIC,CTG,28448,59719,253744076
NIC,CTG,22800,21347,90771066
NIC,CTG,346,13313,56322111
NIC,CTG,130,7750,32787228
NIC,CTG,10,490,2072999
NIC,CTG,1466,37353,158026822
NIC,CTG,2166,34802,151714967
NIC,CTG,2156,27196,118559114
NIC,CTG,530,1945,8196593
NIC,CTG,300,390,1643448
NIC,CTG,48,293,1235873
NIC,CTG,123,257,1083285
NIC,CTG,253,340,1434435
NIC,CTG,19,110,463537
NIC,CTG,7352,43487,183251776
NIC,CTG,173,1025,4317423
NIC,CTG,9,55,234324
NIC,CTG,6,156,658627
NIC,CTG,10,74,313884
NIC,CTG,3,264,1112614
NIC,CTG,20,44,185415
NIC,CTG,50,233,980338
NIC,CTG,180,2472,10449685
NIC,CTG,9,142,602403
NIC,CTG,170,6252,26345403
NIC,CTG,33,143,602261
NIC,CTG,5760,9737,41032690
NIC,CTG,126,67,280819
NIC,CTG,20,1105,4656437
NIC,CTG,110,251,1061498
NIC,CTG,200,80,338191
NIC,CTG,20,51,217288
NIC,CTG,115,442,1867872
NIC,CTG,560,631,2669089
NIC,CTG,520,1791,7571255
NIC,CTG,6,18893,79614957
NIC,CTG,339,936,3943475
NIC,CTG,120,528,2226957
NIC,CTG,15,151,635888
NIC,CTG,62,56,236994
NIC,CTG,30,150,632096
NIC,CTG,130,322,1357488
NIC,CTG,50,94,394006
NIC,CTG,12,78,328690
NIC,CTG,425000,35855,151382404
NIC,CTG,425000,16255,68628004
NIC,CTG,425000,14764,62333417
NIC,CTG,2808,5005,21174838
NIC,CTG,500,140,568516
NIC,CTG,3000,450,1827374
NIC,CTG,300,1908,7748064
NIC,CTG,6,1305,5299383
NIC,CTG,180,2665,11037325
NIC,CTG,2470,22745,94196825
NIC,CTG,490,31147,128995150
NIC,CTG,4440,60116,248966206
NIC,CTG,209,3390,14039448
NIC,CTG,176,13485,56925951
NIC,CTG,4319,15851,67061303
NIC,CTG,128,1014,4291235
NIC,CTG,3400,275,1162275
NIC,CTG,23200,573,2424140
NIC,CTG,23000,1160,4905477
NIC,CTG,15000,727,3075696
NIC,CTG,50,844,3479452
NIC,CTG,2410,3903,16081956
NIC,CTG,460,578,2380894
NIC,CTG,987,125803,551853891
NIC,CTG,3000,135000,560916900
NIC,CTG,18,33,140459
NIC,CTG,23,167,706147
NIC,CTG,18,8010,33898080
NIC,CTG,256,29,124039
NIC,CTG,109,20,84724
NIC,CTG,2,390,1650468
NIC,CTG,2,1060,4485888
NIC,CTG,154,8363,35393235
NIC,CTG,1,450,1904386
NIC,CTG,4,90,381978
NIC,CTG,4,4682,19814168
NIC,CTG,63,1179,5011938
NIC,CTG,10,441,1874122
NIC,CTG,763,9642,40973579
NIC,CTG,272,13586,57738260
NIC,CTG,4153,60490,257063343
NIC,CTG,652,13093,55640943
NIC,CTG,5,60,254983
NIC,CTG,20,0,850
NIC,CTG,30,0,1275
NIC,CTG,6,3,12749
NIC,CTG,58,1,2465
NIC,CTG,1405,6820,27647454
NIC,CTG,5338,53,221070
NIC,CTG,11110,29306,124360324
NIC,CTG,8942,24231,102692565
NIC,CTG,1771,5539,23481380
NIC,CTG,13890,23662,100288146
NIC,CTG,755,2451,10389749
NIC,CTG,254,3324,14135818
NIC,CTG,1836,5872,24966529
NIC,CTG,504,761,3235670
NIC,CTG,187,2412,10196126
NIC,CTG,2670,7732,32686940
NIC,CTG,504,700,2958581
NIC,CTG,818,5914,25134655
NIC,CTG,12,138,584845
NIC,CTG,1945,8548,36328476
NIC,CTG,8,954,4055881
NGA,CTG,43344,81631,338069901
NOR,CTG,22235,61631,260822109
NOR,CTG,22177,60792,252585118
PNG,CTG,10,51275,207856544
NZL,CTG,4830,128429,542237572
NZL,CTG,3027,104733,442191350
NZL,CTG,131,1688,6989409
NZL,CTG,1064,15181,62871380
NZL,CTG,872,32972,136550899
OMN,CTG,2,23121,93892318
NLD,CTG,45696,62557,264607290
NLD,CTG,23787,69112,292906497
NLD,CTG,608,2645,10953254
NLD,CTG,4218,22907,94868565
NLD,CTG,129858,287739,1222743778
NLD,CTG,114640,300052,1270336566
NLD,CTG,1166,7264,29934038
NLD,CTG,25580,4317,17865636
NLD,CTG,346495,60547,252175830
NLD,CTG,110,31,124856
NLD,CTG,1666,41108,179204646
NLD,CTG,400,8904,38816098
NLD,CTG,4504,126894,553183796
NLD,CTG,20268,21452,91148018
NLD,CTG,22234,33086,144235152
NLD,CTG,16242,44160,184943966
NLD,CTG,4593,25791,108080167
NLD,CTG,502,6847,30033706
NLD,CTG,170,1248,5475297
NLD,CTG,495,3709,16270254
NLD,CTG,642,7252,31810742
NLD,CTG,75,1856,8140325
NLD,CTG,882,15484,67503042
NLD,CTG,9300,2756,11853892
NLD,CTG,44752,40969,177459450
NLD,CTG,2736,12453,54627209
NLD,CTG,1580,9477,41572377
NLD,CTG,21120,4811,20974338
NLD,CTG,5700,1677,6808388
NLD,CTG,21075,47444,198647707
NLD,CTG,36036,122868,520127651
NLD,CTG,2469,14094,58560929
NLD,CTG,11900,2007,8455752
NLD,CTG,117405,20436,86114795
NLD,CTG,7257,53640,227918187
NLD,CTG,22048,13227,54503317
NLD,CTG,2697,13934,57670899
NLD,CTG,16680,174022,734737390
NLD,CTG,60000,297000,1206066510
NLD,CTG,3661,10098,42905382
NLD,CTG,7785,21157,89897963
NLD,CTG,175,37,157213
NLD,CTG,406,96,407904
NLD,CTG,7200,2131,8972489
NLD,CTG,38375,156515,682312276
NLD,CTG,22656,36343,147584328
NLD,CTG,22416,18267,75269965
NLD,CTG,47520,39118,171595611
NLD,CTG,1607,138580,607904001
NLD,CTG,2,2084800,8782220000
NLD,CTG,2,4000,16850000
NLD,CTG,73,6200,26621075
NLD,CTG,15000,51485,221617527
NLD,CTG,1,60000,254331000
NLD,CTG,2,18160,76036102
NLD,CTG,15739,79178,328979507
NLD,CTG,6552,24205,100242361
NLD,CTG,2359,10187,43003131
NLD,CTG,841,3049,12625978
NLD,CTG,41944,183691,745938492
NLD,CTG,38000,47651,201154299
NLD,CTG,500,881,3660502
NLD,CTG,23,2726,11068523
NLD,CTG,9,2736,11108888
NLD,CTG,7,3437,13955530
NLD,CTG,6,1648,6693385
NLD,CTG,6,411,1667093
NLD,CTG,46,2081,8448963
NLD,CTG,14,1592,6466750
NLD,CTG,13118,60029,252959267
NLD,CTG,65,8503,34528182
NLD,CTG,29,6099,24766962
NLD,CTG,21,4227,17164438
NLD,CTG,4,228,925382
NLD,CTG,2,0,81
NLD,CTG,44000,108597,447485157
NLD,CTG,87840,209899,870463906
NLD,CTG,19297,11523,50549282
NLD,CTG,21920,49471,210201514
NLD,CTG,769196,2140107,9150070753
NLD,CTG,674440,2921578,12364031930
NLD,CTG,17936,71464,301727904
NLD,CTG,3207,19643,82934978
NLD,CTG,7904,31616,134358831
NLD,CTG,1310,7800,33147738
NLD,CTG,11700,2037,8609164
NLD,CTG,2760,6457,27295539
NLD,CTG,42432,75798,321412862
NLD,CTG,11149,36225,153833795
NLD,CTG,447920,60071,257987020
NLD,CTG,239810,44898,195798475
NLD,CTG,7056,988,4306390
NLD,CTG,164040,33823,148370878
NLD,CTG,44512,50321,212121964
NLD,CTG,38380,146124,623125533
NLD,CTG,91130,306972,1292738821
NLD,CTG,24120,130167,550454680
NLD,CTG,7799,46425,197292787
NLD,CTG,732000,202514,855569586
NLD,CTG,4864,19456,82682358
NLD,CTG,1701,10125,43028314
NLD,CTG,269490,34801,144596897
NLD,CTG,7000,1087,4515381
NLD,CTG,67624,101832,424712107
NLD,CTG,48045,132004,554449952
NLD,CTG,10292,58991,241913758
NLD,CTG,38313,161792,655865816
NLD,CTG,38391,162121,684490931
NLD,CTG,40264,55675,234529505
NLD,CTG,21778,30010,126419231
NLD,CTG,136914,234206,1007336353
NLD,CTG,134603,595055,2412210319
NLD,CTG,43052,85133,350799383
NLD,CTG,23168,23315,102274978
NLD,CTG,24000,28425,120867104
NLD,CTG,414880,693761,2973047369
NLD,CTG,572280,1134496,4727551465
NLD,CTG,21120,27304,116034889
NLD,CTG,21206,43250,181717895
NLD,CTG,1611,1424782,6088766782
NLD,CTG,10752,21791,92589704
NLD,CTG,13500,336852,1432325021
NLD,CTG,24000,39068,158371080
NLD,CTG,1188,24938,108716156
NLD,CTG,1181,36955,161100537
NLD,CTG,21120,44194,187809984
NLD,CTG,9811,24567,104136082
NLD,CTG,44608,96508,400636883
PAK,CTG,3991,25920,109573357
PAN,CTG,1000,2340,10264784
PAN,CTG,1000,3700,16230642
PAN,CTG,875,1592,6985756
PAN,CTG,175,338,1481594
PAN,CTG,125,994,4360340
PAN,CTG,500,2805,12228116
PAN,CTG,30,1604,6819247
PAN,CTG,7420,44629,189767290
PAN,CTG,2120,5905,25903227
PAN,CTG,424,5258,23063304
PAN,CTG,100,935,4103062
PAN,CTG,208,715,3116970
PAN,CTG,2669,22152,96570737
PAN,CTG,11752,52315,228062796
PAN,CTG,23584,78029,327145494
PAN,CTG,653,1573,6900216
PAN,CTG,2926,6594,27990500
PAN,CTG,40563,105486,445315551
PAN,CTG,405,2376,9944727
PAN,CTG,3537,13861,58452508
PAN,CTG,662,5455,23930108
PAN,CTG,11879,68580,292046254
PAN,CTG,270,5967,25352721
PAN,CTG,1646,12773,54273454
PAN,CTG,11358,39260,172219043
PAN,CTG,1604,18610,77406215
PAN,CTG,1358,3772,15964641
PAN,CTG,2439,11009,46777921
PAN,CTG,2301,82563,362174011
PAN,CTG,32520,98707,425247577
PAN,CTG,4250,4320,18357804
PAN,CTG,25,200,877332
PAN,CTG,175,364,1596744
PAN,CTG,15000,3600,14618988
PAN,CTG,18750,41625,182594722
PAN,CTG,200,2874,11670825
PAN,CTG,50,1335,5855094
PAN,CTG,1000,3235,13755511
PAN,CTG,1750,4501,18701385
PAN,CTG,1225,2678,11125267
PAN,CTG,827,4742,19701770
PAN,CTG,10745,29979,124559492
PAN,CTG,1830,656,2724602
PAN,CTG,123242,124483,542102244
PAN,CTG,89,13180,55715478
PAN,CTG,181000,41091,174008232
PAN,CTG,4375,7262,29491778
PAN,CTG,300,1995,8101356
PAN,CTG,1,9,36776
PAN,CTG,13,168,714682
PAN,CTG,5,917,3799555
PAN,CTG,10746,8268,35148050
PAN,CTG,887,1923,7953684
PAN,CTG,10500,245,1009552
PAN,CTG,80,56,236398
PAN,CTG,7,565,2388264
PAN,CTG,184,13076,55277521
PAN,CTG,1403,20509,86699542
PAN,CTG,70,4651,19661887
PAN,CTG,419,24712,104465571
PAN,CTG,207,11285,47704701
PAN,CTG,18,2936,12412040
PAN,CTG,1106,9636,40735933
PAN,CTG,34,850,3502527
PAN,CTG,1964,52863,224614037
PAN,CTG,13,3273,13790638
PAN,CTG,28903,9358,38002262
PAN,CTG,2,45,191924
PAN,CTG,480,2452,10227525
PAN,CTG,459,5951,25285799
PAN,CTG,42,1052,4448398
PAN,CTG,14,134,565794
PAN,CTG,28,72,303527
PAN,CTG,21,862,3642827
PAN,CTG,3,17,73937
PAN,CTG,64,796,3363988
PAN,CTG,67,3598,15211798
PAN,CTG,48,3350,14160911
PAN,CTG,901,44628,188661779
PAN,CTG,801,10387,44134788
PAN,CTG,5036,22351,92563528
PAN,CTG,4,819,3465122
PAN,CTG,38,499,2120251
PAN,CTG,13,164,696411
PAN,CTG,89,1610,6804914
PAN,CTG,9,151,638274
PAN,CTG,36,428,1808443
PAN,CTG,1,25,103016
PAN,CTG,36,155,656598
PAN,CTG,0,12,47958
PAN,CTG,140,3030,12790812
PAN,CTG,3690,33367,140855796
PAN,CTG,40,96,405253
PAN,CTG,110,210,886315
PAN,CTG,3726,56712,239404187
PAN,CTG,180,202,851032
PAN,CTG,3,7268,30628019
PAN,CTG,1,6000,26319960
PAN,CTG,982,26322,111925469
PAN,CTG,201,55154,234521473
PAN,CTG,80,20460,85666225
PAN,CTG,1,20,82412
PAN,CTG,2,540,2260985
PAN,CTG,24,62,256437
PAN,CTG,2,1150,4738713
PAN,CTG,120,300,1274700
PAN,CTG,100,2980,12663720
PAN,CTG,10,443,1871764
PAN,CTG,710,54639,230981630
PAN,CTG,2,297,1204564
PAN,CTG,4,593,2409128
PAN,CTG,8,1187,4818215
PAN,CTG,1,24502,107481943
PAN,CTG,20,541,2285665
PAN,CTG,2,55,228110
PAN,CTG,37,22595,95215411
PAN,CTG,20,8753,36886059
PAN,CTG,6,1824,7753128
PAN,CTG,150,11708,49336739
PAN,CTG,4204,17514,72617194
PAN,CTG,69,67433,284162451
PAN,CTG,45,3770,15534737
PAN,CTG,244,45959,197856187
PAN,CTG,16,362,1537673
PAN,CTG,1,1172,4982700
PAN,CTG,3,6905,29892558
PAN,CTG,3120,1770,7526199
PAN,CTG,192,1350,5716206
PAN,CTG,6,8007,33162252
PAN,CTG,6647,6442,28257109
PAN,CTG,49315,47589,199007259
PAN,CTG,2500,200,877332
PAN,CTG,75,45,189963
PAN,CTG,800,8,33992
PAN,CTG,11,24,102050
PAN,CTG,6,297,1228017
PAN,CTG,124,62,262098
PAN,CTG,40,0,85
PAN,CTG,40,416,1758594
PAN,CTG,3840,6082,24697115
PAN,CTG,33600,53569,217535536
PAN,CTG,7043,25936,110202064
PAN,CTG,204,51472,212097624
PAN,CTG,4000,275871,1210150175
PAN,CTG,4100,13605,57817305
PAN,CTG,461,1852,7828999
PAN,CTG,1057,3713,15743819
PAN,CTG,6868,17285,73069379
PAN,CTG,3840,5652,23893758
PAN,CTG,11117,37757,160428643
PAN,CTG,50,285,1211167
PAN,CTG,22049,17372,73518460
PAN,CTG,15120,4385,18068095
PAN,CTG,24,46835,197741585
PAN,CTG,1000,1170,4949814
PAN,CTG,1000,2210,9391859
PAN,CTG,3000,9425,40053517
PAN,CTG,200,2860,12099545
PAN,CTG,717,5419,22924026
PAN,CTG,2440,5991,25347192
PAN,CTG,1940,4323,18289519
PAN,CTG,4766,16097,68098648
PAN,CTG,1647,3251,13752148
PAN,CTG,250,4805,20419857
PAN,CTG,204,794,3359231
PAN,CTG,200,1510,6417062
PAN,CTG,209,972,4111518
PAN,CTG,2500,4150,17557032
PAN,CTG,238,750,3171688
PAN,CTG,15400,8692,36697309
PAN,CTG,3840,2503,10568736
PAN,CTG,6299,3368,14220421
PAN,CTG,1015,56916,241834809
PAN,CTG,44949,96459,408962865
PAN,CTG,3101,8135,34413870
PAN,CTG,4085,12421,53132109
PAN,CTG,14560,14560,61473630
PAN,CTG,38,76,320879
PAN,CTG,53,1512,6591413
PAN,CTG,2,2600,11334439
PAN,CTG,50,13594,59261684
PAN,CTG,4,224,976506
PAN,CTG,4,372,1566544
PAN,CTG,38,1684,7093850
PAN,CTG,3998,24849,109004114
PAN,CTG,21,1168,4839178
PAN,CTG,2,5900,25720459
PAN,CTG,15,23730,103448561
PAN,CTG,147,32707,139081289
PAN,CTG,60,17092,70430461
PAN,CTG,1,6200,27028279
PAN,CTG,2,191,832645
PAN,CTG,21,2370,10331778
PAN,CTG,2,710,3095173
PAN,CTG,9,132,575441
PAN,CTG,2,497,2166622
PAN,CTG,15,22,98086
PAN,CTG,6,105,457736
PAN,CTG,4,559,2314977
PAN,CTG,100,6000,26156399
PAN,CTG,116,3492,14463240
PAN,CTG,56,5573,23478158
PAN,CTG,150,6307,26120123
PAN,CTG,35,3857,16814206
PAN,CTG,3,1700,7410979
PAN,CTG,40500,1215,5296671
PAN,CTG,12,4244,17575980
PAN,CTG,20190,37139,150554052
PAN,CTG,37,508,2158237
PAN,CTG,1,10,42125
PAN,CTG,1300,5163,21754789
PAN,CTG,566,2198,9261084
PAN,CTG,961,2611,11002381
PAN,CTG,1793,11234,47338222
PAN,CTG,9772,6505,28357896
PAN,CTG,1,1356,5911826
PAN,CTG,524,1846,7778272
PAN,CTG,3567,13341,56219417
PAN,CTG,880,9675,40769106
PAN,CTG,720,624,2653304
PAN,CTG,3873,14463,61497552
PAN,CTG,1416,4702,19994178
PAN,CTG,1150,8965,38402209
PAN,CTG,600,1206,5128021
PAN,CTG,1,31111,136474344
PAN,CTG,4,3792,16632767
PAN,CTG,1,3448,15123624
PAN,CTG,1,8686,38103845
PAN,CTG,3,15187,66618100
PAN,CTG,2167,26993,114778366
PAN,CTG,272,3080,13096437
PAN,CTG,720,1806,7679275
PAN,CTG,3859,10801,47086926
PAN,CTG,686,2831,12343510
PAN,CTG,8810,27153,118371442
PAN,CTG,900,9753,42516138
PAN,CTG,784,5786,24525986
PAN,CTG,303,22608,95834040
PAN,CTG,2,53663,226856332
PAN,CTG,14,6560,27731044
PAN,CTG,301,1332,5622891
PAN,CTG,102,25615,107904409
PAN,CTG,4658,29478,124220714
PAN,CTG,5032,12055,50647932
PAN,CTG,2262,6904,29007699
PAN,CTG,146,31575,130536320
PAN,CTG,40,8750,36859375
PAN,CTG,30,8086,34063118
PAN,CTG,37800,60298,255593330
PAN,CTG,17660,35837,148414729
PAN,CTG,569,1746,7382164
PAN,CTG,6,2791,11796743
PAN,CTG,8324,23863,100878208
PAN,CTG,500,4095,16959156
PAN,CTG,2200,5610,23715658
PAN,CTG,1,47,194979
PAN,CTG,8,133,551431
PAN,CTG,1124,3444,14558666
PAN,CTG,89,498,2104437
PAN,CTG,1470,1984,8389255
PAN,CTG,19400,24148,102083014
PAN,CTG,600,3036,12834356
PAN,CTG,24759,44937,189696814
PAN,CTG,249,4064,17154969
PAN,CTG,24,412,1669784
PAN,CTG,7,25416,103030810
PAN,CTG,1,154499,626300042
PAN,CTG,1,7945,32206921
PAN,CTG,12,3787,15352562
PAN,CTG,76,81090,342800323
PAN,CTG,20,20913,88408253
PAN,CTG,3524,8488,34468203
PAN,CTG,2174,37438,158065043
PAN,CTG,500,39973,168983490
PAN,CTG,36,177,747403
PAN,CTG,10198,53484,227490956
PAN,CTG,7073,53485,227501323
PAN,CTG,25530,95000,408767103
PAN,CTG,6850,13126,57219305
PAN,CTG,2000,450,1898154
PAN,CTG,0,52,219106
PAN,CTG,20000,4620,19506703
PAN,CTG,1000,1170,4939845
PAN,CTG,268,1724,7265643
PAN,CTG,542,1477,6236660
PAN,CTG,4303,14082,59457674
PAN,CTG,3441,17093,72168395
PAN,CTG,96265,182519,770600716
PAN,CTG,1881,14096,59512596
PAN,CTG,328,1628,6881303
PAN,CTG,32,157,664419
PAN,CTG,4862,24144,102065766
PAN,CTG,14,44,185054
PAN,CTG,48,239,1008486
PAN,CTG,1453,2308,9733157
PAN,CTG,19,92,390188
PAN,CTG,1000,15250,64263042
PAN,CTG,3750,6225,26231963
PAN,CTG,5000,7750,32658268
PAN,CTG,1578,6165,26036101
PAN,CTG,1,21,88025
PAN,CTG,1800,178,750362
PAN,CTG,72,126,531983
PAN,CTG,500,1500,6333135
PAN,CTG,1028,4415,18641794
PAN,CTG,1161,1163,4911726
PAN,CTG,10,51,214371
PAN,CTG,3,0,1268
PAN,CTG,5827,25885,109545051
PAN,CTG,1772,11740,48852534
PAN,CTG,400,4880,20564174
PAN,CTG,1405,5516,23175681
PAN,CTG,108,526,2225847
PAN,CTG,600,934,3943516
PAN,CTG,215,925,3905433
PAN,CTG,563,2416,10200781
PAN,CTG,18,184,778216
PAN,CTG,68,2719,11481256
PAN,CTG,31,2404,10064651
PAN,CTG,2,4171,17463558
PAN,CTG,1,3200,13510688
PAN,CTG,30,3432,14419273
PAN,CTG,60,11544,48501160
PAN,CTG,72,44552,187188203
PAN,CTG,511,3695,15635140
PAN,CTG,134,20587,86922067
PAN,CTG,60,2666,11257274
PAN,CTG,6,1,2536
PAN,CTG,1,83000,350433470
PAN,CTG,108,11,45952
PAN,CTG,700,4149,16848668
PAN,CTG,300,2785,11309127
PAN,CTG,20,20,84442
PAN,CTG,51800,2660,11668516
PAN,CTG,8,2656,11651408
PAN,CTG,36,405,1711382
PAN,CTG,1000,540,2368796
PAN,CTG,3,30,126046
PAN,CTG,2553,9500,40876710
PAN,CTG,4,4,16856
PAN,CTG,67,18385,78173824
PAN,CTG,923,26482,111556394
PAN,CTG,973,39864,164265220
PAN,CTG,356,68463,282110584
PAN,CTG,99,514,2089297
PAN,CTG,928,5235,21258445
PAN,CTG,37786,108075,456302883
PAN,CTG,480,8592,37690183
PAN,CTG,23000,19231,81712519
PAN,CTG,116,518,2184932
PAN,CTG,1523,8096,33358850
PAN,CTG,832,5841,24069572
PAN,CTG,350,315,1329958
PAN,CTG,3,6725,27851117
PAN,CTG,75,360,1519952
PAN,CTG,6,71,299768
PAN,CTG,102,434,1832387
PAN,CTG,4016,135386,572948221
PAN,CTG,378,5363,22696224
PAN,CTG,5081,35404,154341375
PAN,CTG,50,2456,10392364
PAN,CTG,1683,5322,22468781
PAN,CTG,60,381,1577885
PAN,CTG,162,2370,9845712
PAN,CTG,4315,17879,75488774
PAN,CTG,1620,26360,109168923
PAN,CTG,76,828,3495891
PAN,CTG,20748,146598,618949739
PAN,CTG,3424,14382,60722478
PAN,CTG,416,13986,59189179
PAN,CTG,1658,6025,25439021
PAN,CTG,22,298,1258183
PAN,CTG,9,8,32510
PAN,CTG,362,2485,10560529
PAN,CTG,16,19,79018
PAN,CTG,826,3182,13520191
PAN,CTG,11385,33105,137102040
PAN,CTG,6640,22252,92155100
PAN,CTG,2504,19246,81420628
PAN,CTG,290,2322,9616400
PAN,CTG,4920,16475,70946409
PAN,CTG,1692,1162,5097650
PAN,CTG,396014,5689,23105664
PAN,CTG,18330,14229,62415680
PAN,CTG,3276,6314,27698600
PAN,CTG,2,2,7455
PAN,CTG,73,10080,40977490
PAN,CTG,35,57,237097
PAN,CTG,36,72,298183
PAN,CTG,161,93,385650
PAN,CTG,5,3,10975
PAN,CTG,33,4792,21020875
PAN,CTG,25000,25250,104912234
PAN,CTG,13,12,48538
PAN,CTG,0,135,559093
PAN,CTG,726,3234,13393385
PAN,CTG,3100,7992,33786104
PAN,CTG,2000,7010,29632397
PAN,CTG,700,1425,6024961
PAN,CTG,5,27,115619
PAN,CTG,90,3521,14884725
PAN,CTG,26,2661,11247013
PAN,CTG,2225,19631,82987893
PAN,CTG,1955,17666,74679677
PAN,CTG,1200,15073,63718266
PAN,CTG,30,111,461065
PAN,CTG,428,5858,24790034
PAN,CTG,898,6855,29009308
PAN,CTG,64,476,1971321
PAN,CTG,1200,2816,11904330
PAN,CTG,7002,28705,121303298
PAN,CTG,105467,261245,1105579056
PAN,CTG,2030,8428,36971341
PAN,CTG,9,4,18636
PAN,CTG,2819,36656,155777370
PAN,CTG,1,50,207072
PAN,CTG,5,4,17146
PAN,CTG,7,8,35119
PAN,CTG,3,1,3520
PAN,CTG,100,2580,10964252
PAN,CTG,2,20,82829
PAN,CTG,3,15,62204
PAN,CTG,3,4,17104
PAN,CTG,3,17,68499
PAN,CTG,30,115,475312
PAN,CTG,2,6,26339
PAN,CTG,24,2216,9356289
PAN,CTG,1,4290,17766735
PAN,CTG,15,2358,9956406
PAN,CTG,5,84,348046
PAN,CTG,4,16,67215
PAN,CTG,5,16,65849
PAN,CTG,9,7,27665
PAN,CTG,10,8,31848
PAN,CTG,480,21757,90105921
PAN,CTG,573,751,3111705
PAN,CTG,3,900,3727287
PAN,CTG,2,7000,29743000
PAN,CTG,147,1975,8338435
PAN,CTG,870,16484,69586721
PAN,CTG,235,1828,7715682
PAN,CTG,52,22,92230
PAN,CTG,2,28,114179
PAN,CTG,1,1939,8030233
PAN,CTG,1,1369,5686576
PAN,CTG,5,11,47295
PAN,CTG,830,4952,20906434
PAN,CTG,267,92178,383922485
PAN,CTG,16,6586,28890543
PAN,CTG,5,220,911115
PAN,CTG,4,5418,22513168
PAN,CTG,1200,2604,11422863
PAN,CTG,5000,300,1242429
PAN,CTG,0,100,414143
PAN,CTG,1878,10180,41948241
PAN,CTG,737,4423,18223854
PAN,CTG,644,2531,10276418
PAN,CTG,15,188,764654
PAN,CTG,963,566,2296927
PAN,CTG,626,1518,6166005
PAN,CTG,1176,3731,15151119
PAN,CTG,25696,25501,105522305
PAN,CTG,9234,11496,46682083
PAN,CTG,3008,3401,13810071
PAN,CTG,24400,343,1422457
PAN,CTG,8910,16299,66186981
PAN,CTG,21,80,338558
PAN,CTG,1,5,21137
PAN,CTG,6,10,42214
PAN,CTG,2,1,4221
PAN,CTG,40,8,33771
PAN,CTG,6,10,42214
PAN,CTG,5,5,21107
PAN,CTG,20,6,25328
PAN,CTG,3,200,844278
PAN,CTG,50,10,42214
PAN,CTG,30,3,12696
PAN,CTG,2,24,101567
PAN,CTG,2,1,4232
PAN,CTG,30,3,12696
PAN,CTG,100,10,42320
PAN,CTG,20,2,8464
PAN,CTG,104192,12296,51797911
PAN,CTG,660000,13865,58404838
PAN,CTG,2272,13738,57870777
PAN,CTG,2,410,1734550
PAN,CTG,200,100,423060
PAN,CTG,5,1700,7192036
PAN,CTG,14,427,1806470
PAN,CTG,62,62,262298
PAN,CTG,629,629,2661054
PAN,CTG,3,24,101535
PAN,CTG,194,1940,8207383
PAN,CTG,118,3540,14976359
PAN,CTG,381,11049,46744010
PAN,CTG,57,798,3376027
PAN,CTG,126,1008,4264455
PAN,CTG,134,3618,15306347
PAN,CTG,311,6220,26314394
PAN,CTG,62,2232,9442722
PAN,CTG,2,190,803816
PAN,CTG,2,624,2639901
PAN,CTG,17,391,1654169
PAN,CTG,2,192,812277
PAN,CTG,8,762,3223725
PAN,CTG,14,7050,29825800
PAN,CTG,7,266,1125342
PAN,CTG,3,300,1269183
PAN,CTG,24,6786,28710146
PAN,CTG,1,6000,25494000
PAN,CTG,14310,14882,65284029
PAN,CTG,3044,11694,51299795
PAN,CTG,32450,104850,425036736
PAN,CTG,21342,54598,229992938
PAN,CTG,79160,66138,290124919
PAN,CTG,23296,231832,1008374919
PAN,CTG,26319,49251,212879182
PAN,CTG,21602,19203,82482807
PAN,CTG,73,805,3261290
PAN,CTG,4858,1557,6617223
PAN,CTG,4062,65276,264614616
PAN,CTG,13157,19576,79357379
PAN,CTG,237,4151,16827158
PAN,CTG,18,1935,7844026
PAN,CTG,67147,23698,100694459
PAN,CTG,45960,31921,135633179
PAN,CTG,22,9154,37108930
PAN,CTG,1069,877,3553445
PAN,CTG,153,1417,5744259
PAN,CTG,27,157,634819
PAN,CTG,14,457,1851271
PAN,CTG,33,20,82940
PAN,CTG,332,38786,157228162
PAN,CTG,1281,2793,11320449
PAN,CTG,518,4315,17491731
PAN,CTG,690,12321,51903181
PAN,CTG,1200,1025,4156563
PAN,CTG,4509,541,2193408
PAN,CTG,701,2283,9256234
PAN,CTG,13,5802,23520686
PAN,CTG,194,6462,26196856
PAN,CTG,307,5820,23593451
PAN,CTG,3048,53817,218160391
PAN,CTG,602,361,1461705
PAN,CTG,229,14984,65730284
PAN,CTG,30,98425,414615312
PAN,CTG,4900,10859,47635487
PAN,CTG,400,804,3527445
PAN,CTG,5,76126,323460691
PAN,CTG,14,8665,36501523
PAN,CTG,30,6,26320
PAN,CTG,60,60,263200
PAN,CTG,17,80,350933
PAN,CTG,30,30,131600
PAN,CTG,80,12,52640
PAN,CTG,16,85,372866
PAN,CTG,68,164,719412
PAN,CTG,151,1406,6167644
PAN,CTG,19,62,271973
PAN,CTG,27,36,157920
PAN,CTG,12,12,52640
PAN,CTG,289,848,3719888
PAN,CTG,27,131,574652
PAN,CTG,12,8,35093
PAN,CTG,21,35,153533
PAN,CTG,124,410,1798531
PAN,CTG,10,500,2193330
PAN,CTG,36,36,157920
PAN,CTG,3,150,657999
PAN,CTG,10,13,57027
PAN,CTG,5,120,526399
PAN,CTG,6,60,263200
PAN,CTG,1,2,8773
PAN,CTG,10,38,168886
PAN,CTG,2,400,1754664
PAN,CTG,6,60,263200
PAN,CTG,6,6,26320
PAN,CTG,2,9,39480
PAN,CTG,19,295,1294065
PAN,CTG,4,40,175466
PAN,CTG,20,68,298293
PAN,CTG,4,20,87733
PAN,CTG,8,62,271973
PAN,CTG,2,20,87733
PAN,CTG,3,30,131600
PAN,CTG,10,100,438666
PAN,CTG,14,80,350933
PAN,CTG,1,1,4387
PAN,CTG,8,448,1965224
PAN,CTG,1,2,8773
PAN,CTG,2,450,1973997
PAN,CTG,1,5,21933
PAN,CTG,2,20,87733
PAN,CTG,2,170,745732
PAN,CTG,1,8000,35093280
PAN,CTG,646,3302,14484751
PAN,CTG,39,159,697479
PAN,CTG,12,40,175466
PAN,CTG,1,5,21933
PAN,CTG,12,36,157920
PAN,CTG,3,9,39480
PAN,CTG,34,102,447439
PAN,CTG,1,10,43867
PAN,CTG,36,136,596586
PAN,CTG,264,808,3544421
PAN,CTG,10,20,87733
PAN,CTG,2,20,87733
PAN,CTG,4,12,52640
PAN,CTG,38,230,1008932
PAN,CTG,23,75,329000
PAN,CTG,14,55,241266
PAN,CTG,21,210,921199
PAN,CTG,7,35,153533
PAN,CTG,58,192,842239
PAN,CTG,5,250,1096665
PAN,CTG,136,508,2228423
PAN,CTG,10,120,526399
PAN,CTG,14,140,614132
PAN,CTG,5,50,219333
PAN,CTG,22,52,228106
PAN,CTG,2,20,87733
PAN,CTG,1,25,109666
PAN,CTG,1,2,8773
PAN,CTG,13,104,456213
PAN,CTG,21,210,921199
PAN,CTG,6,60,263200
PAN,CTG,93,724,3175942
PAN,CTG,61,324,1421278
PAN,CTG,53,399,1750277
PAN,CTG,46,262,1149305
PAN,CTG,1,20,87733
PAN,CTG,13,34,149146
PAN,CTG,59,590,2588129
PAN,CTG,14,105,460599
PAN,CTG,17,132,579039
PAN,CTG,3,15,65800
PAN,CTG,2,20,87733
PAN,CTG,16,120,526399
PAN,CTG,4,20,87733
PAN,CTG,1,5,21933
PAN,CTG,3,120,526399
PAN,CTG,5,550,2412663
PAN,CTG,2,50,219333
PAN,CTG,1,5000,21933300
PAN,CTG,8394,44540,188491944
PAN,CTG,1,29384,123823294
PAN,CTG,8979,144662,630640002
PAN,CTG,295328,33508,139547079
PAN,CTG,19586,70908,304016035
PAN,CTG,6508,18000,78958169
PAN,CTG,4652,57133,240756327
PAN,CTG,409728,22860,95624159
PAN,CTG,635157,369690,1621703107
PAN,CTG,8617,60421,263400702
PAN,CTG,32,16,67542
PAN,CTG,31,213,902875
PAN,CTG,126,795,3369971
PAN,CTG,803,6645,28049870
PAN,CTG,260,3263,13776253
PAN,CTG,50,67,277476
PAN,CTG,300,920,3811275
PAN,CTG,105,697,2887157
PAN,CTG,205,538,2230160
PAN,CTG,205,538,2230160
PAN,CTG,20,229,949216
PAN,CTG,38,172,711166
PAN,CTG,32,346,1432935
PAN,CTG,1555,5004,20722887
PAN,CTG,38,454,1879795
PAN,CTG,52,648,2683647
PAN,CTG,4,72398,317584709
PAN,CTG,21000,24109,105100774
PAN,CTG,19340,16287,69038150
PAN,CTG,44,3577,15162366
PAN,CTG,193,6369,26998507
PAN,CTG,11,564,2390372
PAN,CTG,785,22404,94969060
PAN,CTG,8261,260766,1105347281
PAN,CTG,136,1878,7959161
PAN,CTG,845,7910,33531423
PAN,CTG,8852,62075,263124876
PAN,CTG,1500,1875,7600800
PAN,CTG,54670,41367,167693836
PAN,CTG,1008,4733,19185635
PAN,CTG,109457,269269,1115157224
PAN,CTG,10,2151,9081716
PAN,CTG,387,4144,17458664
PAN,CTG,131500,30599,129445425
PAN,CTG,936,2259,9560020
PAN,CTG,53041,161438,684270000
PAN,CTG,19268,26252,108173280
PAN,CTG,27300,15583,65793800
PAN,CTG,363200,878563,3733012657
PAN,CTG,7786,55965,227265569
PAN,CTG,3300,12752,53576776
PAN,CTG,6722,66137,278602576
PAN,CTG,4320,598,2520381
PAN,CTG,95700,2516,10598482
PAN,CTG,100000,3641,15339103
PAN,CTG,138,827,3482179
PAN,CTG,315,1840,7751337
PAN,CTG,5024,5526,23332958
PAN,CTG,10,235,1031742
PAN,CTG,1,4900,20516349
PAN,CTG,10070,7326,32137066
PAN,CTG,50,486,2053962
PAN,CTG,12788,10145,42884927
PAN,CTG,1000,3043,12862595
PAN,CTG,191,45165,189106014
PAN,CTG,5,10415,43973067
PAN,CTG,100,2680,11328898
PAN,CTG,2521,21460,90719916
PAN,CTG,30,3591,15034548
PAN,CTG,6,85,360343
PAN,CTG,46,1347,5695605
PAN,CTG,1270,7758,32752948
PAN,CTG,24,196,832729
PAN,CTG,700,955,4060746
PAN,CTG,500,3055,12990135
PAN,CTG,775,6748,28693954
PAN,CTG,114,1012,4301414
PAN,CTG,44,392,1668520
PAN,CTG,191,1685,7165282
PAN,CTG,6,56,237267
PAN,CTG,148,6601,28067196
PAN,CTG,125,488,2076083
PAN,CTG,4,22,91845
PAN,CTG,252,3811,16205140
PAN,CTG,6,56,238712
PAN,CTG,80,426,1813091
PAN,CTG,102,3371,14334221
PAN,CTG,834,2088,8879810
PAN,CTG,7346,17554,74640167
PAN,CTG,2000,6000,25512540
PAN,CTG,42,2205,9375858
PAN,CTG,200,1022,4345636
PAN,CTG,2150,13860,58931841
PAN,CTG,1587,15197,64618629
PAN,CTG,1,1396,5934557
PAN,CTG,206,806,3428035
PAN,CTG,450,1045,4441436
PAN,CTG,50,94,399696
PAN,CTG,707,1766,7511189
PAN,CTG,300,743,3161004
PAN,CTG,30,9,38088
PAN,CTG,40,16,67712
PAN,CTG,200,2,8464
PAN,CTG,30,9,38088
PAN,CTG,570,11334,47454315
PAN,CTG,131,2610,10929101
PAN,CTG,7,146,611303
PAN,CTG,2,37,155757
PAN,CTG,1,207,866711
PAN,CTG,1,12,52003
PAN,CTG,141,4265,17858854
PAN,CTG,175,3493,14626063
PAN,CTG,21,424,1776967
PAN,CTG,175,444,1879954
PAN,CTG,900,2770,11722261
PAN,CTG,281136,35713,150528611
PAN,CTG,235128,6710,28341173
PAN,CTG,1178760,70295,294142385
PAN,CTG,1075016,41170,173877514
PAN,CTG,10200,199,841589
PAN,CTG,100250,5638,23793268
PAN,CTG,34560,63104,266386595
PAN,CTG,3,59460,251962109
PAN,CTG,463,20642,86986707
PAN,CTG,52200,17330,74590475
PAN,CTG,632,7733,32585787
PAN,CTG,16280,48612,201324852
PAN,CTG,1,14142,59829287
PAN,CTG,328,4884,19831634
PAN,CTG,470,28663,118109043
PAN,CTG,94,1410,6185191
PAN,CTG,140,1980,8685587
PAN,CTG,25,25,105799
PAN,CTG,9848,38418,163238719
PAN,CTG,21750,25227,110662403
PAN,CTG,56040,10986,46514157
PAN,CTG,150,342,1500150
PAN,CTG,1709,126185,553530517
PAN,CTG,100,235,1030821
PAN,CTG,14032,5802,25452981
PAN,CTG,1,5500,22663410
PAN,CTG,1,1000,4120620
PAN,CTG,36886,143878,601298226
PAN,CTG,9222,71939,301208977
PAN,CTG,2,48684,203839892
PAN,CTG,653,3821,16151462
PAN,CTG,1005,17246,73277404
PAN,CTG,736,77585,329657008
PAN,CTG,10351,55853,236111949
PAN,CTG,7008,14064,58245072
PAN,CTG,8100,1060,4466598
PAN,CTG,14100,9241,38942856
PAN,CTG,200,15910,67648796
PAN,CTG,3500,32116,135596642
PAN,CTG,5625,2961,12477565
PAN,CTG,38242,69170,291949579
PAN,CTG,480,173,727920
PAN,CTG,54,1019,4442752
PAN,CTG,1865,39978,172281208
PAN,CTG,15524,37604,161857210
PAN,CTG,6128,27012,118491583
PAN,CTG,16575,34906,147349729
PAN,CTG,1800,9072,38296450
PAN,CTG,113,4012,16934950
PAN,CTG,657,7796,32908268
PAN,CTG,444,13489,56943807
PAN,CTG,13400,126906,525532667
PAN,CTG,23,468,1975611
PAN,CTG,23595,22460,95501941
PAN,CTG,1491,13121,55529540
PAN,CTG,179,844,3686799
PAN,CTG,36544,31418,137822014
PAN,CTG,4619,870,3818368
PAN,CTG,106,33548,139389927
PAN,CTG,4,7735,32889831
PAN,CTG,2,622,2644290
PAN,CTG,338,3571,15073486
PAN,CTG,400,2125,9319722
PAN,CTG,156,391,1714789
PAN,CTG,206,3433,15058746
PAN,CTG,300,25,109666
PAN,CTG,10,20,87733
PAN,CTG,4,8,35093
PAN,CTG,200,11,47448
PAN,CTG,930,3061,12920915
PAN,CTG,10,46,193171
PAN,CTG,6449,48163,203314933
PAN,CTG,2186,18598,78510382
PAN,CTG,2032,12789,53987103
PAN,CTG,82,1777,7500566
PAN,CTG,1,10000,42520900
PAN,CTG,4198,14385,59572483
PAN,CTG,1840,31204,131723367
PAN,CTG,61,1192,5031221
PAN,CTG,81900,72458,307872512
PAN,CTG,8321,20516,87814280
PAN,CTG,19200,10634,44795725
PAN,CTG,3272,31140,136599890
PAN,CTG,5040,4536,19107900
PAN,CTG,25360,3539,14912431
PAN,CTG,13000,825,3482773
PAN,CTG,510,2494,10528738
PAN,CTG,108,1404,6158871
PAN,CTG,459,121619,493875343
PAN,CTG,22,52752,223173139
PAN,CTG,1650,8926,37835975
PAN,CTG,31,13040,55406960
PAN,CTG,16494,44816,190425308
PAN,CTG,28,14,61413
PAN,CTG,9000,77890,331195290
PAN,CTG,29,150,621214
PAN,CTG,6359,33058,136907600
PAN,CTG,2223,11555,47854928
PAN,CTG,261,1358,5625719
PAN,CTG,29,1378,5771416
PAN,CTG,60,2094,8766887
PAN,CTG,15,247,1034903
PAN,CTG,1414,12457,52158128
PAN,CTG,145,462,1933896
PAN,CTG,80,382,1601448
PAN,CTG,5,31,128541
PAN,CTG,2,45,186448
PAN,CTG,45,1523,6378156
PAN,CTG,198,3420,14319072
PAN,CTG,388,3880,16243715
PAN,CTG,18,94,393495
PAN,CTG,7125,65040,272322335
PAN,CTG,6,69,289950
PAN,CTG,37,850,3558037
PAN,CTG,8958,18833,77995303
PAN,CTG,27,311,1301867
PAN,CTG,6,626,2619812
PAN,CTG,3,84,351960
PAN,CTG,44,1422,5955854
PAN,CTG,9570,4139,17441622
PAN,CTG,720,532,2241832
PAN,CTG,15013,11887,50091546
PAN,CTG,1440,3394,14302214
PAN,CTG,58500,40125,169085546
PAN,CTG,96,30336,126044260
PAN,CTG,73,161,675197
PAN,CTG,29,38,159776
PAN,CTG,8297,34774,146104634
PAN,CTG,62642,30327,127798248
PAN,CTG,200,369,1553354
PAN,CTG,9401,26539,111296182
PAN,CTG,8194,32028,135759853
PAN,CTG,4128,13155,54482334
PAN,CTG,28,1,4141
PAN,CTG,6,1,4141
PAN,CTG,25,1,4141
PAN,CTG,56,3,12424
PAN,CTG,191880,70227,291728638
PAN,CTG,4574,12308,51965230
PAN,CTG,50000,10490,43785312
PAN,CTG,49300,10446,44636532
PAN,CTG,659,2432,10282365
PAN,CTG,4128,13006,54980420
PAN,CTG,21762,26264,112394288
PAN,CTG,245816,154574,669657447
PAN,CTG,14000,13681,57896904
PAN,CTG,10490,26938,113733985
PAN,CTG,25000,33515,141503346
PAN,CTG,1,2810,11839149
PAN,CTG,1188,10997,46340185
PAN,CTG,1372,26054,110704636
PAN,CTG,1473,27972,118854175
PAN,CTG,11801,28469,115606957
PAN,CTG,2794,7062,29811456
PAN,CTG,950,2688,11347096
PAN,CTG,1045,10971,48124994
PAN,CTG,200,3890,17064107
PAN,CTG,2271,4803,21071190
PAN,CTG,23224,14080,58311334
PAN,CTG,401,341641,1484103391
PAN,CTG,1,6000,25512540
PAN,CTG,25181,49656,210074409
PAN,CTG,38502,85945,377012064
PAN,CTG,720000,12960,54718286
PAN,CTG,6130,28090,123221279
PAN,CTG,24600,77076,327495924
PAN,CTG,4,3282,13947258
PAN,CTG,44309,87838,373222727
PAN,CTG,4865,46547,196078943
PAN,CTG,1,2600,10991214
PAN,CTG,16,22253,93740004
PAN,CTG,19,365,1602008
PAN,CTG,106,38,164500
PAN,CTG,164,1648,7231409
PAN,CTG,100,7,30707
PAN,CTG,3300,1728,7579271
PAN,CTG,2129,1456,6387065
PAN,CTG,10,176,772052
PAN,CTG,206,7952,34882413
PAN,CTG,658,512,2243952
PAN,CTG,187,804,3528191
PAN,CTG,32,826,3624171
PAN,CTG,193,10,43867
PAN,CTG,1949,102,447439
PAN,CTG,4,15,64923
PAN,CTG,39,3,13160
PAN,CTG,19,2055,9014586
PAN,CTG,18,210,919225
PAN,CTG,19,12,52640
PAN,CTG,4,140,615712
PAN,CTG,48,2507,10998102
PAN,CTG,1010,698,3060134
PAN,CTG,30,123,539559
PAN,CTG,2,93,409056
PAN,CTG,100,316,1386185
PAN,CTG,10,385,1688382
PAN,CTG,35,84,367383
PAN,CTG,390,754,3306050
PAN,CTG,887,4149,18202051
PAN,CTG,100,35,153533
PAN,CTG,800,1400,6140447
PAN,CTG,13100,13593,59629843
PAN,CTG,25,57,248724
PAN,CTG,1730,1127,4945520
PAN,CTG,16,1107,4854146
PAN,CTG,2253,1544,6771862
PAN,CTG,130,121,532102
PAN,CTG,700,20795,91219674
PAN,CTG,30,31810,139538646
PAN,CTG,13,2825,12391481
PAN,CTG,63,3663,16068292
PAN,CTG,546,10722,47034909
PAN,CTG,1150,5034,22083148
PAN,CTG,5,76,332728
PAN,CTG,1100,8558,37307745
PAN,CTG,399600,6201,25135663
PAN,CTG,1,3073,13480426
PAN,CTG,308,4287,17754310
PAN,CTG,1637,9233,39229317
PAN,CTG,32508,10212,41470658
PAN,CTG,28248,8658,35157692
PAN,CTG,784,616,2500984
PAN,CTG,20000,178728,752891700
PAN,CTG,11568,42387,185937972
PAN,CTG,10700,13688,60042584
PAN,CTG,1,13447,56664243
PAN,CTG,9401,93440,378783334
PAN,CTG,5680,29508,124347175
PAN,CTG,100,18500,76231470
PAN,CTG,23,33808,142466530
PAN,CVE,675808,342453242,1427690000000
PAN,CVE,303,163724,692650615
PAN,CVE,70904,38247908,161315000000
PAN,CVE,79637,39151642,162673000000
PAN,CVE,175125,94479362,399747000000
PRY,CTG,66000,42561,175377708
PRY,CTG,12361,26087,105933167
PRY,CTG,1276,3846,15616571
PRY,CTG,3474,19918,83397703
PRY,CTG,5,60,256895
PRY,CTG,181,5705,24246550
PRY,CTG,26,302,1284262
PRY,CTG,6640,17112,72533082
PRY,CTG,461,2270,9623885
PRY,CTG,307,2694,11421157
PRY,CTG,864,5273,22353152
PRY,CTG,170,17,72060
PRY,CTG,2102,23,97494
PRY,CTG,5888,71446,302031712
PRY,CTG,12000,8652,35073132
PRY,CTG,220,2944,12443745
PRY,CTG,1265,5048,21341387
PRY,CTG,600,318,1344310
PRY,CTG,200,130,549561
PRY,CTG,700,1898,8023586
PRY,CTG,600,246,1039938
PRY,CTG,200,122,515742
PRY,CTG,25237,49781,218373769
PRY,CTG,1388,6335,27789491
PRY,CTG,1035,4726,20731706
PRY,CTG,1267,5781,25361387
PRY,CTG,1099,5018,22014015
PRY,CTG,240,408,1789757
PRY,CTG,2400,648,2842556
PRY,CTG,9108,18519,81235504
PRY,CTG,7920,4457,19550466
PRY,CTG,244,1477,6476991
PRY,CTG,400,2515,11032450
PRY,CTG,96,1071,4698288
PRY,CTG,114,1234,5414630
PRY,CTG,120,1285,5637735
PRY,CTG,250,2413,10585011
PRY,CTG,1145,10102,44312065
PRY,CTG,9426,55686,230619712
PRY,CTG,1,35000,147958650
PRY,CTG,1,3100,13104909
PRY,CTG,1,5500,23250645
PRY,CTG,100,88,370700
PRY,CTG,1,153400,646197500
PRY,CTG,4724,7317,30821009
PRY,CTG,240,463,1951230
PRY,CTG,6226,10735,45222198
PRY,CTG,2997,10351,43590492
PRY,CTG,100,322,1358584
PRY,CTG,1060,1293,5430898
PRY,CTG,334618,15056,63646358
PRY,CTG,410000,6057,25603230
PRY,CTG,32500,281,1187685
PRY,CTG,314480,3526,14905946
PRY,CTG,48000,67808,286869203
PRY,CTG,11000,22450,91006912
PRY,CTG,5357,303943,1272611208
PRY,CTG,11000,22825,100125514
PRY,CTG,424450,26153,114725723
PRY,CTG,9360,298,1307619
PRY,CTG,236968,5553,24361009
PRY,CTG,529084,12053,52871404
PRY,CTG,863,5313,22458601
PRY,CTG,6,28,116422
PRY,CTG,3412,5163,21826015
PRY,CTG,5,251,1059215
PRY,CTG,22,377,1592458
PRY,CTG,72,484,2046395
PRY,CTG,312,629,2659197
PRY,CTG,192,1117,4723855
PRY,CTG,192,1159,4898361
PRY,CTG,204,645,2725652
PRY,CTG,2000,920,3889199
PRY,CTG,240,180,760930
PRY,CTG,3120,2566,10845792
PRY,CTG,168,656,2771815
PRY,CTG,24,92,389596
PRY,CTG,1512,1761,7444941
PRY,CTG,240,811,3428244
PRY,CTG,902,13649,57700153
PRY,CTG,1120,5593,23644638
PRY,CTG,36,103,436774
PRY,CTG,313,1219,5153780
PRY,CTG,1640,2415,10210753
PRY,CTG,1584,1284,5425940
PRY,CTG,2700,2880,12174883
PRY,CTG,814,5232,22118719
PRY,CTG,13284,32573,137699451
PRY,CTG,26940,22577,95440939
PRY,CTG,13850,27616,116743602
PRY,CTG,14101,23280,98413639
PRY,CTG,2244,10180,43034830
PRY,CTG,27341,23656,97475450
PRY,CTG,138,359,1573934
PRY,CTG,122132,217827,955533865
PRY,CTG,1189,1282,5625497
PRY,CTG,4118,23601,99770124
PRY,CTG,2129,20726,87615194
PER,BOG,330,6600,27196092
PER,CTG,10159,43501,190822868
PER,CTG,227,17783,73647795
PER,CTG,1440,1826,7694372
PER,CTG,63000,42601,179517650
PER,CTG,25065,82071,360017529
PER,CTG,64630,172138,706262312
PER,CTG,96000,65280,274189759
PER,CTG,1920,2435,10278931
PER,CTG,15200,26153,110859788
PER,CTG,225,22,94997
PER,CTG,40,76,306829
PER,CTG,275,2603,10725727
PER,CTG,17480,41740,171995132
PER,CTG,240,4354,17939572
PER,CTG,18,212526,897155131
PER,CTG,415,11460,48700147
PER,CTG,320,14080,59312000
PER,CTG,1030,42725,181568010
PER,CTG,5400,31591,133356454
PER,CTG,2000,10002,42222976
PER,CTG,137740,209299,862440038
PER,CTG,5594,14652,64273342
PER,CTG,86010,130940,555035612
PER,CTG,5655,234505,996580241
PER,CTG,221500,342287,1450902233
PER,CTG,7459,24828,105511800
PER,CTG,86210,117374,496183941
PER,CTG,1,5000,21136950
PER,CTG,66,68551,289427647
PER,CTG,2660,8593,37692815
PER,CTG,22762,110396,466100581
PER,CTG,162000,203555,861163553
PER,CTG,54000,66277,281611780
PER,CTG,23568,116986,494921211
PER,CTG,3681,9434,40083069
PER,CTG,46461,110967,471500185
PER,CTG,47931,121626,514550395
PER,CTG,1277,16184,68175353
PER,CTG,6980,61915,260815463
PER,CTG,11200,89274,376067104
PER,CTG,5054,91507,385474922
PER,CTG,1949,42200,177768048
PER,CTG,391,2274,9621676
PER,CTG,1411,4638,19539302
PER,CTG,68000,135261,574724116
PER,CTG,21880,17285,71225741
PER,CTG,336000,155232,659580768
PER,CTG,220000,109780,466455220
PER,CTG,461000,519169,2118324412
PER,CTG,160000,202875,852277956
PER,CTG,1771,173238,717453050
PER,CTG,520,33280,145986290
PER,CTG,27000,34844,141496088
PER,CTG,156000,145220,617142886
PER,CTG,12000,27135,115315881
PER,CTG,6000,30231,125199570
PER,CTG,18000,39802,167722748
PER,CTG,1358000,1161395,4935331101
PER,CTG,5000,11849,50383014
PER,CTG,8231,22478,94503125
PER,CTG,1600,2942,12182430
PER,CTG,19000,41655,172510438
PER,CTG,1578,6123,25801801
PER,CTG,1177200,79663,332259457
PER,CTG,179000,6194,25815250
PER,CTG,3054080,50045,207674964
PER,CTG,3050,19562,81916718
PER,CTG,33000,2376,9920776
PER,CTG,62000,3613,15219191
PER,CTG,57950,90841,390011290
PER,CTG,474500,554768,2359142137
PER,CTG,389500,508854,2149378394
PER,CTG,92818,246660,1056764764
PER,CTG,35200,55332,232479058
PER,CTG,23600,38815,163853253
PER,CTG,810000,288360,1225446376
PER,CTG,72000,31032,131877001
PER,CTG,3110,55740,237011709
PER,CTG,26191,1209347,5139570761
PER,CTG,980,16965,71616050
PER,CTG,19200,139178,591799253
PER,CTG,11849,237278,1007867720
PER,CTG,2640,13734,58396631
PER,CTG,2750,8668,36858689
PER,CTG,62600,93198,408829693
PER,CTG,1,2,8283
PER,CTG,150,476,2025185
PER,CTG,140,401,1704578
PER,CTG,26,88,373974
PER,CTG,7327,69244,303748086
PER,CTG,4920,436070,1805953380
PER,CTG,2082,62767,275337050
PER,CTG,2000,1144,5020488
PER,CTG,16,4079,17894371
PER,CTG,65,2,6580
PER,CTG,32,21,92120
PER,CTG,24000,38873,165199657
PER,CTG,90600,157141,654249424
PER,CTG,216000,76896,323924400
PER,CTG,170620,256364,1086688287
PER,CTG,1067000,880506,3738235246
PER,CTG,13000,25665,109068807
PER,CTG,127,372,1574026
PER,CTG,104000,77384,327132855
PER,CTG,324250,20055,84780729
PER,CTG,9000,90,381860
PER,CTG,750000,18635,78779230
PER,CTG,1360,11622,49131741
PER,CTG,59,42,178396
PER,CTG,646,1246,5267624
PER,CTG,45000,2267,9584212
PER,CTG,113250,216843,916680014
PER,CTG,8000,9539,40434009
PER,CTG,100000,129164,547506567
PER,CTG,43183,187284,791722466
PER,CTG,15555,40572,171980360
PER,CTG,61759,256104,1077833330
PER,CTG,2,87787,371109125
PER,CTG,41987,123435,521342371
PER,CTG,35200,55226,233612607
PER,CTG,432000,199584,848032416
PER,CTG,1002,64356,272059475
PER,CTG,33696,111575,471079861
PER,CTG,275,3918,16561857
PER,CTG,65000,100991,426322398
PER,CTG,17472,72317,305713558
PER,CTG,86235,130304,536932856
PER,CTG,37500,64812,275011026
PER,CTG,1800000,1612914,6847195427
PER,CTG,10500,20338,86040031
PER,CTG,240000,287531,1219841752
PER,CTG,216000,271262,1151673949
PER,CTG,54000,93400,384865908
PER,CTG,16483,68655,278798030
PER,CTG,79978,217809,884484225
PER,CTG,420,8275,33601866
PER,CTG,7464,22014,89393609
PER,CTG,39824,26433,109139868
PER,CTG,3056,464,1958332
PER,CTG,1,6989,28330391
PER,CTG,223,189013,820620895
PER,CTG,15000,83648,366933142
POL,CTG,19950,80689,343097613
POL,CTG,1344,5767,25295806
POL,CTG,19246,76374,314706707
POL,CTG,15400,291380,1278184991
POL,CTG,2040,3257,13737827
POL,CTG,28560,4678,19731994
POL,CTG,32400,5100,21353751
POL,CTG,1020,1629,6903391
POL,CTG,14280,2339,9915518
POL,CTG,24000,3600,15791976
PRT,CTG,608,1970,7986921
PRT,CTG,292,1618,6560929
PRT,CTG,9980,38996,171061053
PRT,CTG,1216,4612,19162542
PRT,CTG,24000,201264,836239179
PRT,CTG,120000,129326,546711904
PRT,CTG,264000,321336,1381676719
PRT,CTG,384000,413652,1746474073
PRT,CTG,72000,87673,368361370
PRI,CTG,4215,18966,79894275
PRI,CTG,4696,26766,112752786
PRI,CTG,76272,17924,76171462
PRI,CTG,52000,6916,29133650
PRI,CTG,17100,20446,86526859
PRI,CTG,7,6792,28734345
PRI,CTG,1,7641,32326937
PRI,CTG,5,44784,189463596
PRI,CTG,1,9267,39206544
PRI,CTG,15098,70552,298252088
PRI,CTG,7089,38837,164178300
PRI,CTG,52000,6916,29386084
PRI,CTG,754,2675,11307676
PRI,CTG,5,1000,4222090
PRI,CTG,3502,8511,35978471
PRI,CTG,23,29434,124272997
PRI,CTG,1,625,2638806
PRI,CTG,6400,57110,241426243
PRI,CTG,32,53429,225582047
PRI,CTG,7023,21590,87520678
PRI,CTG,5933,26299,109269936
PRI,CTG,192,1815,7541216
PRI,CTG,3613,23688,98423216
PRI,CTG,3263,16968,70501022
PRI,CTG,38,363,1508243
PRI,CTG,1143,4446,18735311
PRI,CTG,2446,5654,23825786
PRI,CTG,4061,9300,39357321
PRI,CTG,6039,11976,49759104
PRI,CTG,2623,16204,65800065
PRI,CTG,91,219,890134
PRI,CTG,1476,6335,25725358
PRI,CTG,126,14551,61317772
PRI,CTG,11,88,363973
PRI,CTG,37500,54907,232407198
PRI,CTG,809200,35181,154325418
PRI,CTG,204,308,1279888
PRI,CTG,5838,51075,212215138
PRI,CTG,13433,66278,287871174
PRI,CTG,55866,142420,624385771
PRI,CTG,1296,4110,18029173
PRI,CTG,22700,91481,388985445
PRI,CTG,26000,11388,47316457
PRI,CTG,1266,4620,20124690
PRI,CTG,17100,14611,62127287
PRI,CTG,4875,27251,114834054
PRI,CTG,12030,11741,48785062
PRI,CTG,411,925,3842779
PRI,CTG,50,45,197400
PRI,CTG,18184,35572,156042182
PRI,CTG,18,90,396554
PRI,CTG,141,338,1436101
PRI,CTG,904,22600,99138516
PRI,CTG,52,258,1130530
PRI,CTG,17,5,22887
PRI,CTG,8,20,87188
PRI,CTG,460800,7262,29924808
PRI,CTG,23760,38880,163782000
PRI,CTG,85,1671,7065871
PRI,CTG,1824,48591,213152898
PRI,CTG,4,598,2541964
PRI,CTG,13,2574,10936714
PRI,CTG,1,2,8455
PRI,CTG,97250,37324,158209778
PRI,CTG,82,12949,54673701
PRI,CTG,100,13892,58653274
PRI,CTG,4975,71992,300728844
PRI,CTG,24000,3840,16844774
PRI,CTG,16518,26595,113001688
PRI,CTG,24000,5400,23687964
PRI,CTG,7060,133043,563950804
PRI,CTG,100,13892,58540471
PRI,CTG,24588,25716,105965081
PRI,CTG,44800,62940,266360192
PRI,CTG,23760,40445,171975780
PRI,CTG,90240,103188,445175327
PRI,CTG,375,915,3831114
PRI,CTG,11900,45990,192560506
PRI,CTG,21144,34728,146292711
PRI,CTG,7260,422,1787179
PRI,CTG,2572,35606,154363405
PRI,CTG,693,45214,191168006
PRI,CTG,1,208,876200
PRI,CTG,23000,26004,109792115
PRI,CTG,290500,11239,47563111
PRI,CTG,986,9492,40169859
PRI,CTG,13560,3779,15976896
PRI,CTG,58986,14420,61025007
PRI,CTG,51575,6773,28663133
PRI,CTG,3645,31153,131838561
PRI,CTG,1143,107490,452803057
PRI,CTG,9,8350,35336950
PRI,CTG,3288,20944,88536765
PRI,CTG,21000,26124,109381449
PRI,CTG,6088,42315,178883868
PRI,CTG,23000,27932,118079500
PRI,CTG,1144,10028,42393831
PRI,CTG,15461,20251,84792772
PRI,CTG,76,22741,96395688
PRI,CTG,54,14251,60407851
PRI,CTG,37,4659,19748802
PRI,CTG,54,31573,133833211
PRI,CTG,5525,60961,256886772
PRI,CTG,2,2,8428
PRI,CTG,47,47,199226
PRI,CTG,18289,67320,282847000
PRI,CTG,2390,9658,40578377
PRI,CTG,2123,9750,40964918
PRI,CTG,632,5800,24368874
PRI,CTG,23000,26004,107153468
PRI,CTG,1,230,966352
PRI,CTG,1,19000,79829070
PRI,CTG,2,29500,123945134
PRI,CTG,1,4700,19747191
PRI,CTG,3,2550,10713902
PRI,CTG,1,1100,4621683
PRI,CTG,2842,15088,63636456
PRI,CTG,20090,87316,383025605
PRI,CTG,1227,3640,15967442
PRI,CTG,4778,21773,92291633
PRI,CTG,23768,64590,278548299
PRI,CTG,864,1771,7493256
PRI,CTG,864,1771,7493256
PRI,CTG,446,4100,17985306
PRI,CTG,6400,8357,36657782
PRI,CTG,9000,8299,36406427
PRI,CTG,6912,25557,112110396
PRI,CTG,1080,32688,138992318
PRI,CTG,3196,14064,58886109
PRI,CTG,1550,5585,23528498
PRI,CTG,15024,11374,48364632
PRI,CTG,22760,27646,116724111
PRI,CTG,15400,18346,77612910
PRI,CTG,1250,1627,6881468
PRI,CTG,5000,13782,58307748
PRI,CTG,336000,9964,42167518
PRI,CTG,21431,117245,496985367
PRI,CTG,0,296,1254700
PRI,CTG,91000,123268,517914200
PRI,CTG,16249,58805,247070425
PRI,CTG,25295,34019,140177724
PRI,CTG,39720,51636,216950203
PRI,CTG,63,642,2669549
PRI,CTG,5129,7031,29680931
PRI,CTG,21443,113616,480664266
PRI,CTG,233,21,87151
PRI,CTG,45,28,118711
PRI,CTG,20400,23857,101442111
PRI,CTG,3830,1299,5697745
PRI,CTG,12314,35399,146600700
PRI,CTG,2929,6091,26721076
PRI,CTG,1,1600,6626288
PRI,CTG,83,1660,6840229
PRI,CTG,2,120,494474
PRI,CTG,3,120,494474
PRI,CTG,24494,36720,155035145
PRI,CTG,1603,9422,39775625
PRI,CTG,6,1,4214
PRI,CTG,18,1,4214
PRI,CTG,67200,72320,302869645
PRI,CTG,3206,18845,78044420
PRI,CTG,55675,840,3554855
PRI,CTG,22625,22806,100042168
PRI,CTG,3280,35085,147793540
PRI,CTG,25424,5275,22358408
PRI,CTG,820,2236,9419740
PRI,CTG,3865,31547,132088107
PRI,CTG,6,271,1133424
PRI,CTG,4,107,447549
PRI,CTG,392,2790,11683307
PRI,CTG,100,659,2759616
PRI,CTG,40,143,597821
PRI,CTG,1480,22951,96899921
PRI,CTG,10030,19508,82466402
PRI,CTG,354,2419,10127540
PRI,CTG,25,2498,10458816
PRI,CTG,41,1249,5230120
PRI,CTG,339,5122,21447373
PRI,CTG,541,2389,10002934
PRI,CTG,156,743,3109357
PRI,CTG,5915,2565,10829661
PRI,CTG,17686,40058,169338675
PRI,CTG,7704,11178,47253765
PRI,CTG,390,1182,4989244
PRI,CTG,3312,1063,4452592
PRI,CTG,25,734,3100703
PRI,CTG,6480,1030,4347064
PRI,CTG,216,33480,142359973
PRI,CTG,21000,15750,66497918
PRI,CTG,2152,48053,202850200
PRI,CTG,219,1954,8248301
PRI,CTG,550,7144,30157610
PRI,CTG,2687,23051,96514768
PRI,CTG,18,895,3747918
PRI,CTG,5,193,808093
PRI,CTG,33,486,2034971
PRI,CTG,7,196,822664
PRI,CTG,390,6077,25442701
PRI,CTG,19,60,252602
PRI,CTG,113,1646,6892153
PRI,CTG,255,17570,72762854
PRI,CTG,23705,15533,65037999
PRI,CTG,38400,13440,57431874
PRI,CTG,91,852,3567877
PRI,CTG,1,51,213203
PRI,CTG,4,432,1807155
PRI,CTG,8,248,1039844
PRI,CTG,62,915,3829984
PRI,CTG,49,139,583209
PRI,CTG,302,911,3813152
PRI,CTG,147,700,2929400
PRI,CTG,12219,20492,85798702
PRI,CTG,5064,18065,75638754
PRI,CTG,394,134,559552
PRI,CTG,24000,48600,205451154
PRI,CTG,23000,45360,191079000
PRI,CTG,24000,47520,197442749
PRI,CTG,23040,25600,111600639
PRI,CTG,23040,25600,103776256
PRI,CTG,1034,4167,17634915
PRI,CTG,8584,35650,150868334
PRI,CTG,3133,9553,40331937
PRI,CTG,1997,5950,25121436
PRI,CTG,19170,46851,197427781
PRI,CTG,10809,42188,177778756
PRI,CTG,7467,30077,126742817
PRI,CTG,11167,84035,340657722
PRI,CTG,19413,43097,180448784
PRI,CTG,5951,23975,100384821
PRI,CTG,11287,46333,193997446
PRI,CTG,22861,28000,117642840
PRI,CTG,23224,15504,64208731
PRI,CTG,23040,30720,130006118
PRI,CTG,28000,23597,99401183
PRI,CTG,23040,30720,130551091
PRI,CTG,56000,47596,201207193
PRI,CTG,7964,9461,41500699
PRI,CTG,95,251,1100087
PRI,CTG,3000,12780,56061515
PRI,CTG,9717,16901,68514017
PRI,CTG,63,1994,8083116
PRI,CTG,382890,15221,61702240
PRI,CTG,23040,26880,113470963
PRI,CTG,23040,30720,124531507
PRI,CTG,13512,146820,608044048
PRI,CTG,504,1764,7304447
PRI,CTG,40295,12229,50645423
PRI,CTG,164,5502,22671157
PRI,CTG,45,1260,5192970
PRI,CTG,166,4802,19788865
PRI,CTG,316,10221,42115868
PRI,CTG,29,1109,4568943
PRI,CTG,70768,117859,498775837
PRI,CTG,23040,26880,113755354
PRI,CTG,23040,30720,130006118
PRI,CTG,3857,15915,64627460
PRI,CTG,214648,369701,1564562483
PRI,CTG,860,1446,6119809
PRI,CTG,10984,19583,85904489
PRI,CTG,5658,61276,268795574
PRI,CTG,28,0,487
GBR,CTG,38354,203398,864236445
GBR,CTG,72000,88832,371081009
GBR,CTG,17527,78836,333240873
GBR,CTG,23300,31455,127511021
GBR,CTG,15719,75910,318867906
GBR,CTG,8702,42424,186100541
GBR,CTG,19251,73924,309519857
GBR,CTG,24000,24720,108436130
GBR,CTG,24000,65425,278035789
GBR,CTG,17547,108316,446327098
GBR,CTG,9800,45288,186612661
GBR,CTG,3,51480,212129518
GBR,CTG,84,904,3670341
GBR,CTG,464,1902,7725323
GBR,CTG,590,1947,7906436
GBR,CTG,8341,75642,320634286
GBR,CTG,14210,46924,205840511
GBR,CTG,4858,11658,49418209
GBR,CTG,5280,8961,37982809
GBR,CTG,9,187,793513
GBR,CTG,1400,6504,26365614
GBR,CTG,18000,80079,324619750
GBR,CTG,1344,7726,31942097
GBR,CTG,743,5814,24646030
GBR,CTG,2858,23014,97552894
GBR,CTG,875,3118,13214615
GBR,CTG,284,1116,4730557
GBR,CTG,1824,8013,33964718
GBR,CTG,284,1116,4730557
GBR,CTG,143,1955,8285087
GBR,CTG,2500,9850,41752672
GBR,CTG,500,2196,9632974
GBR,CTG,900,5388,23635807
GBR,CTG,1000,4907,21526218
GBR,CTG,619,2557,11215374
GBR,CTG,14450,81462,357345965
GBR,CTG,700,4466,19588850
GBR,CTG,1300,3900,16385966
GBR,CTG,1300,6070,25012163
GBR,CTG,18650,74892,308600566
GBR,CTG,5892,277899,1175682458
GBR,CTG,80,1212,5129615
GBR,CTG,34488,227978,977498884
GBR,CTG,22000,145392,617770608
GBR,CTG,26554,175676,728204387
GBR,CTG,210,39750,168166748
GBR,CTG,200,1360,5778640
GBR,CTG,500,8125,34548231
GBR,CTG,21550,396582,1686304482
GBR,CTG,4320,1131,4746302
GBR,CTG,8904,19582,82261700
GBR,CTG,4200,13638,57352265
GBR,CTG,164478,25834,108397532
GBR,CTG,2084,6550,27226722
GBR,CTG,2764,6914,29051059
GBR,CTG,39895,173357,714338321
GBR,CTG,2804,24692,104664794
GBR,CTG,7035,37385,157484312
GBR,CTG,329840,693280,2990179473
GBR,CTG,141120,296369,1245665163
GBR,CTG,185500,146011,611652896
GBR,CTG,19975,44670,187034616
CZE,CTG,16544,50896,206320818
CZE,CTG,56,2700,11770379
DOM,CTG,1300,12373,52345338
DOM,CTG,1,8652,36614624
DOM,CTG,336,2292,10052251
DOM,CTG,282,1107,4854673
DOM,CTG,1343,7224,31687389
DOM,CTG,15891,85819,376458424
DOM,CTG,233830,155228,642864281
DOM,CTG,8850,19529,82780502
DOM,CTG,407,92104,390107312
DOM,CTG,336,87342,367035235
DOM,CTG,60,15985,64797732
DOM,CTG,375,2141,8996526
DOM,CTG,240,2717,11414717
DOM,CTG,3000,14130,58709302
DOM,CTG,120,1128,4739326
DOM,CTG,60,1141,4794786
DOM,CTG,1250,1522,6325896
DOM,CTG,5,240,1009418
DOM,CTG,135,1574,6611107
DOM,CTG,180,2238,9402016
DOM,CTG,2000,7168,29782568
DOM,CTG,22,31018,130708922
DOM,CTG,108,29075,119805708
DOM,CTG,104000,16016,66545519
DOM,CTG,370,80397,337791668
DOM,CTG,871,222401,934425062
DOM,CTG,996,4479,18874372
DOM,CTG,5000,29000,117559040
DOM,CTG,500,2650,10742464
DOM,CTG,15080,50224,212893698
DOM,CTG,9200,25099,101743376
DOM,CTG,15000,69600,295023960
DOM,CTG,368,3568,15161690
DOM,CTG,12,99,433542
DOM,CTG,3579,32170,140239849
DOM,CTG,173,682,2822799
DOM,CTG,704,4957,20529897
DOM,CTG,521,3985,16504427
DOM,CTG,75000,26250,113856488
DOM,CTG,104000,16016,70256747
DOM,CTG,762,9970,40416798
DOM,CTG,2400,10776,45677848
DOM,CTG,26000,7306,30969038
DOM,CTG,8000,8544,36216734
DOM,CTG,12000,38155,161733322
DOM,CTG,5480,36359,156806596
DOM,CTG,110212,11332,48158564
DOM,CTG,490600,18154,76953948
DOM,CTG,424100,19770,83802743
DOM,CTG,33763,27211,119364747
DOM,CTG,10986,10589,46450167
DOM,CTG,235000,12360,54219118
DOM,CTG,466,40154,170642855
DOM,CTG,1828,2696,10929504
DOM,CTG,1472,3264,13230216
DOM,CTG,464,827,3354446
DOM,CTG,2280,11910,50614046
DOM,CTG,72,720,3059791
DOM,CTG,1033,226434,967144163
DOM,CTG,579,155655,664850739
DOM,CTG,1,29350,121550970
DOM,CTG,120,496,2177713
DOM,CTG,1,21240,93172658
DOM,CTG,2440,7926,34768228
DOM,CTG,19,178,758148
DOM,CTG,7,2,8697
DOM,CTG,5,1,3106
DOM,CTG,2,2,8283
DOM,CTG,375,2141,8867837
DOM,CTG,132,1494,6188290
DOM,CTG,38640,42768,174808982
DOM,CTG,8600,25268,104119538
DOM,CTG,45080,110675,450172964
DOM,CTG,156,214,937517
DOM,CTG,282,1887,7777423
DOM,CTG,322,2349,9678636
DOM,CTG,572,5490,22620556
DOM,CTG,11,167,689380
DOM,CTG,14890,125336,532361200
DOM,CTG,5703,26489,109149455
DOM,CTG,12220,47764,196906019
DOM,CTG,130000,31685,134081795
DOM,CTG,125,1147,4750220
DOM,CTG,36,501,2075353
DOM,CTG,99,1250,5449642
DOM,CTG,16740,13372,56150958
DOM,CTG,318,651,2853610
DOM,CTG,1336,6281,27382045
DOM,CTG,386,2870,12511304
DOM,CTG,144,1469,6443126
DOM,CTG,60,124,503477
DOM,CTG,73,16520,69408855
DOM,CTG,240,64492,270681960
DOM,CTG,36,6,23488
DOM,CTG,21,41,169646
DOM,CTG,3,5,19573
DOM,CTG,10,150,608064
DOM,CTG,60,17092,69408519
DOM,CTG,9680,27593,113699691
DOM,CTG,381,3024,12767600
DOM,CTG,1000,8916,37885189
DOM,CTG,679,11489,47340402
DOM,CTG,5000,21186,90018209
DOM,CTG,983,1638,6959862
DOM,CTG,4608,6912,29369088
DOM,CTG,50000,17500,74357500
DOM,CTG,50,754,3106700
DOM,CTG,1776,3516,14846895
DOM,CTG,36,3353,13814791
DOM,CTG,81,9035,37231285
DOM,CTG,77,1432,5902294
DOM,CTG,172,6881,28352173
DOM,CTG,437,10210,42070418
DOM,CTG,20,1524,6281308
DOM,CTG,8000,2164,8917022
DOM,CTG,460,4632,19682303
DOM,CTG,20000,70,288443
DOM,CTG,50,338,1436417
DOM,CTG,2458,14444,61227052
DOM,CTG,8,80,340634
DOM,CTG,158,669,2834477
DOM,CTG,1053,1572,6479222
DOM,CTG,2208,4956,20423482
DOM,CTG,464,838,3452173
DOM,CTG,49,470,1996223
DOM,CTG,35,2896,11932162
DOM,CTG,17200,14082,59794421
DOM,CTG,400,769,3269521
DOM,CTG,11140,85540,347363398
DOM,CTG,7809,47314,194965075
DOM,CTG,115,4010,16525128
DOM,CTG,888,189675,801828423
DOM,CTG,1587,406980,1714664855
DOM,CTG,1,3271,13588814
DOM,CTG,30,2589,10513489
DOM,CTG,3,44660,189898339
DOM,CTG,15,16495,70138225
DOM,CTG,140,388,1647082
DOM,CTG,32229,89380,379774643
DOM,CTG,2060,15312,65058988
DOM,CTG,63200,156021,661351142
DOM,CTG,8532,57937,249432931
DOM,CTG,930,15019,65686028
DOM,CTG,3480,2977,12732890
DOM,CTG,70,517,2269219
DOM,CTG,60,157,663804
DOM,CTG,360,840,3684794
DOM,CTG,30,152,643457
DOM,CTG,4,61078,266263433
DOM,CTG,600,16348,70154403
DOM,CTG,330,12136,53236067
DOM,CTG,10,50,211942
DOM,CTG,25,171,723996
DOM,CTG,16,319848,1329288948
DOM,CTG,3,163016,675120637
DOM,CTG,99162,176429,746642150
DOM,CTG,3,55314,227927563
DOM,CTG,6,31706,130646441
DOM,CTG,79143,180671,750678037
DOM,CTG,108840,8452,35920674
DOM,CTG,372076,31543,134048008
DOM,CTG,623700,17152,72889963
DOM,CTG,1015,2690,11382941
DOM,CTG,1393,3035,12844156
DOM,CTG,5147,14339,60681118
DOM,CTG,387,2717,11496400
DOM,CTG,649675,66837,284199023
DOM,CTG,190000,12115,51513220
DOM,CTG,25000,678,2883555
DOM,CTG,186600,49069,208644529
DOM,CTG,177600,36086,153442791
DOM,CTG,12000,32442,136973466
DOM,CTG,20410,11500,47387130
DOM,CTG,2,240962,1024018621
DOM,CTG,2396,28675,121047430
DOM,CTG,459,24098,101724946
DOM,CTG,497,19632,82872218
DOM,CTG,2050,13730,57961795
DOM,CTG,8000,60018,248560346
DOM,CTG,18750,4688,19815891
DOM,CTG,16400,2864,12107245
DOM,CTG,32729,167772,705980369
DOM,CTG,1759700,230861,992652657
DOM,CTG,150000,27120,118966219
DOM,CTG,657,3895,16441723
DOM,CTG,2091,10303,43493108
DOM,CTG,817,4334,18294364
DOM,CTG,6,36,152097
DOM,CTG,4,19,81515
DOM,CTG,1070,14379,61107940
DOM,CTG,3244,17229,72743317
DOM,CTG,15000,32610,138559890
DOM,CTG,58,3062,12435886
DOM,CTG,140,864,3508557
DOM,CTG,112,3897,15824242
DOM,CTG,3201,11646,49058649
DOM,CTG,21,960,4079212
DOM,CTG,11355,31444,133702718
DOM,CTG,1,539,2290169
DOM,CTG,120,620,2636520
DOM,CTG,2614111,80834,343519559
DOM,CTG,63348,21174,91719950
DOM,CTG,65165,76515,333562852
DOM,CTG,6,11,45645
DOM,CTG,80,105,462354
DOM,CTG,32,462,1948340
DOM,CTG,780,268,1086570
DOM,CTG,4376,1593,6459180
DOM,CTG,2,134,570311
DOM,CTG,1604,147,595822
DOM,CTG,5,42,177000
DOM,CTG,1500,138,558243
DOM,CTG,2558,17212,71284364
DOM,CTG,55,110,467468
DOM,CTG,21,31,130483
DOM,CTG,186,327,1379255
DOM,CTG,2218,2720,11483067
DOM,CTG,8,8,35671
DOM,CTG,150,169,713499
DOM,CTG,39,60,252355
DOM,CTG,134400,57926,245064007
DOM,CTG,40000,75320,320088157
DOM,CTG,3626,27744,117604520
DOM,CTG,20686,30503,133806290
DOM,CTG,255,5662,24062198
DOM,CTG,30,87,360304
DOM,CTG,42392,36678,155869164
DOM,CTG,35,1083,4604178
DOM,CTG,260,5179,22010098
DOM,CTG,43,2242,9528572
DOM,CTG,65,3954,16803311
DOM,CTG,10,117,496791
DOM,CTG,21,560,2377840
DOM,CTG,40,1261,5358714
DOM,CTG,1650,2624,11104689
DOM,CTG,54,25700,112737601
DOM,CTG,16,2399,10525220
DOM,CTG,2,45008,182451630
DOM,CTG,300,2388,10148307
DOM,CTG,20,342,1498483
DOM,CTG,100,890,3758937
DOM,CTG,459,3992,16851367
DOM,CTG,620,7723,32601246
DOM,CTG,60,1784,7530031
DOM,CTG,212,2577,10880042
DOM,CTG,2320,3266,13525082
DOM,CTG,500,3752,15944912
DOM,CTG,300,732,3110788
DOM,CTG,100,322,1368407
DOM,CTG,5,22,94599
DOM,CTG,4,288,1222727
DOM,CTG,5,85,361225
DOM,CTG,10200,2449,9927861
DOM,CTG,13548,11700,49630767
DOM,CTG,3339,61807,271124408
DOM,CTG,11064,86682,380245208
DOM,CTG,5037,40855,179216029
DOM,CTG,726,15607,68461594
DOM,CTG,34,10260,45007132
DOM,CTG,1140,24427,107151189
DOM,CTG,753,21138,92724342
DOM,CTG,160,6258,27453473
DOM,CTG,750,4462,19575470
DOM,CTG,3,0,325
DOM,CTG,3,0,1462
DOM,CTG,55,17,70585
DOM,CTG,19,127,552162
DOM,CTG,0,0,850
DOM,CTG,2,0,850
DOM,CTG,59,227,961673
DOM,CTG,830,5810,24496107
DOM,CTG,700,6888,27969251
DOM,CTG,1400,950,4020541
DOM,CTG,500,979,4143268
DOM,CTG,6200,25462,107755097
DOM,CTG,58,187,790363
DOM,CTG,10,37,155313
DOM,CTG,16,666,2817434
DOM,CTG,984,9200,38786799
DOM,CTG,112,7250,30681275
DOM,CTG,1294,4988,21110632
DOM,CTG,4,119,503858
DOM,CTG,8,8,33771
DOM,CTG,2,563,2384461
DOM,CTG,1,217122,922551378
DOM,CTG,1,9600,39887423
DOM,CTG,1,252,1066795
DOM,CTG,2,554,2342438
DOM,CTG,1,940,3977502
DOM,CTG,1,444,1879376
DOM,CTG,3,609,2575662
DOM,CTG,8,24938,105538307
DOM,CTG,100,3328,14083150
DOM,CTG,8,96631,401496007
DOM,CTG,2,202,854985
DOM,CTG,16,1038,4392658
DOM,CTG,24,5487,23220777
DOM,CTG,9849,70072,296544210
DOM,CTG,12,48,202627
DOM,CTG,240,636,2704329
DOM,CTG,240,1513,6433242
DOM,CTG,7550,8857,37661271
DOM,CTG,5508,8385,35654285
DOM,CTG,1500,3120,13266521
DOM,CTG,2864,21451,91213113
DOM,CTG,2412,892,3794735
DOM,CTG,6030,3155,13415004
DOM,CTG,125,3700,15373277
DOM,CTG,28974,138374,585038648
DOM,CTG,24400,48019,203215814
DOM,CTG,51,937,3860526
DOM,CTG,3420,442,1836483
DOM,CTG,509,10684,44025322
DOM,CTG,151,6394,26346626
DOM,CTG,435,19183,79046554
DOM,CTG,101,6722,27697159
DOM,CTG,338,6895,28411222
DOM,CTG,134,6369,26246124
DOM,CTG,264,10439,43015276
DOM,CTG,6175,116426,494691950
DOM,CTG,1575,15362,65275220
DOM,CTG,2519,60000,247237076
DOM,CTG,4586,34451,141957666
DOM,CTG,150,592,2504521
DOM,CTG,300,1877,7734404
DOM,CTG,267,8387,35480857
DOM,CTG,558,2208,9339664
DOM,CTG,669,2646,11195125
DOM,CTG,26,658,2712851
DOM,CTG,3704,27502,113325868
DOM,CTG,963,212398,875212642
DOM,CTG,4011,13405,56597454
DOM,CTG,28,199,846231
DOM,CTG,1,24348,100329433
DOM,CTG,35,9182,37834255
DOM,CTG,29,7713,32773089
DOM,CTG,2,181,770599
DOM,CTG,1920,31654,134498526
DOM,CTG,14,25625,108882580
DOM,CTG,23,83080,353006920
DOM,CTG,4,14505,61230671
DOM,CTG,6,2,10137
DOM,CTG,2000,29590,129801269
DOM,CTG,4500,34470,145511313
DOM,CTG,720,1908,8317735
DOM,CTG,2160,1718,7491193
DOM,CTG,15136,13947,60799331
DOM,CTG,6882,9626,41965328
DOM,CTG,720,1578,6879133
DOM,CTG,19914,17037,74270575
DOM,CTG,28000,12020,50953012
DOM,CTG,20200,47895,197358001
DOM,CTG,12000,29700,120396672
DOM,CTG,23600,39677,172968786
DOM,CTG,60000,75171,317326108
DOM,CTG,23924,124004,543961895
DOM,CTG,27374,63216,268807558
DOM,CTG,134720,49633,217722218
DOM,CTG,134444,50370,216527166
DOM,CTG,24000,68815,299992111
DOM,CTG,1359,9475,41563384
DOM,CTG,45150,15293,64442263
DOM,CTG,23500,2675,11272665
DOM,CTG,24333,111616,489619512
DOM,CTG,59993,64510,277399717
DOM,CTG,1,3112,13029975
DOM,CTG,128850,144186,612647504
DOM,CTG,148420,204589,869442304
DOM,CTG,13757,32708,132591963
DOM,CTG,13000,8291,33611143
DOM,CTG,1573,171590,752708744
DOM,CTG,15000,2844,11907856
DOM,CTG,108,31486,133249162
DOM,CTG,108000,156949,666989435
DOM,CTG,26000,33189,141020061
DOM,CTG,20915,99506,422800187
DOM,CTG,1385,4382,18618268
DOM,CTG,1253,3815,16209935
DOM,CTG,15000,113480,479726331
DOM,CTG,362,16537,68141869
DOM,CTG,3552,15341,63213607
DOM,CTG,34,2076,8554407
DOM,CTG,172,9078,37407400
DOM,CTG,161224,62967,266184291
DOM,CTG,204,2777,11799218
DOM,CTG,551,4860,20650140
DOM,CTG,75750,13826,56973052
DOM,CTG,1430,6664,28316101
DOM,CTG,71670,85542,358112523
DOM,CTG,6061,23422,95113897
DOM,CTG,1503,26503,107624868
DOM,CTG,107840,36985,156469957
DOM,CTG,3849,4471,18423704
DOM,CTG,19,244,992873
DOM,CTG,77920,87220,382606284
DOM,CTG,149120,205597,866077026
DOM,CTG,47268,114276,501291976
DOM,CTG,8729,83220,351303232
DOM,CTG,0,60,263200
DOM,CTG,126,4066,17836160
DOM,CTG,241,10213,44800959
DOM,CTG,10,220,965065
DOM,CTG,2,60,263200
DOM,CTG,5,86635,365781189
DOM,CTG,25920,27851,117018787
DOM,CTG,2516,14560,61875778
DOM,CTG,11112,37095,157642738
DOM,CTG,648,3225,13705315
DOM,CTG,2385,14472,61991688
DOM,CTG,65201,191572,813961217
DOM,CTG,47417,166267,708668468
DOM,CTG,1699,7791,33871038
DOM,CTG,236,1181,4833787
DOM,CTG,2010,8372,36723582
DOM,CTG,4440,6354,26314646
DOM,CTG,12053,34630,151912141
DOM,CTG,13520,51804,225535666
DOM,CTG,475,2139,8858519
DOM,CTG,216,960,3973702
DOM,CTG,1074,1074,4394352
DOM,CTG,1417,8938,37136854
DOM,CTG,4464,22788,94680694
DOM,CTG,7351,32406,134644155
DOM,CTG,792,3990,16578211
DOM,CTG,554,2761,11471789
DOM,CTG,518,3000,12361860
DOM,CTG,16655,44194,182106680
DOM,CTG,6714,24953,102822861
DOM,CTG,10742,30572,125975595
DOM,CTG,162,466,1922269
DOM,CTG,24051,63028,274163011
DOM,CTG,12171,44256,183954815
DOM,CTG,360,925,4057660
DOM,CTG,80,1725,7310236
DOM,CTG,15414,33045,144959285
DOM,CTG,3565,38696,163761581
DOM,CTG,4151,13729,57484968
DOM,CTG,1653,10354,43353600
DOM,CTG,2800,5391,22573134
DOM,CTG,23340,198529,831242280
DOM,CTG,209,8624,36107727
DOM,CTG,121,3247,13594217
DOM,CTG,76,823,3444025
DOM,CTG,45,1307,5472422
DOM,CTG,5660,17957,75187730
DOM,CTG,27,82,343586
DOM,CTG,202,888,3718944
DOM,CTG,486,3154,13206248
DOM,CTG,785,31117,131357626
DOM,CTG,600,8064,33981454
DOM,CTG,200,2247,9410263
DOM,CTG,23,953,3990262
DOM,CTG,9,218,914150
DOM,CTG,227,2677,11210384
DOM,CTG,289,3572,14956335
DOM,CTG,60,204,854736
DOM,CTG,142,709,2968297
DOM,CTG,1952,8102,33921355
DOM,CTG,30,382,1613415
DOM,CTG,7549,55712,233266157
DOM,CTG,60,2345,9817073
DOM,CTG,3,138,575714
DOM,CTG,37,419,1754608
DOM,CTG,36,699,2927474
DOM,CTG,561,3496,14639127
DOM,CTG,7516,131075,574636730
DOM,CTG,95142,240321,1024187747
DOM,CTG,8100,16111,69264063
DOM,CTG,10,426,1858848
DOM,CTG,47000,9192,39358969
DOM,CTG,3312,16835,71545610
DOM,CTG,182,10694,46912697
DOM,CTG,10000,71630,299915526
DOM,CTG,46680,37200,150799872
DOM,CTG,105,1208,5300182
DOM,CTG,18192,23961,101825771
DOM,CTG,1065,12628,52871846
DOM,CTG,26,1069,4474113
DOM,CTG,95,4398,18413968
DOM,CTG,117,3416,14303203
DOM,CTG,739,12629,52875740
DOM,CTG,18,102,427075
DOM,CTG,650,2973,12449027
DOM,CTG,1013,15298,67109318
DOM,CTG,1220,4204,17874086
DOM,CTG,13306,70556,300008889
DOM,CTG,25500,3885,17042174
DOM,CTG,50,601,2621307
DOM,CTG,606,612,2684899
DOM,CTG,19,243,1026642
DOM,CTG,805,32549,137969057
DOM,CTG,0,77,324993
DOM,CTG,2575,20878,88355451
DOM,CTG,3766,10061,43858703
DOM,CTG,1,52652,213437720
DOM,CTG,137,6999,29669110
DOM,CTG,25000,60527,257222835
DOM,CTG,65,13234,58051874
DOM,CTG,1,651,2855716
DOM,CTG,10,548,2402574
DOM,CTG,2163,37399,158273139
DOM,CTG,1,149693,606820225
DOM,CTG,8,4400,17836544
DOM,CTG,60,5164,22510198
DOM,CTG,10,514,2242911
DOM,CTG,98,6000,26319960
DOM,CTG,1321,35927,151660190
DOM,CTG,31,1167,4885738
DOM,CTG,53,1561,6534792
DOM,CTG,52,606,2535946
DOM,CTG,29,842,3523536
DOM,CTG,5045,33240,139175166
DOM,CTG,21,418,1752096
DOM,CTG,2,11,45890
DOM,CTG,24,153,649167
DOM,CTG,16,8,33911
DOM,CTG,2150,18275,76517608
DOM,CTG,3000,2436,10358091
DOM,CTG,21,299,1269759
DOM,CTG,11024,12126,52863828
DOM,CTG,1762,3233,14095946
DOM,CTG,69108,64517,271070447
DOM,CTG,720,540,2296129
DOM,CTG,705,50381,214223866
DOM,CTG,27300,16443,69867029
DOM,CTG,2,6,26788
DOM,CTG,7744,157470,657773530
DOM,CTG,10,4564,20020716
DOM,CTG,120,30096,132020919
DOM,CTG,52000,40160,165486077
DOM,CTG,105,4524,18643498
DOM,CTG,3423,102511,422410072
DOM,CTG,196,8425,34715770
DOM,CTG,7484,130492,537708110
DOM,CTG,6680,21696,89401384
DOM,CTG,93,454,1871050
DOM,CTG,800,3716,15312224
DOM,CTG,1450,8712,35898841
DOM,CTG,10435,76559,315470588
DOM,CTG,6,0,41
DOM,CTG,100,1,4121
DOM,CTG,199,2,8200
DOM,CTG,2,216,915812
DOM,CTG,15120,19912,82731171
DOM,CTG,72072,203099,836894461
DOM,CTG,1873,5865,25726708
DOM,CTG,27000,16200,71063892
DOM,CTG,300,1532,6721723
DOM,CTG,9091,10990,48211324
DOM,CTG,10760,2067,9067182
DOM,CTG,7000,9800,40718411
DOM,CTG,2200,1500,6374565
DOM,CTG,12,17732,77784255
DOM,CTG,40,22000,93493620
DOM,CTG,8154,53409,225062660
DOM,CTG,5,14337,60417036
DOM,CTG,218,7363,32299855
DOM,CTG,817,10,43165
DOM,CTG,112628,44735,187165599
DOM,CTG,1391,13311,53960410
DOM,CTG,135614,53585,230347725
DOM,CTG,1121,10183,43165905
DOM,CTG,320,10350,43872098
DOM,CTG,1260,20580,87235109
DOM,CTG,4,193,819420
DOM,CTG,120,18754,79684896
DOM,CTG,75,20978,89133398
DOM,CTG,369,3453,14670097
DOM,CTG,19077,58131,239535761
DOM,CTG,1400,8506,35051724
DOM,CTG,5,58210,247377022
DOM,CTG,22,285186,1209471621
DOM,CTG,504,6396,26354497
DOM,CTG,55640,10528,45895763
DOM,CTG,2376,24077,102057944
DOM,CTG,392,25157,103661201
DOM,CTG,2,6165,25404982
DOM,CTG,12,853,3513529
DOM,CTG,139,122035,530520743
DOM,CTG,2781,12893,54561943
DOM,CTG,29088,14004,58992482
DOM,CTG,4560,1883,7931716
DOM,CTG,1200,822,3462675
DOM,CTG,200,108,458969
DOM,CTG,2000,120,509965
DOM,CTG,277,6153,26149528
DOM,CTG,2069,9730,41348233
DOM,CTG,13502,62150,264117989
DOM,CTG,60,1373,5834002
DOM,CTG,11132,445,1892183
DOM,CTG,1260000,31689,128459601
DOM,CTG,8356,26058,105631865
DOM,CTG,6094,24461,103998992
DOM,CTG,4842,16269,69629596
DOM,CTG,368,1535,6734137
DOM,CTG,27782,47652,204707799
DOM,CTG,1011,3268,14154879
DOM,CTG,306,2022,8584892
DOM,CTG,1,43262,179166545
DOM,CTG,422,2218,9727857
DOM,CTG,816,4579,20087393
DOM,CTG,120,632,2772369
DOM,CTG,1936,10097,44291229
DOM,CTG,264,1267,5558776
DOM,CTG,5039,27262,115560673
DOM,CTG,1975,28602,125466372
DOM,CTG,114,1584,6950531
DOM,CTG,212,1112,4724955
DOM,CTG,1094,16009,69242170
DOM,CTG,1190,4662,19815421
DOM,CTG,944,5000,21176342
DOM,CTG,11862,18186,77156458
DOM,CTG,1821,6252,27079726
DOM,CTG,1174,12404,52578695
DOM,CTG,770000,14239,60357409
DOM,CTG,2407,11428,49818133
DOM,CTG,7566,33204,144747600
DOM,CTG,395,1773,7727821
DOM,CTG,1432,44211,193940380
DOM,CTG,79,6312,27690791
DOM,CTG,410,5222,22908630
DOM,CTG,13494,64686,283753383
DOM,CTG,1607,15988,70132165
DOM,CTG,3000,9540,41848736
DOM,CTG,5043,22382,98182224
DOM,CTG,2935,14327,62847678
DOM,CTG,280,1310,5426930
DOM,CTG,6636,58445,237333260
DOM,CTG,546148,378261,1659301652
DOM,CTG,71874,45112,197892190
DOM,CTG,193795,114620,502797522
DOM,CTG,48000,12470,52772666
DOM,CTG,26928,11264,47670264
DOM,CTG,360,556,2353822
DOM,CTG,4,73512,312352488
DOM,CTG,400,4,17547
DOM,CTG,20,2,8773
DOM,CTG,10,5,21933
DOM,CTG,10,5,21933
DOM,CTG,2,2,8773
DOM,CTG,4701,20715,86075387
DOM,CTG,748,3215,13454364
DOM,CTG,385,1887,7905568
DOM,CTG,63,337,1388319
DOM,CTG,174,1166,4860676
DOM,CTG,6969,37315,157547162
DOM,CTG,524,20974,88733745
DOM,CTG,58,3458,14627419
DOM,CTG,135,27064,114495621
DOM,CTG,19,2460,10408401
DOM,CTG,769,147187,622690413
DOM,CTG,5500,23227,95709641
DOM,CTG,606,8140,34105697
DOM,CTG,250,1315,5458289
DOM,CTG,143,828,3470208
DOM,CTG,521,816,3450945
DOM,CTG,169,520,2197059
DOM,CTG,20703,136388,577241255
DOM,CTG,770000,14740,62628560
DOM,CTG,138,141485,601171507
DOM,CTG,480,14621,59372583
DOM,CTG,455,3967,16781518
DOM,CTG,1500,21000,88649190
ROU,CTG,1,10000,42273900
RUS,CTG,1260,10471,44108919
RUS,CTG,3270,18385,77446770
RUS,CTG,2310,19074,80350784
RUS,CTG,17630,93363,393293617
RUS,CTG,108,595,2505890
RUS,CTG,25212,237601,979062856
RUS,CTG,25000,124016,502729073
RUS,CTG,195921,753535,3182850096
RUS,CTG,27618,114739,484438300
RUS,CTG,111994,545109,2298163958
RUS,CTG,56007,149390,630739798
RUS,CTG,56013,58197,245496457
RUS,CTG,162177,536574,2263428233
RUS,CTG,27996,116408,492633175
RUS,CTG,61273,280990,1186433355
RUS,CTG,27993,34284,144470694
RUS,CTG,19519,134946,566981432
RUS,CTG,27992,116389,491404580
RUS,CTG,78393,295939,1240870690
RUS,CTG,5108,16915,71277448
KNA,CTG,9,55444,225147400
KNA,CTG,1503,10421,42939827
VCT,CTG,648,2802,11914356
VCT,CTG,2834,9504,40411863
VCT,CTG,622,2059,8755904
VCT,CTG,555,2287,9725380
VCT,CTG,195,5337,22693744
VCT,CTG,130,1467,6238156
VCT,CTG,288,1008,4286107
VCT,CTG,20,1,4252
VCT,CTG,8,15,63781
VCT,CTG,8,28,118208
VCT,CTG,200,4,17008
VCT,CTG,140000,109496,465419355
LCA,CTG,2220,8075,35424034
LCA,CTG,5217,15245,66873754
LCA,CTG,593,2072,9089160
LCA,CTG,2343,8336,36568601
LCA,CTG,432,1884,8262274
LCA,CTG,115,1015,4452021
LCA,CTG,420,3142,13785079
LCA,CTG,192,924,4055467
LCA,CTG,459,12496,54814738
LCA,CTG,538,5866,25733069
LCA,CTG,120,468,2052957
LCA,CTG,336,1176,5158712
LCA,CTG,88,23913,101199141
LCA,CTG,32,32,142128
LCA,CTG,40,20,87733
LCA,CTG,6,180,789599
LCA,CTG,30,30,131600
SGP,CTG,15222,102385,433827061
SGP,CTG,3520,10598,46199177
SGP,CTG,216510,204982,830949373
SGP,CTG,413820,299226,1229974931
SGP,CTG,74,14646,63848121
SGP,CTG,91,10595,44823355
SGP,CTG,92,10904,44278925
SGP,CTG,236,27881,117039152
SGP,CTG,91,9196,40088258
SGP,CTG,74,13794,58355977
SGP,CTG,93,20680,85214834
SGP,CTG,74,14319,59302586
ZAF,CTG,33000,147822,648442924
ZAF,CTG,1,8500,37286610
ZAF,CTG,40,1012,4289123
ZAF,CTG,714,17897,75862529
ZAF,CTG,12867,31620,134449725
ZAF,CTG,12534,35238,148493560
SWE,CTG,5242,97846,396642255
SWE,CTG,21052,106838,442462595
SWE,CTG,24000,54211,229792297
SWE,CTG,46880,86659,361950688
CHE,CTG,98760,211346,892175580
CHE,CTG,20000,83870,348474693
CHE,CTG,87,31189,132205493
CHE,CTG,108,4000,16996000
CHE,CTG,87,19000,78291780
CHE,CTG,488,6490,26878129
SUR,CTG,1,21507,90630822
SUR,CTG,1,33600,141587706
SUR,CTG,4267,34395,146252251
SUR,CTG,6092,21922,93214317
SUR,CTG,1204,2988,12705245
SUR,CTG,3914,13459,57229730
SUR,CTG,18539,20965,86825660
SUR,CTG,677,3000,12666270
SUR,CTG,49,10711,46986393
SUR,CTG,82,21824,95736310
SUR,CTG,1,32831,138347501
SUR,CTG,241,1154,4905168
SUR,CTG,20,28,118166
SUR,CTG,2,17,71690
SUR,CTG,14400,28316,114988290
SUR,CTG,35744,135002,547264086
SUR,CTG,660,1267,5303016
SUR,CTG,4890,11367,47594622
SUR,CTG,13683,7263,30666982
SUR,CTG,1307,1485,6269804
SUR,CTG,5380,3670,15495070
SUR,CTG,180,137,577582
SUR,CTG,1040,227,959259
SUR,CTG,144,1822,7690959
SUR,CTG,1430,6819,28726722
SUR,CTG,4440,958,4043073
SUR,CTG,1740,1874,7913885
SUR,CTG,26583,10126,42744107
SUR,CTG,10000,4510,19166192
SUR,CTG,22000,20443,86877077
SUR,CTG,3963,30923,125572234
SUR,CTG,1,4180,17310846
SUR,CTG,1,1172,4852265
SUR,CTG,5835,26794,116550676
SUR,CTG,430,2177,9294685
SUR,CTG,26400,37635,159097823
SUR,CTG,4054,23717,100845033
SUR,CTG,53000,44043,192001054
SUR,CTG,3449,13224,58007876
SUR,CTG,7092,22878,100356077
SUR,CTG,1614,4509,19779625
THA,CTG,1800,10638,46665289
THA,CTG,1800,15300,67115898
THA,CTG,14900,80357,352498838
THA,CTG,20,118,518503
THA,CTG,170,1008,4420876
THA,CTG,5040,51819,220180036
THA,CTG,25000,35408,149154094
THA,CTG,25000,33505,146061697
THA,CTG,25000,30592,128915877
TZA,CTG,1,129731,547734649
TZA,CTG,1,29248,120519152
TZA,CTG,1,20850,85912949
TZA,CTG,1,3813,15710523
DJI,CTG,2,57408,242685117
DJI,CTG,11,28183,119141420
TTO,CTG,9600,13306,58367977
TTO,CTG,5880,12949,56804615
TTO,CTG,108,28207,119094350
TTO,CTG,136,1920,8165373
TTO,CTG,6994,152638,648760927
TTO,CTG,13721,135170,574427187
TTO,CTG,348,2304,9795795
TTO,CTG,19161,20420,86215711
TTO,CTG,150,31680,135806933
TTO,CTG,256,65078,276183180
TTO,CTG,2290,29229,122382660
TTO,CTG,81,1,3189
TTO,CTG,81,150,637176
TTO,CTG,2,11,47181
TTO,CTG,6,3262,13442287
TTO,CTG,7,1362,5611378
TTO,CTG,1858,7027,28954319
TTO,CTG,190,37384,155899595
TTO,CTG,116,15529,63989644
TTO,CTG,10,268,1103172
TTO,CTG,2000,4732,19215848
TTO,CTG,3000,5522,22421873
TTO,CTG,11000,39470,160280960
TTO,CTG,90,15633,64743141
TTO,CTG,9,30,121825
TTO,CTG,9,5,20304
TTO,CTG,1,15,60912
TTO,CTG,1,10,40608
TTO,CTG,12,91,384082
TTO,CTG,4,74,311725
TTO,CTG,1,123,523244
TTO,CTG,2,1577,6685302
TTO,CTG,180,208620,915145009
TTO,CTG,13650,35618,150041499
TTO,CTG,2361,5313,22382866
TTO,CTG,78000,25240,107324878
TTO,CTG,46,285,1200562
TTO,CTG,46,164,690850
TTO,CTG,50,5,21062
TTO,CTG,8,40,168500
TTO,CTG,20,4,16850
TTO,CTG,2000,9720,41300280
TTO,CTG,2,18700,79266495
TTO,CTG,14372,52558,221903424
TTO,CTG,48,445,1878830
TTO,CTG,108,890,3757660
TTO,CTG,48,257,1085077
TTO,CTG,2280,7780,32849971
TTO,CTG,18,3,11400
TTO,CTG,4,0,1689
TTO,CTG,100,1,4222
TTO,CTG,1110,5642,24749097
TTO,CTG,2564376,255926,1062799265
TTO,CTG,995451,97375,395423402
TTO,CTG,8000,31200,128563344
TTO,CTG,9000,49500,203970690
TTO,CTG,7000,21700,89417454
TTO,CTG,4048,1,4231
TTO,CTG,0,724,3079789
TTO,CTG,33,60222,256068939
TTO,CTG,760032,88504,384196385
TTO,CTG,1,35320,149124219
TTO,CTG,670,12864,54659136
TTO,CTG,2332,52652,223716648
TTO,CTG,688160,71686,314460486
TTO,CTG,500,1664,7299402
TTO,CTG,23250,95511,418974283
TTO,CTG,531,2790,12238781
TTO,CTG,5314,18054,79195531
TTO,CTG,7604,27424,120301124
TTO,CTG,26880,10339,43931261
TTO,CTG,652000,32556,137487424
TTO,CTG,2499,8222,36066153
TTO,CTG,26672,52469,226198674
TTO,CTG,245,30,127563
TTO,CTG,264500,9963,42164641
TTO,CTG,52000,41958,177372830
TTO,CTG,3779,37053,156138798
TTO,CTG,130500,7973,33595918
TTO,CTG,102000,85676,362185866
TTO,CTG,52000,81160,344848840
TTO,CTG,16750,19082,81078356
TTO,CTG,12614,14317,58037844
TTO,CTG,52000,48398,205677465
TTO,CTG,19178,22097,96932201
TTO,CTG,1,30000,121824900
TTO,CTG,126,35681,150622066
TTO,CTG,5453,44844,196716258
TTO,CTG,124,35133,148311446
TTO,CTG,22226,38896,164429407
TTO,CTG,3806,6734,28468935
TTO,CTG,23625,62099,260910517
TTO,CTG,25000,25600,105487872
TTO,CTG,432000,66889,271151790
TTO,CTG,25000,25600,106020608
TTO,CTG,50000,51200,212041216
TTO,CTG,25000,25600,106020608
TTO,CTG,50000,51200,207552512
TTO,CTG,50000,51200,213555456
TTO,CTG,75000,76800,315817472
TTO,CTG,50000,51200,207552512
TTO,CTG,1110,10143,42743056
TTO,CTG,0,1,4214
TTO,CTG,9330,26178,108414354
TTO,CTG,80,3905,16483684
TTO,CTG,60,2519,10632837
TTO,CTG,1040,41780,176370096
TTO,CTG,403,2144,9071697
TTO,CTG,17853,49155,207956904
TTO,CTG,678,6823,28864183
TTO,CTG,13698,34693,146772299
TTO,CTG,11061,7444,30674101
TTO,CTG,58892,38589,159626707
TTO,CTG,158800,125770,529804440
TTO,CTG,22500,14625,62141625
TCA,CTG,30,14327,60351224
TUR,CTG,32125,184337,774495671
TUR,CTG,76890,312925,1324454759
TUR,CTG,99360,180835,793262538
TUR,CTG,1,5000,21136950
TUR,CTG,163150,35893,150805516
TUR,CTG,38396,164680,682012515
TUR,CTG,10400,119600,524644536
UKR,CTG,17915,144556,634115830
UKR,CTG,8051,63606,257841432
UKR,CTG,11239,60368,244717384
UKR,CTG,1054,5000,20268800
URY,CTG,24,55,227458
URY,CTG,377,7888,32505099
URY,CTG,220,3568,14703196
URY,CTG,10500,23940,101076835
URY,CTG,9989,58122,254962374
URY,CTG,3078,6792,27533138
URY,CTG,5979,18594,75376830
URY,CTG,1164,4746,19239145
URY,CTG,296,67871,281084321
URY,CTG,4000,18464,78453536
URY,CTG,861,7964,33701505
URY,CTG,15860,12024,50651100
URY,CTG,49680,24343,102545730
URY,CTG,960,912,3841800
URY,CTG,21000,14200,62291449
URY,CTG,2486,15246,64451676
URY,CTG,219210,15374,67441169
URY,CTG,266850,18017,73036716
URY,CTG,1476,18477,78107456
URY,CTG,13632,27369,116375451
URY,CTG,116,6471,27383371
URY,CTG,57,1241,5251028
URY,CTG,9,3328,14084673
URY,CTG,2509,51085,216147719
URY,CTG,186,2861,12103944
URY,CTG,2976,22539,95362233
URY,CTG,5,6,24727
URY,CTG,1,3,11247
URY,CTG,14,6,24348
URY,CTG,0,1,4128
URY,CTG,54490,15006,60935191
URY,CTG,341750,19160,80995482
URY,CTG,161500,2339,9886935
URY,CTG,11750,1076,4546938
URY,CTG,401825,6150,25999252
URY,CTG,40,16,65905
URY,CTG,1744,7067,28648206
URY,CTG,514395,33919,137500620
URY,CTG,371820,9356,37927303
URY,CTG,177700,9266,37563924
URY,CTG,2752200,35417,143571248
URY,CTG,525,6558,26585247
URY,CTG,15300,514,2084362
URY,CTG,360000,2346,9509675
URY,CTG,7,34,137787
URY,CTG,176,1003,4066002
URY,CTG,45000,2304,9341485
URY,CTG,2,36570,155012625
URY,CTG,223,909,3848384
URY,CTG,300,2080,8803852
URY,CTG,1067,4412,18670986
URY,CTG,418075,26165,110731315
URY,CTG,210400,5684,24054094
URY,CTG,19500,356,1506158
URY,CTG,1066010,15902,67295898
URY,CTG,3500,915,3871068
URY,CTG,81369,25403,105204870
URY,CTG,632,2417,10603961
URY,CTG,27,84,368436
URY,CTG,424109,24838,108957747
URY,CTG,493100,6567,28806056
URY,CTG,149200,7384,32392150
URY,CTG,1032020,15306,67141472
URY,CTG,7000,1823,7995828
URY,CTG,207,1917,8407955
URY,CTG,59,335,1467820
URY,CTG,33750,1958,8590221
URY,CTG,30710,14344,58147539
URY,CTG,1323,32978,144664853
URY,CTG,540,13629,59783640
URY,CTG,1811,13090,57419230
URY,CTG,34,833,3653956
URY,CTG,179,4935,21650273
URY,CTG,23,278,1150406
URY,CTG,536,27869,115418010
URY,CTG,1971,4873,20080523
URY,CTG,924,2933,12085902
URY,CTG,1860,9737,40121488
URY,CTG,2317,10528,43382217
URY,CTG,2426,7566,31175869
URY,CTG,210,1506,6207714
URY,CTG,1133,4011,16528961
URY,CTG,299,1097,4519578
URY,CTG,160,37776,159131400
VEN,CTG,1747,54405,231335382
VEN,CTG,150,2495,10608582
VEN,CTG,4524,56425,239924136
VEN,CTG,192,48808,211514271
VEN,CTG,142,17297,73121249
VEN,CTG,8,30,127563
VEN,CTG,2,10,42521
VEN,CTG,8,30,128838
VEN,CTG,2,1,4252
VEN,CTG,100,1,4252
VEN,CTG,12,4,16158
VEN,CTG,100,1,4252
VEN,CTG,26000,56940,241938060
VEN,CTG,17000,49140,214220914
VEN,CTG,8000,17920,78120448
VEN,CTG,1300,17264,75260682
VEN,CTG,7074,12837,54265145
VEN,CTG,6088,80827,341688435
VEN,CTG,17542,6315,27702898
VEN,CTG,59,150,634108
VEN,CTG,3300,33,139504
VEN,CTG,10,0,423
VEN,CTG,14,35,147959
VEN,CTG,300,3,12682
VEN,CTG,3400,86496,367788777
VEN,CTG,35,234270,993035390
VEN,CTG,1,37000,162306420
VEN,CTG,16718,9195,40335865
VEN,CTG,5115,24554,103667509
VEN,CTG,3823,46657,196990898
VEN,CTG,1007,4194,17707445
VEN,CTG,48,99,417987
VEN,CTG,20,146,614314
VEN,CTG,25,77,325101
VEN,CTG,150,6000,25328340
VEN,CTG,2,2300,9692131
VEN,CTG,7407,24575,104169908
VEN,CTG,210,18373,77669414
VEN,CTG,2,5040,21238409
VEN,CTG,9,8595,36219072
VEN,CTG,34,99234,418169099
VEN,CTG,500,1652,7247464
VEN,CTG,7460,4788,21001924
VEN,CTG,28,465,2040850
VEN,CTG,3000,6829,29956106
VEN,CTG,8992,10467,45914600
VEN,CTG,1000,7172,31459283
VEN,CTG,37,5830,25574886
VEN,CTG,12790,34517,146768540
VEN,CTG,24,77611,329769394
VEN,CTG,19081,566462,2391655234
VEN,CTG,14004,147232,628165752
VEN,CTG,1800,1422,6046472
VEN,CTG,45100,30070,127860346
VEN,CTG,32720,14086,59895790
VEN,CTG,70,1092,4643282
VEN,CTG,1800,2364,10051941
VEN,CTG,4,2,9652
VEN,CTG,2,1,3317
VEN,CTG,3,2,6633
VEN,CTG,1,0,1658
VEN,CTG,156000,164238,697847262
VEN,CTG,31112,39313,167161734
VEN,CTG,18632,234619,991826479
VEN,CTG,8,18817,79762440
VEN,CTG,7,15936,67552009
VEN,CTG,6,13536,57377074
VEN,CTG,161,381022,1615095613
VEN,CTG,22581,150480,643684282
VEN,CTG,5375,19051,83049534
VEN,CTG,309000,361385,1585270975
VEN,CTG,15000,20895,91657155
VEN,CTG,27000,33561,142260723
VEN,CTG,8121,13816,58706054
VEN,CTG,21659,71883,305432099
VEN,CTG,18280,58496,256601888
VEN,CTG,5154,12673,55594248
VEN,CTG,1801,9711,41264036
VEN,CTG,1491,7681,32635294
VEN,CTG,9,2403,9901850
VEN,CTG,30,23709,97696604
VEN,CTG,12,31995,134780370
VEN,CTG,2,97,408023
VEN,CTG,43752,185546,784373825
VEN,CTG,8337,35541,150243639
VEN,CTG,57,2800,11819892
VEN,CTG,24,456,1938953
VEN,CTG,443,5346,23449110
VEN,CTG,1173,4473,19621750
VEN,CTG,7398,31769,135085328
VEN,CTG,1206,26430,112382101
VEN,CTG,43994,270219,1164644390
VEN,CTG,16495,60649,266048297
VEN,CTG,38787,241977,1053818886
VEN,CTG,0,344,1509494
VEN,CTG,2419,11752,49971199
VEN,CTG,7425,32439,137934908
VEN,CTG,4298,18949,80574427
VEN,CTG,14504,36060,153328494
VEN,CTG,881,4719,20064422
VEN,CTG,5187,35595,151351443
VEN,CTG,614,3598,15300636
VEN,CTG,526,2788,11853339
VEN,CTG,1444,6432,27348763
VEN,CTG,1716,3898,16575115
VEN,CTG,1,5100,21491247
VEN,CTG,4,41670,175596130
VEN,CTG,2,111420,485724347
VEN,MAI,189000,224640,927182487
VEN,MAI,162000,200610,829061268
VEN,MAI,81000,95850,402633428
VEN,MAI,27000,34020,144656102
VEN,MAI,216950,252283,1053941097
VEN,MAI,166000,204959,853451121
VEN,MAI,62000,94946,395152062
VEN,MAI,63000,100649,428905371
VEN,MAI,83143,268378,1145644104
VEN,MAI,884,2413,10219982
VEN,MAI,16,39270,165421890
VEN,MAI,30,66005,270587708
VEN,MAI,5,10722,43464415
VEN,MAI,169,492410,2041394806
VEN,MAI,50,1868,7734949
VEN,MAI,2000,6246,25867372
VEN,MAI,5000,11838,49412273
VEN,MAI,52500,53805,225196980
VEN,MAI,1833,4127,17021350
VEN,MAI,30728,15464,62796635
VEN,MAI,472633,34887,144866022
VEN,MAI,239500,3762,15768624
VEN,MAI,100160,3834,16149086
VEN,MAI,2050700,27082,113598028
VEN,MAI,1200,26,108306
VEN,MAI,42,286,1206359
VEN,MAI,6100,232,980289
VEN,MAI,94500,110974,473688148
VEN,MAI,40500,49787,206168343
VEN,MAI,1500,4380,18139463
VEN,MAI,517,1230,5231006
VEN,MAI,80960,4858,20651334
VEN,MAI,100,5,22068
VEN,MAI,48500,1382,5877154
VEN,MAI,510675,11645,49497634
VEN,MAI,77,579,2460298
VEN,MAI,19400,646,2747652
VEN,MAI,1,68,280202
VNM,CTG,127,7500,31660425
VNM,CTG,26000,121680,512755870
VNM,CTG,28570,130565,550196572
VNM,CTG,24,12236,51542044
VNM,CTG,237,41065,174485610
VNM,CTG,237,42271,177602875
VNM,CTG,114,94529,397165169
VNM,CTG,27382,144067,606881395
XCF,CTG,750,3483,14425222
XCF,CTG,1088,8851,38827205
XCF,CTG,3210,19132,80383672
XCF,CTG,200,1545,6507821
XCF,CTG,100,1074,4712720
XCF,CTG,7608,6154,25485698
XCF,CTG,12264,11222,46474796
XCF,CTG,5760,4435,18763601
XCF,CTG,3000,1051,4446836
XCF,CTG,12228,13536,57266552
XCF,CTG,1834,2850,12073037
XCF,CTG,12451,52080,222164987
XCF,CTG,3674,67421,289706669
XCF,CTG,15880,288618,1255378727
XCF,CTG,3379,336903,1441995089
XCF,CTG,62863,794512,3447052934
XCF,CTG,44684,555773,2385403527
XCF,CTG,40223,269614,1166448117
XCF,CTG,24411,101749,434764058
XCF,CTG,2948,54094,228925497
XCF,CTG,103,10505,44986700
XCF,CTG,9145,158490,672958151
XCF,CTG,13267,203384,860715071
XCF,CTG,609,6357,27712183
XCF,CTG,700,8142,34371908
XCF,CTG,200,2515,10567100
XCF,CTG,300,3360,14184715
XCF,CTG,1728,17836,75558503
XCF,CTG,2300,22728,96242844
XCF,CTG,1259,5306,23277373
DEU,BAQ,144700,118424,500624433
DEU,BAQ,1,16499,67987016
DEU,CTG,38398,113940,484212170
DEU,CTG,100400000,473782,2040476487
DEU,CTG,66000,13,54859
DEU,CTG,60400000,294384,1240092600
DEU,CTG,3148,66954,282045831
DEU,CTG,23400000,119664,502773188
DEU,CTG,54000,10,40153
DEU,CTG,3,3,13438
DEU,CTG,525000,3,13438
ABW,BAQ,22400,8568,34732616
ABW,BAQ,2520,2800,11849516
ABW,BAQ,32880,13027,55129069
ABW,BAQ,4752,3653,15458540
ABW,BAQ,7,48,203135
ABW,BAQ,17,117,495140
ABW,BAQ,42,346,1424086
ABW,BAQ,72,82,336243
ABW,BAQ,321,483,1990259
ABW,BAQ,125,125,515078
ABW,BAQ,337,519,2137572
ABW,BAQ,134,178,735531
ABW,BAQ,24,120,494474
ABW,BAQ,21,260,1073009
ABW,BAQ,42,23,96422
ABW,BAQ,355,1399,5763717
ABW,BAQ,9,27,111257
ABW,BAQ,0,12,51425
ABW,BAQ,2,125,516231
ABW,BAQ,2,121,499914
ABW,BAQ,170,887,3654166
ABW,BAQ,209,472,1944768
ABW,BAQ,1,278,1143719
ABW,BAQ,84,168,693583
ABW,BAQ,4,55,228447
ABW,BAQ,2,222,916756
ABW,BAQ,1,60,249215
ABW,BAQ,10,489,2013500
ABW,BAQ,9,81,332946
ABW,BAQ,55,377,1553639
ABW,BAQ,52,139,571118
ABW,BAQ,40,65,267016
ABW,BAQ,21,138,569634
ABW,BAQ,36,201,826761
ABW,BAQ,8,56,232403
ABW,BAQ,64,190,781434
ABW,BAQ,30,170,698692
ABW,BAQ,4,127,522165
ABW,BAQ,1362,313,1290578
ABW,BAQ,152,555,2286944
ABW,BAQ,3,36,150320
ABW,BAQ,3103,3723,15339420
ABW,BAQ,39,55,228447
ABW,BAQ,384,467,1922764
ABW,BAQ,119,448,1845626
ABW,BAQ,16,42,174549
ABW,BAQ,40,85,348604
ABW,BAQ,14,43,179000
ABW,BAQ,29,260,1069548
ABW,BAQ,36,334,1374639
ABW,BAQ,109,175,722674
ABW,BAQ,1083,1334,5495094
ABW,BAQ,419,215,884780
ABW,BAQ,50,60,249298
ABW,BAQ,144,107,439093
ABW,BAQ,81,223,919722
ABW,BAQ,22,128,528470
ABW,BAQ,6,53,217569
ABW,BAQ,288,142,585458
ABW,BAQ,24,17,70215
ABW,BAQ,7,85,349429
ABW,BAQ,24,31,126585
ABW,BAQ,192,138,567657
ABW,BAQ,84,127,522165
ABW,BAQ,47,288,1186739
ABW,BAQ,13,205,842832
ABW,BAQ,10800,4800,19458048
ABW,BAQ,11000,10174,44628124
ABW,BAQ,184,5562,23288150
ABW,BAQ,2520,2800,11723628
ABW,BAQ,2660,6626,27743966
ABW,BAQ,386,425,1760108
ABW,BAQ,2,50,207072
ABW,BAQ,48,104,430709
ABW,BAQ,312,75,310607
ABW,BAQ,1100,330,1366672
ABW,BAQ,121,1210,5011130
ABW,BAQ,17,200,828286
ABW,BAQ,695,4345,17994513
ABW,BAQ,229,700,2899001
ABW,BAQ,14,140,579800
ABW,BAQ,32,2390,9898018
ABW,BAQ,500,510,2112129
ABW,BAQ,15499,1250,5150775
ABW,BAQ,9842,20899,88037038
ABW,BAQ,3299,8990,37870375
ABW,BAQ,10170,4365,18387562
ABW,BAQ,75,20,85724
ABW,BAQ,214,48,204096
ABW,BAQ,72,11932,50700938
ABW,BAQ,4,7155,30403295
ABW,BAQ,310,250,1030155
ABW,BAQ,12,485,1998336
ABW,BAQ,15,6579,27109559
ABW,BAQ,2,242,999168
ABW,BAQ,1,24,99925
ABW,BAQ,4060,406,1672972
ABW,BAQ,3632,3572,15177088
ABW,BAQ,325,788,3346088
ABW,BAQ,600,852,3620148
ABW,BAQ,150,299,1270876
ABW,BAQ,18,29,119498
ABW,BAQ,430,153,630455
ABW,BAQ,1170,1670,7095830
ABW,BAQ,4030,1390,5726014
ABW,BAQ,1454,1524,6389173
ABW,BAQ,750,110,453268
ABW,BAQ,235,957,4065401
ABW,BAQ,560,1430,6076070
ABW,BAQ,14516,2335,9765830
ABW,BAQ,3024,1730,7128673
ABW,BAQ,3595,4324,18374673
ABW,BAQ,50,15,63045
ABW,BAQ,2000,356,1506097
ABW,BAQ,2000,130,549979
ABW,BAQ,187,521,2145607
ABW,BAQ,31,142,585128
ABW,BAQ,2,400,1699600
ABW,BAQ,1,151,640324
ABW,BAQ,140,39,162352
ABW,BAQ,360,2417,10601943
ABW,BAQ,5803,13471,59094759
ABW,BAQ,1732,2418,10606286
ABW,BAQ,59,495,2170037
ABW,BAQ,9026,7168,29055406
ABW,BAQ,1856,1473,5972486
ABW,BAQ,720,9135,40071393
ABW,BAQ,138,3660,16055921
ABW,BAQ,22948,28217,123780228
ARG,BAQ,1500,76000,313167120
ARG,BAQ,7500000,2388016,9680445159
ARG,BAQ,17,15401,66336867
ARG,BOG,3,78,332538
ARG,CTG,3104,114575,481390300
ARG,CTG,8064,85496,359212958
ARG,CTG,48000,120824,530013808
AUS,BAQ,6442818,470574,1968333911
AUS,BAQ,5000,360,1574310
AUS,CTG,10325000,48781,197747480
AUS,CTG,1997,40740,165150182
AUS,CTG,1060,21009,89054000
BGD,BAQ,107610,34530,143469247
BGD,BAQ,285850,92382,392212294
BRB,BAQ,2618,107847,456258850
BRB,BAQ,485,26427,111715629
BRB,BAQ,74,5490,23209470
BRB,BAQ,774,8783,37156602
BRB,BAQ,2370,17401,75856001
BRB,BAQ,16,14064,59517495
BEL,BAQ,3457960,169142,708199245
BOL,BAQ,12330,106503,467194336
BOL,BAQ,57255,475406,1974267339
BOL,BOG,257,9636,40764043
BOL,CTG,1337,49266,209330214
BOL,CTG,732718,746744,3032400600
BRA,BOG,10,20913,88126755
BRA,CTG,24214,46266,202952817
BRA,CTG,113369,164204,687523162
BRA,CTG,288000,2661120,11673428659
BRA,CTG,216000,740880,3249988661
BRA,CTG,8640,92023,401166025
BRA,CTG,183736,282817,1222178801
BRA,CTG,212766,314212,1316395376
BRA,CTG,48987,367656,1553742437
BRA,CTG,80324,117472,505172200
BRA,CTG,49058,371878,1573270532
BRA,CTG,111511,166386,721741909
BRA,CTG,135360,1121098,4917873998
BRA,CTG,72000,179280,786440405
BRA,CTG,24987,185901,815484963
BRA,CTG,24900,184916,811164103
CYM,BAQ,7775,64245,281820665
CYM,BAQ,7250,103845,441238807
CYM,BAQ,7350,89953,394592964
CAN,BOG,1,2000,8427940
CAN,CTG,688,78625,344900265
CAN,CTG,1456,153191,626142598
CAN,CTG,4358800,405106,1717185264
KOR,BAQ,18980,29884,126674302
KOR,BAQ,20623,155135,628880341
KOR,BAQ,15200,479408,1991911476
KOR,BAQ,19472,149756,636421398
KOR,BAQ,21839,31583,133616921
KOR,BAQ,20020,149822,657217824
KOR,BAQ,23900,39196,166145965
KOR,CTG,7322100,243006,1065983823
KOR,CTG,70000,301000,1273822970
KOR,CTG,70000,301000,1264660530
KOR,CTG,76000,326080,1382294150
KOR,CTG,144000,601920,2480283590
KOR,CTG,19673,146400,603259716
CRI,BAQ,75,2946,12408424
CRI,BAQ,631,28826,121858744
CRI,BAQ,49010,68706,283110576
CRI,BAQ,146,611,2573711
CRI,BAQ,63,1917,8075657
CRI,BAQ,25085,24540,99652118
CRI,BAQ,399,1153,4681447
CRI,BAQ,60,1058,4454803
CRI,BAQ,356,14739,62626436
CRI,BAQ,25000,9240,40532738
CRI,BAQ,15,18,72968
CRI,BAQ,9720,54738,231575130
CRI,BAQ,1115,46520,196806116
CRI,BAQ,1380,34983,144152474
CRI,BAQ,7570,7248,30638009
CRI,BAQ,99,58,235118
CRI,BAQ,400,1998,8099412
CRI,BAQ,1284,1410,5715761
CRI,BAQ,868,6047,24512722
CRI,BAQ,366,5442,22062264
CRI,BAQ,1678,19606,79476965
CRI,BAQ,198,347,1406655
CRI,BAQ,218,467,1893349
CRI,BAQ,0,1,4175
CRI,BAQ,2,2,8351
CRI,BAQ,2,2,8229
CRI,BAQ,9699,13276,54704692
CRI,BAQ,2352,20187,88555304
CRI,BAQ,10449,15644,68622891
CUB,BAQ,900,61220,252264068
CUB,BAQ,7360,16096,67393611
CUB,BOG,920,2010,8149233
CUB,CTG,2000,2609,10750368
CUB,CTG,9200,21593,89424821
CUB,CTG,50000,77000,318890110
CUW,BAQ,13810,12640,52083813
CUW,BAQ,21884,8934,36813619
CUW,BAQ,6030,2402,10161925
CUW,BAQ,15,4278,18098550
CUW,BAQ,1226,48727,206544833
CUW,BAQ,336,228,968492
CUW,BAQ,82080,43200,182364048
CUW,BAQ,3,1235,5212572
CUW,BAQ,52,1127,4758351
CUW,BAQ,2,640,2701690
CUW,BAQ,1,500,2110695
CUW,BAQ,1,230,970920
CUW,BAQ,4,900,3799251
CUW,BAQ,5,125,527674
CUW,BAQ,1,450,1899626
CUW,BAQ,2,100,422139
CUW,BAQ,1,150,633208
CUW,BAQ,2,400,1688556
CUW,BAQ,240,486,2049907
CUW,BAQ,10,3068,12951731
CUW,BAQ,3,16,69442
CUW,BAQ,8,666,2811446
CUW,BAQ,288,1296,5470921
CUW,BAQ,100,51,214447
CUW,BAQ,10,16,69442
CUW,BAQ,80,89,376126
CUW,BAQ,72,253,1068349
CUW,BAQ,10,76,320826
CUW,BAQ,200,92,388368
CUW,BAQ,3000,15,64123
CUW,BAQ,2150,47,198279
CUW,BAQ,41040,21600,91182024
CUW,BAQ,25569,33134,140451751
CUW,BAQ,6750,1800,7454574
CUW,BAQ,1445,838,3542976
CUW,BAQ,14598,9343,39495321
CUW,BAQ,120,468,1978419
CUW,BAQ,1620,1361,5752632
CUW,BAQ,1536,1152,4869953
CUW,BAQ,98,300,1271655
CUW,BAQ,4023,28323,116707166
CUW,BAQ,13083,48901,201501491
CUW,BAQ,6954,35477,146188142
CUW,BAQ,810,2267,9340374
CUW,BAQ,535,2222,9153957
CUW,BAQ,625,711,2930791
CUW,BAQ,1775,3317,13668385
CUW,BAQ,1200,1380,5686456
CUW,BAQ,3210,3210,13227190
CUW,BAQ,1000,1150,4738713
CUW,BAQ,1100,3172,13071431
CUW,BAQ,70,1501,6186864
CUW,BAQ,40,52,214272
CUW,BAQ,150,933,3844538
CUW,BAQ,170,756,3115189
CUW,BAQ,1440,453,1866641
CUW,BAQ,9074,5439,22410610
CUW,BAQ,1537,2955,12177874
CUW,BAQ,6270,14570,60037227
CUW,BAQ,976,19632,80896012
CUW,BAQ,67,219,906973
CUW,BAQ,4000,21830,89954783
CUW,BAQ,1500,1140,4697507
CUW,BAQ,150,26,106312
CUW,BAQ,8,1230,5093959
CUW,BAQ,2,75,310607
CUW,BAQ,60,81,333770
CUW,BAQ,20,2065,8548619
CUW,BAQ,20,440,1813073
CUW,BAQ,1,46,190373
CUW,BAQ,20,65,269193
CUW,BAQ,11,770,3188901
CUW,BAQ,24,3637,14985047
CUW,BAQ,10,3241,13353982
CUW,BAQ,1,69,285559
CUW,BAQ,20520,10800,45591012
CUW,BAQ,8093,2810,11578942
CUW,BAQ,60,208,882942
CUW,BAQ,11000,8384,36777757
CUW,BAQ,960,360,1490915
CUW,BAQ,390,1178,5004897
CUW,BAQ,200,220,911115
CUW,BAQ,105,584,2480566
CUW,BAQ,114,310,1315066
CUW,BAQ,12042,30994,131692954
CUW,BAQ,480,1070,4546430
CUW,BAQ,2174,5896,25052529
CUW,BAQ,2500,1624,7123936
CUW,BAQ,11376,7508,31901152
CUW,BAQ,1500,750,3106072
CUW,BAQ,4,1,4387
CUW,BAQ,1350,1250,5176788
CUW,BAQ,3295,275,1138893
CUW,BAQ,50,12,52640
CUW,BAQ,615,880,3860261
CUW,BAQ,2410,772,3386502
CUW,BAQ,30,510,2112129
CUW,BAQ,70,221,914800
CUW,BAQ,15,1485,6514190
CUW,BAQ,6,848,3719010
CUW,BAQ,2,1722,7553829
CUW,BAQ,6,156,684319
CUW,BAQ,3,25,109666
CUW,BAQ,23678,19235,78109659
CUW,BAQ,1300,111,486919
CUW,BAQ,300,4,15530
CUW,BAQ,1,150,621214
CUW,BAQ,64,2385,10462184
CUW,BAQ,152,3580,15704243
CUW,BAQ,1,137,567376
CUW,BAQ,1,2910,12765181
CUW,BAQ,46,345,1428793
CUW,BAQ,190,18498,76606640
CUW,BAQ,3,291,1276518
CUW,BAQ,3600,2880,11927318
CUW,BAQ,4680,3390,14039448
CUW,BAQ,2380,5441,23123225
CUW,BAQ,750,2702,11191221
CUW,BAQ,210,1969,8154144
CUW,BAQ,60,582,2409484
CUW,BAQ,24086,13404,56600428
CUW,BAQ,1040,719,2976736
CUW,BAQ,460,14545,61810757
CUW,BAQ,25,2570,10589993
CUW,BAQ,1,524,2228548
CUW,BAQ,525,1273,5271378
CUW,BAQ,160,1832,7750853
CUW,BAQ,16,4088,17300420
CUW,BAQ,4,10,42320
CUW,BAQ,2,242,1026253
CUW,BAQ,1,8,31740
CUW,BAQ,1,70,296238
CUW,BAQ,1,10,42320
CUW,BAQ,1,38,158699
CUW,BAQ,1,10,42320
CUW,BAQ,1,225,952193
CUW,BAQ,3402,4350,17924697
CUW,BAQ,1500,2218,9139535
CUW,BAQ,13500,20880,86038546
CUW,BAQ,1,1048,4598360
CUW,BAQ,121530,25371,107800699
CUW,BAQ,13590,5432,22383208
CHL,BAQ,23000,29292,122646274
CHL,BAQ,24310,307607,1330144759
CHL,BAQ,701,29289,128011962
CHL,BAQ,21060,44132,185421922
CHL,BAQ,354,69705,295468192
CHL,BAQ,148,25686,109139559
CHL,BAQ,24610,19688,86364562
CHL,BAQ,1,7680,31909939
CHL,BAQ,22230,33621,140771840
CHL,BAQ,20880,28076,117962156
CHL,BAQ,29296,20616,88287787
CHL,BAQ,7549,29402,128977279
CHL,BAQ,64536,64496,272306861
CHL,BAQ,33000000,3999465,16212871644
CHL,BOG,200,27851,117591033
CHL,BOG,18,199,840196
CHL,BOG,88,2390,10069281
CHL,BOG,1715,98677,417599712
CHL,BOG,15,41842,175800166
CHL,BOG,5,7453,31315264
CHL,CTG,62306,26464,111477915
CHL,CTG,20280,43887,186508043
CHL,CTG,1332,46379,195439715
CHL,CTG,6843,31104,129235254
CHL,CTG,41600,89121,378740275
CHL,CTG,2565,117662,499947665
CHL,CTG,20760,45749,191553405
CHL,CTG,1818,44280,186954145
CHL,CTG,182000,131950,557804110
CHN,BAQ,22110,183390,777364651
CHN,BAQ,19702,158725,643432407
CHN,BAQ,88996,589558,2485612448
CHN,BAQ,40236,292116,1213725409
CHN,BAQ,48000,543965,2305786040
CHN,BAQ,937660,41809,177646441
CHN,BAQ,32060,1703,7236047
CHN,BAQ,320880,2414038,10198572786
CHN,BAQ,76979,414347,1764136151
CHN,BAQ,112827,185040,780691998
CHN,BAQ,339614,2598839,11059850526
CHN,BAQ,20116,110025,466378496
CHN,BAQ,91178,151432,640965426
CHN,BAQ,543890,390503,1622909862
CHN,BAQ,30,8770,37263730
CHN,BAQ,200099,54461,231571840
CHN,BAQ,432602,114118,492660201
CHN,BAQ,49,17083,74935646
CHN,BAQ,102660,34070,148157008
CHN,BAQ,175370,66299,284204903
CHN,CTG,22700,117846,499531517
CHN,CTG,21022,162149,658459118
CHN,CTG,22098,114443,475503341
CHN,CTG,42133,334255,1415754813
CHN,CTG,103539,831635,3517189109
CHN,CTG,41208,222628,945944587
CHN,CTG,47000,10011,42352637
CHN,CTG,49480,17327,73444731
TWN,BAQ,9510,44340,188537671
TWN,BAQ,27336,51938,220686262
TWN,BAQ,20037,30382,128532997
TWN,BAQ,6644,30240,127933689
ECU,BAQ,10800,93744,395795605
ECU,BAQ,9026,108157,447924644
ECU,BAQ,3115,25920,107345866
ECU,BAQ,135000,89955,379067671
ECU,BAQ,66632,102582,416569038
ECU,BAQ,11520,157018,667652967
ECU,BAQ,3504,29561,125696713
ECU,BAQ,417,16553,72160669
ECU,BAQ,429,20329,88621763
ECU,BAQ,194,18010,78512794
ECU,BAQ,211,11537,50293395
ECU,BAQ,903,13930,60726660
ECU,BAQ,326,6739,29378607
ECU,BAQ,1416,66544,290090562
ECU,BAQ,4,3481,14727007
ECU,BOG,1,9600,38916096
ECU,BOG,1124,37936,162845772
ECU,BOG,1,8000,33711760
ECU,BOG,187,13042,55055073
ECU,CTG,406,7015,29618890
ECU,CTG,7661,28327,119599270
ECU,CTG,126,3172,13393821
ECU,CTG,120000,285325,1251623765
ECU,CTG,324000,217267,931214921
ECU,CTG,4562,217507,921980098
ECU,CTG,7644,351949,1465059727
ECU,CTG,24000,65081,285488220
ECU,CTG,22120,96443,405208998
ECU,CTG,3119,43185,189437473
ECU,CTG,8488,109066,478434187
ECU,IPI,975,24525,104225838
ECU,IPI,885,79514,346208753
ECU,IPI,806,45768,192608167
ECU,IPI,258,30511,126772662
ECU,IPI,1628,332419,1449145470
ECU,IPI,2102,462610,1952076849
ECU,IPI,30704,508537,2125403528
ECU,IPI,48,3079,12502727
ECU,IPI,1776,106313,450115662
ECU,IPI,1938,14747,61747302
ECU,IPI,1186,285223,1193381619
ECU,IPI,385,24075,103306711
ECU,IPI,114,5826,25397472
ECU,IPI,20954,530100,2262713530
ECU,IPI,96,9777,42623292
ECU,IPI,8420,158857,692521511
SLV,BAQ,434,12470,52858460
SLV,BAQ,71,2100,9211986
SLV,BAQ,840,16165,66947541
SLV,CTG,6465,9750,41262215
SLV,CTG,480,6067,25780510
SLV,CTG,552,14595,62013475
SLV,CTG,2767,10661,45296804
ESP,BAQ,24700,64112,279489853
ESP,BAQ,41,14416,59704926
ESP,BOG,20,80,339977
ESP,BOG,95,350,1487398
ESP,BOG,35,115,488717
ESP,BOG,120,52,220985
ESP,BOG,232,66,280693
ESP,BOG,36,10,42497
ESP,BOG,20,88,373974
ESP,BOG,11,9,38247
ESP,BOG,10,30,127491
ESP,BOG,15,75,318728
ESP,BOG,4,20,84994
ESP,BOG,10,50,212486
ESP,BOG,50,5,21249
ESP,CTG,46194,61409,259555847
ESP,CTG,1304,65008,263986437
ESP,CTG,78060,63987,259839355
ESP,CTG,55884,56208,246563982
ESP,CTG,27726,59706,261911633
ESP,CTG,21860,137772,581589596
ESP,CTG,49858,60932,255124442
ESP,CTG,4,38300,168009078
ESP,CTG,26741,36398,149984305
SVN,BAQ,25,18950,80107772
USA,BAQ,436463,438776,1855859709
USA,BAQ,58770,72341,305779408
USA,BAQ,177344,32358,131171566
USA,BAQ,165552,29964,126804845
USA,BAQ,1957,7099,30319263
USA,BAQ,86332,69660,295278291
USA,BAQ,978,3006,12489750
USA,BAQ,978,2687,11165986
USA,BAQ,3410,4365,17985023
USA,BAQ,34,1323,5453146
USA,BAQ,1124,6156,25368391
USA,BAQ,267,915,3772057
USA,BAQ,1050,6725,27709933
USA,BAQ,400,1848,7615730
USA,BAQ,19,165,681262
USA,BAQ,290,828,3411873
USA,BAQ,374,1012,4168007
USA,BAQ,67,411,1693163
USA,BAQ,3270,7697,32578209
USA,BAQ,8704,16990,72265979
USA,BAQ,47860,131849,558500180
USA,BAQ,1440,1304,5372464
USA,BAQ,78,297,1222547
USA,BAQ,1600,708,2917399
USA,BAQ,5100,7483,30834599
USA,BAQ,180,570,2348753
USA,BAQ,2,1,4121
USA,BAQ,1,2912,11999245
USA,BAQ,790,190,781270
USA,BAQ,978,3431,15049753
USA,BAQ,2106,3722,16325569
USA,BAQ,17898,49422,216798520
USA,BAQ,28774,30606,131240860
USA,BAQ,14720,18560,78874618
USA,BAQ,99954,78732,333733138
USA,BAQ,9072,9504,40286030
USA,BAQ,48760,65940,279214356
USA,BAQ,23027,46814,198912686
USA,BAQ,262870,243541,1032577504
USA,BAQ,173402,206330,872698228
USA,BAQ,19616,45831,195469973
USA,BAQ,25015,141303,608248005
USA,BAQ,167121,31078,131523153
USA,BAQ,38100,5426,22032033
USA,BAQ,1300,8091,34240488
USA,BAQ,60,6,26661
USA,BAQ,4680,11405,48264475
USA,BAQ,40752,37332,157292966
USA,BAQ,1177,3478,14716803
USA,BAQ,2706,5661,23956801
USA,BAQ,978,2687,10913075
USA,BAQ,3270,13639,57720679
USA,BAQ,6882,12376,52374607
USA,BAQ,18239,43021,178998081
USA,BAQ,1294,3870,16079701
USA,BAQ,23471,49405,206814469
USA,BAQ,43634,128328,536385728
USA,BAQ,5435,19036,80560924
USA,BAQ,2880,6386,27027096
USA,BAQ,2218,5547,23048948
USA,BAQ,3214,7720,31351069
USA,BAQ,5378,9990,40567367
USA,BAQ,11978,33616,136508780
USA,BAQ,2,5,20611
USA,BAQ,1,2,10463
USA,BAQ,17144,11610,49080843
USA,BAQ,263367,328971,1390750506
USA,BAQ,89600,98630,417304070
USA,BAQ,13680,48427,205916813
USA,BAQ,273000,22877,94745151
USA,BAQ,184985,2253311,9558018012
USA,BAQ,8024,447990,1890403359
USA,BAQ,39917,35381,149580310
USA,BAQ,24970,6840,30002561
USA,BAQ,98800,83068,352112792
USA,BAQ,3160000,48843,207124776
USA,BAQ,54679,147271,618238806
USA,BAQ,563400,75257,318141408
USA,BAQ,101370,1098180,4619598589
USA,BAQ,1710,94752,401640575
USA,BAQ,197600,166136,704225584
USA,BAQ,9798611,124128,531123791
USA,BAQ,30837,74900,312933912
USA,BAQ,6149,1353,5602444
USA,BAQ,0,2526,10644488
USA,BAQ,9,52,218579
USA,BAQ,1,6200,26126614
USA,BAQ,1,3919,16515813
USA,BAQ,0,18,76694
USA,BAQ,0,108,453002
USA,BAQ,2,1702,7172177
USA,BAQ,0,51,214912
USA,BAQ,0,2830,11923681
USA,BAQ,0,296,1249147
USA,BAQ,1,3456,14563480
USA,BAQ,0,1708,7197461
USA,BAQ,1,48,202271
USA,BAQ,15,223698,942656661
USA,BAQ,1,10000,42139700
USA,BAQ,181610,533821,2247849190
USA,BAQ,49464,49680,213639649
USA,BAQ,18076,245657,1043070428
USA,BAQ,179760000,732666,3161767821
USA,BAQ,18615,65325,276154928
USA,BAQ,5400,31806,133633863
USA,BAQ,4578,508695,2158578462
USA,BAQ,528,154167,651380190
USA,BAQ,84473,482111,2047074023
USA,BAQ,114846,671205,2841281042
USA,BAQ,662905,6756444,28658156038
USA,BAQ,5103,125626,530925463
USA,BAQ,88904,81600,350101944
USA,BAQ,24598,39525,166557164
USA,BAQ,9073,180036,748038778
USA,BAQ,24970,6990,29453543
USA,BAQ,24970,8338,36575445
USA,BAQ,130,26928,113633720
USA,BAQ,12,1798,7887215
USA,BAQ,8489,25388,105142625
USA,BAQ,1322,14547,61033873
USA,BAQ,12,130,552018
USA,BAQ,3005,50823,215432727
USA,BAQ,56849,448538,1864955866
USA,BAQ,15370,102375,431302033
USA,BAQ,649,15250,64299042
USA,BAQ,51,3540,15528776
USA,BAQ,9,6322,27730271
USA,BAQ,12,706,3099175
USA,BAQ,15200,319200,1341128376
USA,BAQ,54645,192790,807673853
USA,BAQ,1145300,154754,643326976
USA,BAQ,1809,293663,1242954074
USA,BAQ,13,679,2870440
USA,BAQ,406,184158,751169484
USA,BAQ,9324,53117,218954320
USA,BAQ,15356,95315,397484815
USA,BAQ,494420,5071276,21260369572
USA,BAQ,2008,118565,505735442
USA,BAQ,195,37282,156811911
USA,BAQ,6190,46581,204336413
USA,BAQ,15465,52477,224196367
USA,BAQ,23,45,186972
USA,BAQ,19,26,113735
USA,BAQ,1090,50,219333
USA,BAQ,1443,9076,38001303
USA,BAQ,1,3500,14542289
USA,BAQ,1360,3340,14016341
USA,BAQ,848,1863,8172348
USA,BAQ,1625,1512,6455861
USA,BAQ,1055,74326,319755231
USA,BAQ,407960,426318,1731206711
USA,BAQ,110660,289126,1223179347
USA,BAQ,109260000,469200,1964802040
USA,BAQ,686250,78167,326204008
USA,BAQ,1163,122891,509419305
USA,BAQ,92,14147,58781764
USA,BAQ,281,85290,354247495
USA,BAQ,519891,5768683,24414888044
USA,BAQ,401915,200617,839282104
USA,BAQ,3528,73151,309312702
USA,BAQ,67200,88160,372686702
USA,BAQ,9979,47124,195797393
USA,BAQ,1397869,1492882,6508070488
USA,BAQ,14436,113903,471722130
USA,BAQ,2300,145733,618849338
USA,BAQ,82080,55814,236128959
USA,BAQ,1584200,191825,800371065
USA,BAQ,1439,177650,730934787
USA,BAQ,115,13787,57337537
USA,BAQ,230910,2454054,10422563549
USA,BAQ,3439,16050,67763278
USA,BAQ,20160,14112,58634513
USA,BAQ,551,80,334753
USA,BAQ,90,50,203042
USA,BAQ,20,100,420455
USA,BAQ,1550,1315,5623483
USA,BAQ,320,595,2529853
USA,BAQ,232138,591643,2505413293
USA,BAQ,42174,881519,3831720029
USA,BAQ,221810000,900474,3777263223
USA,BAQ,4832,70123,284261812
USA,BAQ,17516,61917,256544260
USA,BAQ,816850,97066,415584809
USA,BAQ,33914,136352,579669672
USA,BAQ,4579,503295,2142025459
USA,BAQ,9,842,3555592
USA,BAQ,1022,375717,1568096267
USA,BAQ,80086,485712,2077337975
USA,BAQ,104383,578176,2461480997
USA,BAQ,878995,9429157,39974180631
USA,BAQ,19311,425516,1798974792
USA,BAQ,3183,135518,574509550
USA,BAQ,1556,41328,175610082
USA,BAQ,134400,157235,675079182
USA,BAQ,66678,61200,258803172
USA,BAQ,9979,47124,200263334
USA,BAQ,13306,13440,54577555
USA,BAQ,44970,14718,61916404
USA,BAQ,750,1875,7614056
USA,BAQ,970,11,45156
USA,BAQ,5020,57327,232793577
USA,BAQ,200,27894,116975549
USA,BAQ,200,1280,5425728
USA,BAQ,2,24,101732
USA,BAQ,14273,112611,478485031
USA,BAQ,48590,219075,939123596
USA,BAQ,7926,228053,990011815
USA,BAQ,35900000,123822,524862885
USA,BAQ,3028900,334535,1423477208
USA,BAQ,5130,568470,2354326128
USA,BAQ,1,87,354754
USA,BAQ,1069,452433,1874724899
USA,BAQ,19224,120214,514383629
USA,BAQ,23529,165496,714642812
USA,BAQ,556215,5832873,24668130172
USA,BAQ,1161,3494,15229564
USA,BAQ,20212,97623,425578577
USA,BAQ,65,11025,46642475
USA,BAQ,1801000,24513,102634501
USA,BAQ,9033,24360,101995564
USA,BAQ,546,5956,24187116
USA,BAQ,60,648,2631418
USA,BAQ,86,3874,16472597
USA,BAQ,8180,44190,182161059
USA,BAQ,518,80,343472
USA,BAQ,25,49,198981
USA,BAQ,13,20,87733
USA,BAQ,2,5,20935
USA,BAQ,13,19,80607
USA,BAQ,2585,100,422374
USA,BAQ,232500,26505,112046972
USA,BAQ,1000,3125,12690094
USA,BAQ,605,1242,5242966
USA,BAQ,13060,57396,243179193
USA,BAQ,3080,6739,28870398
USA,BAQ,6975,61671,259117046
USA,BAQ,1080,2290,9686405
USA,BAQ,15,326,1383706
USA,BAQ,1,31,133696
USA,BAQ,5,6665,28324317
USA,BAQ,658,16753,71235264
USA,BAQ,257,7145,30381183
USA,BAQ,300,76800,321420672
USA,BAQ,97775,19315,81872667
USA,BAQ,2588,6408,26404933
USA,BAQ,463,1240,5255369
USA,BAQ,23100,10740,45449877
USA,BAQ,20,275,1160756
USA,BAQ,1574,8855,37378551
USA,BAQ,240,878,3707182
USA,BAQ,122,1636,6907714
USA,BAQ,467,5315,22436983
USA,BAQ,106,643,2714016
USA,BAQ,1159,18945,79974022
USA,BAQ,7029,17419,73809368
USA,BAQ,9775,22662,96059717
USA,BAQ,4361,11839,49975854
USA,BAQ,102,1932,8154755
USA,BAQ,2400,4168,18281844
USA,BAQ,1200,2989,13112604
USA,BAQ,425,1501,6362344
USA,BAQ,3600,10960,48078671
USA,BAQ,4800,8184,35900425
USA,BAQ,53063,99180,425960056
USA,BAQ,996,10119,42718145
USA,BAQ,1,25400,104663748
USA,BAQ,3,50000,210698500
USA,BAQ,2,1033,4361371
USA,BAQ,1300,711,3120494
USA,BAQ,18290,27261,119586581
USA,BAQ,1000,50,211942
USA,BAQ,19,2,8241
USA,BAQ,6,597033,2424449517
USA,BAQ,3800,6599,27190735
USA,BAQ,6000,12672,52216497
USA,BAQ,2800,5670,23363915
USA,BAQ,3600,8370,34489589
USA,BAQ,2400,5978,24634715
USA,BAQ,8000,24192,99686039
USA,BAQ,6000,27971,115257038
USA,BAQ,6000,10230,42153943
USA,BAQ,73376,144119,595275539
USA,BAQ,2859,6787,27922946
USA,BAQ,596,1739,7627305
USA,BAQ,1829,4527,18384839
USA,BAQ,5906,13885,58085444
USA,BAQ,29359,90228,383501277
USA,BAQ,9,16,65806
USA,BAQ,72,93,382723
USA,BAQ,2,5,19284
USA,BAQ,3,8,32965
USA,BAQ,72,121,498430
USA,BAQ,1,4,17595
USA,BAQ,75,109,448076
USA,BAQ,144,219,901921
USA,BAQ,4704,1152,4883155
USA,BAQ,9010,4273,18112182
USA,BAQ,1600,320,1356432
USA,BAQ,1200,288,1220789
USA,BAQ,3900,908,3846756
USA,BAQ,4323,17235,72772828
USA,BAQ,48856,83198,350346258
USA,BAQ,292,557,2429406
USA,BAQ,32,2385,9876896
USA,BAQ,36,455,1933278
USA,BAQ,825,3919,16231465
USA,BAQ,3028,19945,83557087
USA,BAQ,10950,42453,175816956
USA,BAQ,318,4540,19295808
USA,BAQ,636,4657,19789965
USA,BAQ,1260,15744,66594491
USA,BAQ,551,3487,14817804
USA,BAQ,4230,14268,61698828
USA,BAQ,4461,7758,33819135
USA,BAQ,3600,7560,33163150
USA,BAQ,74,488,2020687
USA,BAQ,6513,17774,75536088
USA,BAQ,205,1620,6885083
USA,BAQ,11287,20064,84674857
USA,BAQ,24000,54118,232338990
USA,BAQ,1200,2430,10300406
USA,BAQ,3600,7514,32548096
USA,BAQ,2400,5978,25341541
USA,BAQ,2938,8829,37294737
USA,BAQ,4800,21083,92483075
USA,BAQ,534,974,4048574
USA,BAQ,10234,18994,82159715
USA,BAQ,153152,302294,1288401090
USA,BAQ,801,9288,39090950
USA,BAQ,112,379,1611150
USA,BAQ,20,2685,11410471
USA,BAQ,2058,5111,22418289
USA,BAQ,1372,3396,14894992
USA,BAQ,6765,16409,71979651
USA,BAQ,29442,91627,401935794
USA,BAQ,65,105,457736
USA,BAQ,13306,11978,50675939
USA,BAQ,6653,31416,130107165
USA,BAQ,9979,47124,199363266
USA,BAQ,3326,15708,66454422
USA,BAQ,45634,44172,179062687
USA,BAQ,24096,39005,158118530
USA,BAQ,42080,41500,178759590
USA,BAQ,24096,30462,128871996
USA,BAQ,19900,53676,226189054
USA,BAQ,19900,51606,224971196
USA,BAQ,1,5000,21933300
USA,BAQ,18755,3449,14210370
USA,BAQ,12304,42793,184717343
USA,BAQ,643,6619,27941338
USA,BAQ,19051,169576,718806507
USA,BAQ,20592,19894,83981979
USA,BAQ,4,327,1379888
USA,BAQ,61189,59485,252753040
USA,BAQ,12480,2746,11313574
USA,BAQ,40797,142145,595788620
USA,BAQ,543,5517,22402990
USA,BAQ,42210,39931,169665969
USA,BAQ,36,1292,5488518
USA,BAQ,18240,132821,556121180
USA,BAQ,24000,48300,203534751
USA,BAQ,19440,16200,67056160
USA,BAQ,16243,8640,35917312
USA,BAQ,45360,54000,224366759
USA,BAQ,13620,19854,80623719
USA,BAQ,48988,61560,259911860
USA,BAQ,24000,58800,243516084
USA,BAQ,68428,77950,329000576
USA,BAQ,16243,8734,36876161
USA,BAQ,22680,27000,112183379
USA,BAQ,7003,192491,832649143
USA,BAQ,82,2160,9184514
USA,BAQ,1004,27444,116694358
USA,BAQ,3618,104831,457724696
USA,BAQ,236,6870,29211858
USA,BAQ,1549,41268,175475250
USA,BAQ,18711,19776,83825378
USA,BAQ,191,14,59344
USA,BAQ,48600,39600,163860516
USA,BAQ,24300,18000,76299300
USA,BAQ,48600,39600,168260400
USA,BAQ,47880,39600,168059430
USA,BAQ,64440,120660,511459641
USA,BAQ,292740,185052,783137247
USA,BAQ,57562,124218,521958320
USA,BAQ,46153,79315,330866632
USA,BAQ,47512,54600,231007126
USA,BAQ,5934,63584,266906243
USA,BAQ,290597,508383,2155918601
USA,BAQ,461764,766368,3220494650
USA,BAQ,1656,16573,67300460
USA,BAQ,712,8917,36211883
USA,BAQ,155652,190686,823463405
USA,BAQ,135300,81500,345568145
USA,BAQ,619,539785,2340090082
USA,BAQ,21500,41750,176243032
USA,BAQ,46720,89864,379350991
USA,BAQ,49680,52920,224319942
USA,BAQ,21420,18827,79647833
USA,BAQ,23509,39038,165873397
USA,BAQ,19828,39960,169790040
USA,BAQ,23698,41820,173194603
USA,BAQ,23380,26600,112753410
USA,BAQ,18036,49032,199110617
USA,BAQ,21546,37905,156980904
USA,BAQ,46240,56480,235387776
USA,BAQ,22720,29678,125800590
USA,BAQ,1250,8408,35731562
USA,BOG,1250,2171,9167128
USA,BOG,981,7385,31110998
USA,BOG,630,10000,43594000
USA,BOG,2,2113,8940756
USA,BOG,0,0,436
USA,BOG,65,6014,25387862
USA,BOG,4,906,3823229
USA,BOG,7,11602,48985744
USA,BOG,3,5310,22418833
USA,BOG,2,643,2715817
USA,BOG,4,3177,13412947
USA,BOG,1,1540,6503792
USA,BOG,6,661,2788733
USA,BOG,1,1458,6156652
USA,BOG,1,267,1128776
USA,BOG,2,8000,33776720
USA,BOG,2,10000,42220900
USA,BOG,366,8784,38532421
USA,CTG,94800,269858,1138285017
USA,CTG,22303,30817,130092222
USA,CTG,1031,69734,298109854
USA,CTG,500000,28381,117536682
USA,CTG,66644,92598,390892609
USA,CTG,24073,34346,145588178
USA,CTG,1237000,21824,95140374
USA,CTG,97059,137012,578726986
USA,CTG,95060,229143,969413821
USA,CTG,17712,249226,1053574232
USA,CTG,13680,48427,204876597
USA,CTG,30556,155112,678307140
USA,CTG,48350,67757,285776807
USA,CTG,334038,797736,3359752430
USA,CTG,500000,28381,119976287
USA,CTG,13306,13440,57106560
USA,CTG,4541000,40196,168894081
USA,CTG,35536,30290,128869356
USA,CTG,4019000,211398,898378495
USA,CTG,630000,90971,384161854
USA,CTG,13501,62115,263928505
USA,CTG,7057000,69084,292103143
USA,CTG,483,33428,141466716
USA,CTG,159520,327695,1396506046
USA,CTG,9348,49625,216335051
USA,CTG,13306,13440,55842394
USA,CTG,3877700,205054,871909764
USA,CTG,1,15,63781
USA,CTG,27360,96854,411833626
USA,CTG,360000,34690,140868568
USA,CTG,600,41717,177254003
USA,CTG,3455000,22609,95239570
USA,CTG,1920000,25609,108812471
USA,CTG,164,46030,194629195
USA,CTG,8390,7060,29876862
USA,CTG,1840,1785,7553220
USA,CTG,37000,36913,149636443
USA,CVE,10813286,5314695,22467289933
PHL,BAQ,41083,144071,607832505
PHL,BAQ,27389,96047,406468361
FRA,CTG,126560,35633,150797220
FRA,CTG,127506,165933,699452435
FRA,CTG,123280,38024,162345760
FRA,CTG,64000,7226,29924317
FRA,CTG,2004,590,2588831
FRA,CTG,27648,4617,19121893
FRA,CTG,120,80,337954
FRA,CTG,22000,42460,176418752
GRC,BAQ,24682,51156,216843882
GRC,CTG,22750,46066,195876863
GRC,CTG,20270,41272,174944334
GUM,BAQ,2,21139,89363643
GUM,BAQ,2,69482,293727512
GUM,BAQ,4,55158,234536780
GUM,BAQ,3,91581,389409549
GUM,BAQ,3,30074,127877355
GTM,BAQ,6884,31347,129167715
GTM,BAQ,61,2380,10114310
GTM,BAQ,500,16725,68187654
GTM,BAQ,61000,76422,324136771
GTM,BAQ,53,15922,67651091
GTM,BAQ,2054,3098,12828494
GTM,BAQ,1875,19,77652
GTM,BAQ,20,14,59637
GTM,BAQ,1900,2522,10392204
GTM,BAQ,132,4336,17865855
GTM,BAQ,2432310,161303,664666720
GTM,BAQ,404,12800,54426752
GTM,BAQ,1167,6947,30475882
GTM,BAQ,156,3822,16766604
GTM,BAQ,36,1351,5924798
GTM,BAQ,1,18,74995
GTM,BAQ,3800,56,231084
GTM,BAQ,38750,32162,136681298
GTM,CTG,1300,57200,236889796
GTM,CTG,3336,127102,540146088
GTM,CTG,60860,83865,365599032
GTM,CTG,1200,15170,64201059
GTM,CTG,1104,29194,123548132
GTM,CTG,2481,9262,39197987
GTM,CTG,5172,7648,32364922
GTM,CTG,1785,7015,29687862
GUY,BAQ,273186,173561,733710374
GUY,CTG,1200,59385,252510365
HTI,BAQ,1184,61621,249796096
HTI,BAQ,60008,106383,466667981
HND,BAQ,489,20475,86998275
HND,BAQ,690,18963,76870681
HND,BAQ,59,53030,229552490
HND,BAQ,4850,7351,29799109
HND,CTG,41662,13732,57283064
HND,CTG,1140,48390,204271289
HND,CTG,25000,10350,42029590
HND,CTG,26000,10035,42467819
HND,CTG,2268,94130,400026775
HND,CTG,10,25,106243
HKG,BAQ,970,60000,247861500
HKG,BAQ,398,10000,43866600
IND,BAQ,64297,56584,233767174
IND,BAQ,21384,33466,145891506
IND,BAQ,20006,12804,55817060
IND,BAQ,50060,119318,520154933
IND,BAQ,108572,176612,750953676
IND,BAQ,50000,34128,144065909
IND,BAQ,310920,516010,2194348173
IND,BAQ,130664,236415,1009915417
IND,BAQ,26333,17116,72255211
IND,BAQ,225436,343262,1458080662
IND,BAQ,17350000,1526688,6271820813
IND,BAQ,19448,49382,204512262
IND,BAQ,808160,161632,682311708
IND,BAQ,19632,26377,112096470
IND,BAQ,19077,26089,107504256
IND,BAQ,258500,51700,218245863
IND,BAQ,21972,34386,145474517
IND,CTG,20483,27687,112235886
IND,CTG,21475,29773,125959009
IND,CTG,27200,17260,73043802
IND,CTG,20142,33325,140017416
IND,CTG,21306,33692,141978636
IND,CTG,64112,260709,1103312159
IND,CTG,21601,57819,245850401
IND,CTG,25037,203636,825493255
ISR,CTG,70,14388,60987048
ISR,CTG,140,32886,139399584
ITA,BAQ,128242,846400,3699026681
ITA,CTG,128250,846450,3577974622
ITA,CTG,51300,338580,1429278226
JAM,BAQ,2,10000,42273900
JAM,BAQ,51775,67092,276462615
JAM,BAQ,17850,139535,589029838
JAM,BAQ,2082,100983,427221551
JAM,BAQ,3036,21959,93303366
JAM,BAQ,7550,7172,29126303
JAM,BAQ,1,462,1960383
JAM,CTG,3738,10080,42476818
JAM,CTG,18400,23472,95316614
JPN,BAQ,100000,409159,1729674665
JPN,BAQ,20477,85410,362042001
JPN,BAQ,16189,102209,433249552
JPN,CTG,4760500,160418,696209655
JPN,CTG,0,0,44
JPN,CTG,1631,10,44963
JPN,CTG,16803,1,4239
MYS,BAQ,24006,35116,148852050
MYS,BAQ,70104,158002,664154192
MYS,BAQ,140496,221659,937015325
MYS,BAQ,115752,183331,763680946
MYS,CTG,19226,4797,20333763
MEX,BAQ,13680,70482,299479038
MEX,BAQ,642,24160,99930297
MEX,BAQ,7502420,6966568,29259153360
MEX,BAQ,19055,840423,3579545771
MEX,BAQ,500053,473795,2008346868
MEX,BAQ,2570,98460,407840222
MEX,BAQ,6500,70850,300322522
MEX,CTG,228000,577744,2534366495
MEX,CTG,5000000,21500,88593330
MEX,CTG,2725,114697,503135294
MEX,CTG,9230,264663,1090576063
MEX,CTG,20,3,12362
MEX,CTG,91200,263360,1155270778
MEX,CTG,5750000,25700,112737162
MEX,CTG,18579,527202,2299306120
MEX,CTG,5000,3,13160
MEX,CTG,2,3,13160
MEX,CTG,1,3000,12641910
MEX,CTG,1096,45875,194922110
MEX,CTG,1280,44280,187697550
NIC,BAQ,23075,16950,69845333
NIC,BAQ,2,1608,7053662
NGA,CTG,109202,81783,358754653
NGA,CTG,27006,64432,282641277
NOR,BAQ,16150400,5632129,23399333667
NZL,BAQ,30500000,141455,585825981
NZL,BAQ,3501,74975,317475595
NLD,BAQ,48000,8342,34929712
NLD,BAQ,16720,376371,1599467602
NLD,CTG,26941,42128,178091106
NLD,CTG,12320,140917,572238722
NLD,CTG,5124,77201,318115985
NLD,CTG,25230,52137,221001304
PAN,BAQ,24766,10502,45027710
PAN,BAQ,14076,9712,40074786
PAN,BAQ,9792,6650,28142600
PAN,BAQ,53145,18562,78683653
PAN,BAQ,435000,22770,96765897
PAN,BAQ,28515,155991,660525415
PAN,BAQ,40051,29232,123780600
PAN,BAQ,3845,28961,123054737
PAN,BAQ,355564,570553,2441908320
PAN,BAQ,18750,30579,128036463
PAN,BAQ,47360,66312,285098316
PAN,BAQ,143801,228088,980618362
PAN,BAQ,1545,2334,10237850
PAN,BAQ,1065,360,1495778
PAN,BAQ,264,20261,86090434
PAN,BAQ,11226,116825,500640180
PAN,BAQ,366,2910,12364590
PAN,BAQ,17802,26010,110516915
PAN,BAQ,58345,90589,393718313
PAN,BAQ,200,456,1925273
PAN,BAQ,76400,9920,42425172
PAN,BAQ,292,595,2414448
PAN,BAQ,19,56,228340
PAN,BAQ,2169,12683,52698143
PAN,BAQ,14246,50093,208133825
PAN,BAQ,16224,2677,11278379
PAN,BAQ,16000,176,741400
PAN,BAQ,250,92,375627
PAN,BAQ,96,21161,89912282
PAN,BAQ,14,15125,64264085
PAN,BAQ,2,60,243650
PAN,BAQ,30,45,182331
PAN,BAQ,10718,21032,88888375
PAN,BAQ,120,1322,5582324
PAN,BAQ,49,1750,7388868
PAN,BAQ,2640,15708,65265798
PAN,BAQ,224,842,3419422
PAN,BAQ,325,15663,68496461
PAN,BAQ,43,323,1311811
PAN,BAQ,40,260,1053785
PAN,BAQ,59,56,227406
PAN,BAQ,8692,46072,192898120
PAN,BAQ,4,7920,33652080
PAN,BAQ,2,54880,228023107
PAN,BAQ,4,5400,21928482
PAN,BAQ,10,6212,26395723
PAN,BAQ,110,41,165276
PAN,BAQ,56,341,1383281
PAN,BAQ,6,487,1978639
PAN,BAQ,2,160,649733
PAN,BAQ,104,194,789750
PAN,BAQ,2,20,81217
PAN,BAQ,713,120273,499772334
PAN,BAQ,55,11240,45643729
PAN,BAQ,5,37,152078
PAN,BAQ,223,11110,46161383
PAN,BAQ,231580,13919,58758372
PAN,BAQ,29,845,3566652
PAN,BAQ,53385,17394,73870491
PAN,BAQ,39323,210093,903665046
PAN,BAQ,42098,29610,129293297
PAN,BAQ,3010,20535,87254957
PAN,BAQ,61,99,434718
PAN,BAQ,5200,10584,44600658
PAN,BAQ,1600,17568,77064843
PAN,BAQ,38,25954,109560268
PAN,BAQ,24826,14970,63654127
PAN,BAQ,4090000,39348,167187528
PAN,BAQ,17341,21597,87549663
PAN,BAQ,32,130,543641
PAN,BAQ,40,0,42
PAN,BAQ,31,0,42
PAN,BAQ,7,14,61413
PAN,BAQ,17,18,78784
PAN,BAQ,320,21291,90073537
PAN,BAQ,345,163049,688177675
PAN,BAQ,295,112850,476192876
PAN,BAQ,3404,13560,57627980
PAN,BAQ,206,145919,615735150
PAN,BAQ,263,68623,289685120
PAN,BAQ,17600,19888,83778200
PAN,BAQ,2352,6209,26277487
PAN,BAQ,82,4216,17840293
PAN,BAQ,8180,11153,47395443
PAN,BAQ,4000,40,169279
PAN,BAQ,4,1,3386
PAN,BAQ,44,9,37241
PAN,BAQ,40,8,33856
PAN,BAQ,676,408,1716325
PAN,BAQ,1190,10597,44524958
PAN,BAQ,185,159396,691103162
PAN,BAQ,25861,38538,156223519
PAN,BOG,61,1392,5885541
PAN,BOG,103,5537,23544673
PAN,CTG,2906,28000,117236280
PRY,BAQ,277,10632,44887150
PRY,BAQ,296,17298,73033713
PER,BAQ,1164,46012,197510390
PER,BAQ,48,1500,6345914
PER,BAQ,54800,38360,163110172
PER,BAQ,27067680,4195490,17710801220
PER,BOG,264,9996,40521385
PER,BOG,411650,18733,77190750
PER,BOG,873,36565,155390859
PER,BOG,2688,84,345720
PER,CTG,65828,245538,1034330679
PER,CTG,2965,127786,540786815
PER,CTG,2814,142311,600749937
PER,CTG,3198,102100,431001808
PER,CTG,3248,134652,568514636
PER,CTG,45,4334,18298327
POL,BAQ,75000,194702,854089282
PRI,BAQ,74189,126077,553058161
PRI,BAQ,22810,32756,143690532
PRI,BAQ,26202,36231,158934000
PRI,BAQ,46800,22561,98968314
PRI,BAQ,100000,41600,182485056
PRI,BAQ,8496,22478,95406461
PRI,BAQ,12259,26146,108611960
PRI,BAQ,10291000,88690,389052656
PRI,BAQ,8654,21776,91940232
PRI,BAQ,104782,119591,485638558
PRI,BAQ,1911,10970,48123854
PRI,BAQ,93600,70331,308517307
PRI,BAQ,8613,16814,73300826
PRI,BAQ,684,1748,7619359
PRI,BAQ,1640000,36671,151106432
PRI,BAQ,1842,17445,74136191
PRI,BAQ,52405,72382,312167989
PRI,BAQ,23040,25600,108774400
PRI,BAQ,6,5670,23996370
PRI,CTG,100000,42476,185169874
PRI,CTG,11,27000,111256740
PRI,CTG,46800,35384,149056785
PRI,CTG,6,2970,12564912
PRI,CTG,400,2624,11101121
PRI,CVE,16028219,7710897,31962074153
GBR,BAQ,22000000,6497480,27541843098
GBR,CTG,13971,18698,82023523
DOM,BAQ,682,24272,102377664
DOM,BAQ,210,15038,63571998
DOM,BAQ,573,5110,22415833
DOM,BAQ,100,4846,21257710
DOM,BAQ,75,9185,38826717
DOM,BAQ,24056,27341,119936592
DOM,BAQ,1,4495,19719221
DOM,BAQ,2,25902,109497348
DOM,BAQ,1,77706,328492046
DOM,BAQ,2,129828,569510505
DOM,BAQ,1,10977,48153990
DOM,BAQ,1,242,1060958
DOM,BAQ,3392,118980,495305054
DOM,BAQ,45,45845,199856692
DOM,BAQ,291,45151,198060156
DOM,BAQ,304286,392773,1644544311
DOM,BAQ,208080,118034,499355144
DOM,BAQ,66714,75423,306278032
DOM,BAQ,3280,122416,520326151
DOM,BAQ,428000,163924,714610286
DOM,BAQ,208080,120354,524670530
DOM,BAQ,21760,20480,83021005
DOM,BAQ,21760,20480,86272000
DOM,BAQ,2,1936,8492003
DOM,BAQ,11314,16601,72821714
DOM,CTG,16,8142,34512717
DOM,CTG,9033,34155,141449506
DOM,CTG,25,7593,32185588
DOM,CTG,25500,3086,12529691
DOM,CTG,19568,10231,42156250
DOM,CTG,120,720,2991557
DOM,CTG,219,10122,42056303
KNA,BAQ,1799850,237580,1000806593
LCA,BAQ,1125,51096,216587644
ZAF,BAQ,10604700,3448504,13979407575
SWE,BAQ,9637830,3922597,16600312022
CHE,BAQ,8576,416,1741796
CHE,BAQ,2247800,132534,554920765
CHE,BAQ,24,60,251221
SUR,BAQ,200,36248,146940692
THA,BAQ,72724,33516,141565145
THA,BAQ,20698,33427,135506130
THA,BAQ,21973,30453,123448424
THA,BAQ,25410,60565,264025928
THA,BAQ,26475,70180,305943520
THA,BAQ,100000,243510,1019578805
THA,BAQ,21660,35414,154384228
THA,BAQ,21925,90737,385604279
THA,BAQ,20154,32649,138727640
TTO,BAQ,11420,507716,2109501432
TTO,BAQ,2272000,23110,98195792
TTO,BAQ,1589088,62530,274296183
TTO,BAQ,518,7,30707
TTO,BAQ,960,12118,53157370
TTO,BAQ,552,14579,63951011
TTO,BAQ,1437,9553,41904140
TTO,BAQ,922,2471,10840841
TTO,BAQ,7435,10602,46509387
TTO,BAQ,238,1906,8362553
TCA,BAQ,5245,100198,406180185
TCA,BAQ,1400,54780,231574564
TUR,BAQ,22400000,133078,540407866
TUR,BAQ,9423,240013,1007124173
TUR,CTG,105407,39991,169921504
URY,BAQ,4,6188,25999068
VEN,CUC,32235,30946,131509826
VEN,MAI,126773,105860,449875490
VEN,MAI,32050,8893,39010129
VEN,MAI,29950,29650,124146940
VEN,MAI,45855,34391,143578942
VEN,MAI,15532,12015,52107242
VEN,MAI,189880,143322,611904820
VEN,MAI,5000,3750,15895688
VEN,MAI,27690,25486,103496344
VEN,MAI,8326,7288,30265319
VEN,MAI,55399,61877,262653086
VEN,MAI,5200,49893,211145341
VEN,MAI,28030,19385,78582705
VEN,MAI,29750,21819,91944021
VEN,MAI,1030,4607,19497236
VNM,BAQ,60000,263935,1157793107
XCF,BAQ,60,121,508205
XCF,BAQ,42,313,1319942
XCF,BAQ,146,650,2851329
XCF,BAQ,56,202,851559
XCF,BAQ,176,393,1656596
XCF,BAQ,8,394,1661316
XCF,BAQ,0,671,2826394
XCF,BAQ,65,24,100630
XCF,BAQ,0,1058,4460066
XCF,BAQ,46400,6261,25800520
ABW,CLO,1932,38922,161192738
SAU,BOG,288,6051,25547360
SAU,BOG,414,10772,45481789
SAU,BOG,1148,34492,145630017
ARG,BOG,1,15500,63869610
ARG,BOG,467,19233,79253574
ARG,CLO,44,38586,163560648
ARG,CLO,1,1435,6295340
ARG,CTG,4736,59082,249761134
AUS,BUN,49,929,4047790
AUS,BUN,103,2594,11306322
BLZ,CLO,352,4152,17599705
BOL,BOG,3,5817,24592419
BOL,BOG,275,11000,46337500
BOL,BOG,126517,132412,561274733
BOL,CLO,740,14192,57632112
BOL,CLO,425,5547,24333242
BOL,CLO,363,5377,23587027
BOL,CLO,2382,63563,277815176
BOL,CLO,792,3582,15714113
BOL,CLO,26,265,1164483
BRA,BOG,480,1048,4424017
BRA,BOG,620,1270,5361165
BRA,BOG,474,20000,84427800
BRA,BOG,1047,8554,36345904
BRA,CLO,5,4556,19312964
CMR,BOG,705,27000,113737500
CAN,BOG,404,1866,7911729
CAN,BOG,380,4559,18941790
CAN,CLO,17,14694,62286849
CAN,CLO,614,4722,19935273
CAN,CTG,159,3247,13735860
COL,CLO,17,206,854476
COL,CLO,179,2501,10489588
COL,CLO,8,90,378237
COL,CLO,34,540,2277440
COL,CLO,54,191,804235
COL,CLO,711,2987,12568928
COL,CLO,41,872,3682741
COL,CLO,9,52,218246
COL,CLO,44,626,2619966
COL,CLO,153,2347,9843169
COL,CLO,25,381,1607083
COL,CLO,0,3,10540
COL,CLO,9,125,513429
COL,CLO,8,116,487853
COL,CLO,3,11,46151
COL,CLO,152,784,3229742
COL,CLO,62,1172,4896919
COL,CLO,7,81,339698
COL,CLO,1,12,48652
COL,CLO,8,123,507660
COL,CLO,14,206,850908
COL,CLO,26,532,2218711
CRI,BOG,55,2600,11021010
CRI,BOG,150,7500,31791375
CRI,BOG,296,119107,517492889
CRI,BOG,234,1402,5960580
CRI,BOG,139,840,3547611
CRI,BOG,21,1088,4774002
CRI,BOG,52,2984,13087600
CRI,BUN,239700,14160,59784414
CRI,BUN,273000,6912,29181355
CRI,BUN,1546,32582,137566121
CRI,BUN,4884,47137,199017163
CRI,BUN,4950,4604,19560272
CRI,BUN,359000,521439,2215594056
CRI,CLO,417610,503678,2123880790
CRI,CLO,27,600,2543310
CRI,CLO,49,5686,24062981
CRI,CLO,324,18970,80410984
CRI,CLO,1703,12728,53679271
CRI,CLO,21,567,2374035
CRI,CLO,1000,1066,4463353
CRI,CLO,1144,998,4178971
CRI,CLO,500,596,2495458
CRI,CLO,5600,2783,11652449
CRI,CLO,582,4404,18147210
CUW,CLO,250,1525,6689656
CUW,CLO,521,5161,22639552
CUW,CLO,252,3161,13867110
CUW,CLO,187,3192,14000025
CUW,CLO,175,3304,14494841
CHL,BOG,558,2585,11341095
CHL,BOG,23,5550,24196021
CHL,BOG,10,4452,19529542
CHL,BOG,690,4440,18820494
CHL,BOG,8,6745,29405374
CHL,BOG,10368,2986,12304089
CHL,BOG,74,2294,9500440
CHL,BOG,84,1554,6435782
CHL,BOG,84,1680,6957602
CHL,BOG,202,3153,13057929
CHL,BOG,128,1600,6626288
CHL,BOG,366,4404,18322762
CHL,BOG,240,2460,10329910
CHL,BOG,69,787,3260506
CHL,BOG,74,1221,5056686
CHL,BOG,60,1170,4845473
CHL,BOG,70,2205,9369045
CHL,BOG,194,7148,30134337
CHL,BOG,204,5361,22665295
CHL,BOG,34,1003,4153854
CHL,BOG,199,5274,21994732
CHL,BOG,124,2088,8647306
CHL,BOG,139,3361,13919346
CHL,BOG,1259,24540,101999622
CHL,BOG,84,969,4013046
CHL,BOG,394,7960,33442318
CHL,BOG,440,7053,29758092
CHL,BOG,144,2985,12362169
CHL,BOG,359,6531,27047679
CHL,BOG,108,2525,10457111
CHL,BOG,258,7369,30705369
CHL,BOG,8801,528,2198976
CHL,BOG,25,4665,19742140
CHL,BOG,120,1443,5995578
CHL,BOG,130,2980,12381721
CHL,BOG,60,1170,4861280
CHL,BOG,867,7772,32290114
CHL,BOG,244,2292,9523122
CHL,BOG,80,940,3905644
CHL,BOG,286,10053,41769612
CHL,BOG,184,4844,20126529
CHL,BOG,60,1050,4362687
CHL,BOG,692,12249,50893860
CHL,BOG,221,4186,17392579
CHL,BOG,568,8445,35088467
CHL,BOG,60,780,3240853
CHL,BOG,227,4918,20431917
CHL,BOG,102,1947,8089668
CHL,BOG,198,5918,24588935
CHL,BOG,40,360,1495778
CHL,BOG,60,29942,126132360
CHL,BUN,292,2739,11286213
CHL,BUN,2418,26525,109300105
CHL,CLO,450,322610,1360523310
CHL,CLO,25000,15365,64861657
CHL,CLO,155,7257,30052867
CHL,CLO,60,688,2859430
CHL,CLO,520,4316,17931267
CHL,CLO,115,862,3554035
CHL,CLO,64,1216,5010674
CHL,CLO,477,9062,37338998
CHL,CLO,168,3990,16441274
CHL,CLO,64,640,2637197
CHL,CLO,156,2226,9172500
CHL,CLO,364,5678,23396880
CHL,CLO,20000,10620,44831162
CHL,CLO,480,77,316464
CHL,CLO,190,184,759430
CHL,CLO,1360,82,336243
CHL,CLO,28,6337,26112204
ECU,BOG,150,3504,15370857
ECU,BOG,86,4257,17687580
ECU,BOG,193,6446,26780666
ECU,BOG,30,954,3963813
ECU,BOG,96,3309,13748696
ECU,BOG,61,2166,8997523
ECU,BOG,87,2198,9134636
ECU,BOG,328,9608,39920664
ECU,BOG,896,16586,68913834
ECU,BOG,395,6539,27169153
ECU,BOG,3,78,324085
ECU,BOG,90,3465,14396867
ECU,BOG,189,7186,29855321
ECU,BOG,51,2474,10277244
ECU,BOG,133,4964,20623045
ECU,BOG,55,2502,10397737
ECU,BOG,3,106,442501
ECU,BOG,153,6852,28467571
ECU,BOG,139,4934,20502551
ECU,BOG,3118,76697,318671433
ECU,BOG,105,2940,12215524
ECU,BOG,75,1962,8154070
ECU,BOG,262,6838,28411480
ECU,BOG,447,13538,56247500
ECU,BOG,704,20322,84434613
ECU,BOG,82,1968,8176922
ECU,BOG,211,7190,29874019
ECU,BOG,58,1508,6265650
ECU,BOG,6,177,735424
ECU,BOG,200,1185,4907595
ECU,BOG,104,13428,56567346
ECU,BOG,2037,2139,8816025
ECU,BOG,4,141,580348
ECU,BOG,32,724,2983329
ECU,BOG,45,33,137217
ECU,BOG,14,856,3528281
ECU,BOG,5,226,930189
ECU,BOG,8,176,725229
ECU,BOG,8,1811,7460630
ECU,BOG,14,4440,17998694
ECU,BOG,3,7418,31166950
ECU,BOG,0,72,317726
ECU,BOG,0,72,317594
ECU,BOG,1,217,953177
ECU,BOG,0,72,317726
ECU,BOG,0,72,317726
ECU,BOG,0,72,317682
ECU,BOG,2,362,1588761
ECU,BOG,0,72,317682
ECU,BOG,187,1658,7273082
ECU,BOG,128,6262,26436455
ECU,BOG,125,2476,10524279
ECU,BOG,100,413,1754068
ECU,BOG,50,774,3288851
ECU,BOG,12,223,947175
ECU,CLO,18,15546,67088773
ECU,CLO,132,1511,6629998
ECU,CLO,1364,24151,102953782
ECU,CLO,66,1416,6210195
ECU,CLO,168,20081,84078469
ECU,CLO,40,438,1838169
ECU,CLO,60,802,3370467
ECU,CLO,1908,41048,171470663
ECU,CLO,205,1709,7180835
ECU,CLO,50,519,2180594
ECU,CLO,36,576,2420081
ECU,CLO,286,5572,23692645
ECU,CLO,40,71,308863
ECU,CLO,6447,1766,7697523
ECU,CLO,2000,94,411833
ECU,CLO,57,661,2882828
ECU,CLO,15000,1899,8277760
ECU,CLO,0,23,99743
ECU,CLO,1,97,422862
ECU,CLO,1,294,1280617
ECU,CLO,1,68,298532
ECU,IPI,53856,77516,314230733
ECU,IPI,29,224,909948
ECU,IPI,429120,19825,83704370
ECU,IPI,429120,15148,63955966
ECU,IPI,20784,14928,60515705
ECU,IPI,54,309,1251477
ECU,IPI,54,270,1096218
ECU,IPI,4,1013,4106418
ECU,IPI,8,802,3252129
ECU,IPI,109,6020,24401608
ECU,IPI,35,10226,41453790
ECU,IPI,38,3702,15007911
ECU,IPI,464,20874,84618227
ECU,IPI,35,4932,19993509
ECU,IPI,12,26,104506
SLV,BOG,11,2286,9669694
SLV,BOG,17,5790,24057103
SLV,BOG,400,108626,452711561
SLV,BOG,4,13277,54709307
SLV,BOG,16,19557,80588284
SLV,BOG,203,71321,303094672
SLV,BOG,1232,10169,42115610
SLV,BOG,582,140058,567762856
SLV,BOG,500,3800,16146200
SLV,BOG,61200,2632,11472197
SLV,BUN,3002,5490,22812199
SLV,CLO,11280,26320,111105296
SLV,CLO,25774,8531,37190870
SLV,CLO,1019,7523,31689079
ESP,CLO,51840,97328,409232973
ESP,CLO,275,33548,135994324
ESP,CLO,159,15686,66226226
ESP,CLO,681,603247,2602391575
ESP,CLO,29,605,2493882
ESP,CLO,10,249,1025499
ESP,CLO,100,1530,6305702
ESP,CLO,10,164,676400
ESP,CLO,11,146,600003
ESP,CLO,85,1314,5415442
ESP,CLO,365,3773,15548170
ESP,CLO,50,646,2661879
ESP,CLO,60,1472,6065676
ESP,CLO,20,392,1614624
ESP,CLO,10,365,1505510
ESP,CLO,10,291,1200048
ESP,CLO,10,244,1003659
ESP,CLO,11,338,1392028
ESP,CLO,20,408,1680059
ESP,CLO,10,154,632762
ESP,CLO,11,116,480011
ESP,CLO,10,148,610923
ESP,CLO,343,7559,31148467
ESP,CLO,80,1260,5192846
ESP,CLO,39,660,2720804
ESP,CLO,99,1594,6569628
ESP,CLO,192,2970,12237294
ESP,CLO,29,466,1920085
ESP,CLO,20,588,2421894
ESP,CLO,10,154,632762
ESP,CLO,8640,16044,68170956
ESP,CLO,692,9155,38709214
ESP,CLO,350,300,1266103
ESP,CLO,4600,2342,9652552
ESP,CLO,350,4,14796
ESP,CLO,9,386,1631773
ESP,CLO,70,3823,16161312
ESP,CLO,135,1881,7949818
ESP,CLO,34,1048,4464707
ESP,CLO,23,460,2011493
ESP,CLO,63,3181,13847255
ESP,CLO,52,1468,6205809
ESP,CLO,14,191,837852
ESP,CLO,19,1444,6334337
ESP,CLO,27,1134,4974472
ESP,CLO,1,44,193013
ESP,CLO,20,480,2105597
ESP,CLO,281,6968,29807352
ESP,CLO,31,912,3865892
ESP,CLO,9,162,710639
ESP,CLO,74,1848,8032009
ESP,CLO,1505,36010,151280633
ESP,CLO,133,1536,6495781
ESP,CLO,25,442,1867450
ESP,CLO,7,1288,5650018
ESP,CLO,1644,104,430481
ESP,CLO,41,700,2974797
ESP,CLO,1720,30848,131095054
ESP,CLO,10,12,48872
ESP,CLO,23,804,3386850
ESP,CLO,31,1113,4688512
ESP,CLO,30,660,2804809
ESP,CLO,56,1232,5189800
ESP,CLO,24,600,2527500
ESP,CLO,29,422,1779781
ESP,CLO,23,690,2906625
ESP,CLO,3,309,1301662
ESP,CLO,24,1431,6028088
ESP,CLO,21,691,2910838
ESP,CLO,29,895,3770188
ESP,CLO,10,200,842500
ESP,CLO,22,484,2038850
ESP,CLO,22,506,2131525
ESP,CLO,26,1040,4381000
ESP,CLO,33,1038,4372575
ESP,CLO,1792,42236,179490752
ESP,CLO,537,10203,43359791
ESP,CLO,46,440,1869872
USA,BOG,899140,235066,979797311
USA,BOG,132000,23432,97041988
USA,BOG,1951690,1314533,5480832026
USA,BOG,18000,2510,10593916
USA,BOG,193680,142530,596650901
USA,BOG,1260,15591,64779670
USA,BOG,2,2760,12031943
USA,BOG,18,4114,16953178
USA,BUN,2108,39396,166670973
USA,BUN,13154,178170,753768884
USA,BUN,6188,81011,342724424
USA,CLO,520,12428,51469692
USA,CLO,490,12971,53450334
USA,CLO,50,174,737341
USA,CLO,75,3334,14092723
USA,CLO,60,2487,10515506
USA,CLO,15,302,1276756
USA,CLO,80,5751,24309775
USA,CLO,10,91,384650
USA,CLO,180,1991,8416818
USA,CLO,25,455,1924435
USA,CLO,40,3208,13563539
USA,CLO,50,2068,8711492
USA,CLO,5,87,366066
USA,CLO,122,7029,29610758
USA,CLO,15,416,1754211
USA,CLO,11,743,3088242
USA,CLO,39,2688,11169144
USA,CLO,1,332,1380977
USA,CLO,12,1272,5284876
USA,CLO,3,106,439717
USA,CLO,0,0,582
USA,CLO,286,255696,1107920698
USA,CLO,10,282,1192950
USA,CLO,30,375,1586989
USA,CLO,248,4368,18485245
USA,CLO,128,2418,10232396
USA,CLO,445,7425,31421319
USA,CLO,3990,69522,294217134
USA,CLO,886,4483,19543888
USA,CLO,1455,63070,262053188
USA,CLO,1362,43261,179748147
USA,CLO,7258,67476,284906035
USA,CLO,2053,33386,141076204
USA,CLO,224,3189,13479836
USA,CLO,1800,22995,97070314
USA,CLO,674600,505889,2111964243
USA,CLO,118,3721,15710397
USA,CLO,490,5388,22785307
USA,CLO,408,9883,41823755
USA,CLO,208,5131,21713307
USA,CLO,773,7917,33101443
USA,CLO,2000,19462,82694038
USA,CLO,1,11,46730
USA,CLO,500,70,296238
USA,CLO,488,5419,22967560
USA,CLO,356,2167,9163072
USA,CLO,3,28,120018
USA,CLO,1301,11001,46342429
USA,CLO,435,3381,14245308
USA,CLO,84,274,1161911
USA,CLO,20,174,736216
USA,CLO,75,615,2605061
USA,CLO,1990,16179,68338823
USA,CLO,71,1161,4897381
USA,CLO,46,575,2433383
USA,CLO,153,1510,6360075
USA,CLO,61,936,3969641
USA,CLO,158,2462,10410566
USA,CLO,637,14003,59074666
USA,CLO,280,7485,31824582
USA,CLO,417,7838,32924385
USA,CLO,194,4094,17318583
USA,CLO,2,37,156615
USA,CLO,173,2270,9645002
USA,CLO,190,1378,5695562
USA,CLO,4,31,130012
USA,CLO,777,9651,40652773
USA,CLO,5700,80402,340314698
USA,CLO,2385,51416,224144654
USA,CLO,1051,10613,44488740
USA,CLO,6309,115096,497866451
USA,CLO,449,5628,23869710
USA,CLO,260,3480,14765650
USA,CLO,978,14943,62545875
USA,CLO,3622,50326,210771896
USA,CLO,286,2746,11407803
USA,CLO,210,1963,8317655
USA,CLO,60,629,2672218
USA,CLO,36,7585,33066048
USA,CLO,3,30045,131797200
USA,CLO,27,302,1282817
USA,CLO,1866,23465,99303980
USA,CLO,227,6926,29242195
USA,CLO,915,9420,38253019
USA,CLO,30,7213,30492164
USA,CLO,96,345,1452303
USA,CLO,6666,34899,147517455
USA,CLO,3000,21248,89890224
USA,CLO,376,10824,45757185
USA,CLO,1678,18250,74110148
USA,CLO,5,341,1417873
USA,CLO,4,108,447903
USA,CLO,3000,2940,12410887
USA,CLO,69,297,1262164
USA,CLO,28,760,3087530
USA,CLO,100,648,2631418
USA,CLO,1,1031,4185660
USA,CLO,724,9933,40337361
USA,CLO,4255,74633,303070707
USA,CLO,120,1553,6305657
USA,CLO,376,11624,47201301
USA,CLO,14,5250,22193798
USA,CLO,750,7691,32538468
USA,CLO,152,6300,26788167
USA,CLO,500,8830,36971298
USA,CLO,7000,114000,482180060
USA,CLO,195,7800,32857500
USA,CLO,390,1876,7972722
USA,CLO,434,985,4186635
USA,CLO,20,4867,21215456
USA,CLO,119750,14165,61072223
USA,CLO,20000,7550,32913469
USA,CLO,305,1168,5001289
USA,CLO,3341,48992,208256749
USA,CLO,4669,79320,337212942
USA,CLO,762,21955,93325504
USA,CLO,2000,20,84428
USA,CLO,4000,40,168458
USA,CLO,106000,17235,72484866
USA,CLO,11000,3770,15875516
USA,CLO,200,40,168856
USA,CLO,334,6565,27188488
USA,CLO,1020,17340,71812396
USA,CLO,420,7938,33509394
USA,CLO,5074,103336,428399854
USA,CLO,1800,25947,108716643
USA,CLO,26,5,21535
USA,CLO,474,8514,35328499
USA,CLO,1258,8806,36286180
USA,CLO,170,2550,10507581
USA,CLO,5,116,481142
USA,CLO,105,105,446145
USA,CLO,26,0,1077
USA,CLO,423,127,525547
USA,CLO,226,5486,23310014
USA,CLO,1000,300,1256103
USA,CLO,29,144,596638
USA,CLO,559,5634,23334018
USA,CLO,58,905,3790835
USA,CLO,769,12489,52307296
USA,CLO,453,3632,15041177
USA,CLO,2852,17232,71363092
USA,CLO,39,340,1407589
USA,CLO,248,3004,12439779
USA,CLO,175,13836,58130268
USA,CLO,1377,8294,34349724
USA,CLO,2,25,103874
USA,CLO,443,6498,26909977
USA,CLO,98,1485,6148036
USA,CLO,776,15549,64858675
USA,CLO,301,4816,20234568
USA,CLO,307,3582,14836466
USA,CLO,3511,51724,217448923
USA,CLO,62,385,1594533
USA,CLO,4,73,301316
USA,CLO,802,5288,21899965
USA,CLO,785,6202,26369761
USA,CLO,30,5074,21318143
USA,CLO,10,110,458990
USA,CLO,4507,109251,462254942
USA,CLO,1070,31540,134013460
USA,CLO,3087,103893,441241197
USA,CLO,200,200,849800
USA,CLO,500,500,2124500
USA,CLO,2,6,25494
USA,CLO,67,503,2137247
USA,CLO,460,7981,33481247
USA,CLO,832,11954,50150156
USA,CLO,10,10,42490
USA,CLO,880,24024,101414673
USA,CLO,1007,11761,49771014
USA,CLO,49,159,675037
USA,CLO,804,4805,20368098
USA,CLO,225,3907,16535873
USA,CLO,52,337,1427221
USA,CLO,10,70,298839
USA,CLO,208,3446,14584427
USA,CLO,251,3747,15858461
USA,CLO,9,9,37683
USA,CLO,52,52,217725
USA,CLO,57,57,238660
USA,CLO,57,57,238660
USA,CTG,6312,141468,597290206
USA,CTG,11992,350229,1478699667
USA,CTG,3152,15906,67156521
USA,CTG,939,14379,59248541
USA,CTG,653,11970,49324893
USA,CTG,14,189,779044
USA,MDE,1,30,128607
USA,MDE,47,1232,5220356
USA,MDE,1,18,78292
USA,MDE,1,16,67143
USA,MDE,1,18,76215
USA,MDE,1226,37715,159866829
USA,MDE,36,1447,6134633
USA,MDE,676,15836,67125072
USA,MDE,124,4209,17841320
USA,MDE,45,963,4080995
USA,MDE,23,498,2111244
USA,MDE,1632,18547,76426787
USA,MDE,740,13020,53651503
FRA,BOG,39,1797,7295687
FRA,BOG,57,2586,10500494
FRA,BOG,60,2400,9745992
FRA,BOG,106,2497,10522999
FRA,BOG,63,1197,5044417
FRA,BOG,219,5445,22946542
FRA,BOG,10,160,649733
FRA,BOG,0,2,6497
FRA,BOG,0,1,3249
FRA,CLO,65,912,3820647
GTM,BOG,299,4425,18801825
GTM,BOG,13,6809,28463517
GTM,BOG,6,8741,36960927
GTM,BOG,757,456479,1932240263
GTM,BOG,317,1780,7228277
GTM,BOG,500000,185200,787487068
GTM,BOG,3,2478,10063062
GTM,BOG,32,9624,39081347
GTM,BOG,77,49660,201661508
GTM,BOG,13,2522,10717168
GTM,BOG,0,2,9645
GTM,BOG,56,3049,12954819
GTM,BOG,11,4955,20084435
GTM,BOG,3,4940,20025291
GTM,BOG,300,171385,694754306
GTM,BOG,5,148,626728
GTM,BOG,75,1221,5188029
GTM,BOG,90,1406,5974094
GTM,BOG,14,497,2111753
GTM,BOG,27,958,4072666
GTM,BOG,32,933,3964317
GTM,BOG,310,8688,36913188
GTM,BOG,22,594,2523906
GTM,BOG,21,546,2319954
GTM,BOG,64,1549,6581701
GTM,BOG,21,746,3167630
GTM,BOG,3060,7371,30526481
GTM,BOG,567,8807,36358379
GTM,BOG,10000,5757,24462173
GTM,BOG,30,1365,5653052
GTM,BOG,53,1272,5267899
GTM,BOG,101,1714,7098411
GTM,BOG,30,510,2112129
GTM,BOG,28,392,1623441
GTM,BOG,38,1064,4406482
GTM,BOG,8,284,1176166
GTM,BOG,50,1475,6108609
GTM,BOG,21,830,3435316
GTM,BOG,131,3696,15304655
GTM,BOG,51,1416,5866336
GTM,BOG,95,2480,10270746
GTM,BOG,55,1368,5665476
GTM,BOG,21,504,2087281
GTM,BOG,20,790,3271730
GTM,BOG,918,7838,32815691
GTM,BOG,172,2236,9462685
GTM,BOG,618,7480,31332091
GTM,BOG,1,2350,9992412
GTM,BOG,140,425,1864330
GTM,BUN,138424,18530,78233766
GTM,BUN,131856,7085,29914901
GTM,BUN,50000,592,2500491
GTM,BUN,730000,16685,70444812
GTM,CLO,81,1296,5685111
GTM,CLO,8,128,561492
GTM,CLO,10,355,1557264
GTM,CLO,10,355,1557264
GTM,CLO,16,464,2035410
GTM,CLO,20,710,3114529
GTM,CLO,591,12429,54521797
GTM,CLO,99,2970,13028380
GTM,CLO,61,1820,7983721
GTM,CLO,69,1722,7553829
GTM,CLO,58,1665,7303789
GTM,CLO,22,781,3425981
GTM,CLO,60670,96990,408401166
GTM,CLO,500,6040,25535253
GTM,CLO,85,774,3215924
GTM,CLO,46,552,2293527
GTM,CLO,95,2515,10449466
GTM,CLO,160,5357,22259551
GTM,CLO,115,2689,11173257
GTM,CLO,221,4458,18521933
GTM,CLO,235,4614,19170685
GTM,CLO,6,130,538730
GTM,CLO,260,4398,18275504
GTM,CLO,367,6032,25063138
GTM,CLO,78,2677,11121860
GTM,CLO,2770,47404,200112612
GTM,CLO,300,255,1077984
GTM,CLO,185,1429,6041786
GTM,CLO,805,16969,73545934
GTM,CLO,126,904,3810946
GTM,CLO,34744,9867,39999666
GTM,CLO,75345,22227,94457369
HND,BOG,11,420,1760078
HND,BOG,7,259,1070974
HND,BOG,22,584,2419009
HND,BOG,31,993,4135594
HND,BOG,41,877,3651797
HND,BOG,60,1126,4669726
HND,BOG,4,124,527726
HND,BOG,2,80,340345
HND,BOG,30,1498,6226143
HND,BOG,40,1508,6305795
HND,BOG,25,1046,4332971
HND,BOG,73,3223,13347415
HND,BOG,19,616,2549464
HND,BOG,48,1922,7961485
HND,BOG,217,7675,31801046
HND,BOG,11,297,1260041
HND,BOG,43,1416,5889283
HND,BOG,241,6162,25570786
HND,BOG,83,2416,10015306
HND,BOG,98,3336,13825451
HND,BOG,23,611,2528964
HND,BOG,6,238,1003028
HND,BOG,38,1853,7672620
HND,BOG,6,2803,12296685
HND,BOG,8,1340,5877072
HND,BOG,401,152679,663763902
HND,BOG,35,3242,13722078
HND,BOG,243,6180,26153067
HND,CLO,17625,28083,119040981
HKG,CLO,366,26718,113253594
IND,CLO,12,589680,2505550617
ITA,BOG,357,36,150386
JAM,CLO,4000,7720,33865015
JAM,CLO,123,509,2162741
JAM,CLO,345,15246,64779744
JAM,CLO,208,8826,37502609
JAM,CLO,123,2739,11639286
JAM,CLO,223,5134,21812666
MEX,BOG,6,33997,141255911
MEX,BOG,500000,6250,25336000
MEX,BOG,873,22058,93477895
MEX,BOG,100000,30200,124442724
MEX,BOG,588,9408,39879101
MEX,BOG,3080,58330,255874536
MEX,BOG,101210,38840,163187916
MEX,BOG,168,25602,107846487
MEX,BOG,7,96,398874
MEX,BOG,7,32,130881
MEX,BOG,8,76,316998
MEX,BOG,25,76,323986
MEX,BOG,7631,143,605445
MEX,BOG,6532,4650,19736523
MEX,BOG,189,1759,7439692
MEX,BOG,86,696,2897836
MEX,BOG,1027,3159,13036334
MEX,BOG,665,670,2806575
MEX,BOG,447,665,2824098
MEX,BOG,386,510,2116932
MEX,BOG,11,48,199879
MEX,BOG,45,19,80846
MEX,BOG,91,990,4175467
MEX,BOG,14,20,82412
MEX,BOG,117,586,2441567
MEX,BOG,335,9278,38531874
MEX,BOG,13,1363,5661230
MEX,BOG,82,1657,6955433
MEX,BOG,2,48,203952
MEX,BOG,2,58,242719
MEX,BOG,3,41,175696
MEX,BOG,1064,9298,39413287
MEX,BOG,2320,20884,88735123
MEX,BOG,12,126,533057
MEX,BOG,153,5498,23363126
MEX,BOG,3,62,262610
MEX,BOG,1,24,101976
MEX,BOG,592,10360,44019640
MEX,BOG,1,20,84980
MEX,BOG,2,45,188637
MEX,BOG,1,12,50988
MEX,BOG,19,361,1526507
MEX,BOG,4,68,284689
MEX,BOG,5,89,372705
MEX,BOG,903,12226,51903090
MEX,BOG,9,107,454643
MEX,BOG,1,27,114723
MEX,BOG,539,9163,38933587
MEX,BOG,2,49,208201
MEX,BOG,1,26,110474
MEX,BOG,1569,784,3298585
MEX,BOG,3489,2439,10315547
MEX,BOG,30,1272,5403453
MEX,BOG,7,180,747889
MEX,BOG,39,295,1251755
MEX,BOG,12,847,3581465
MEX,BOG,57,564,2381772
MEX,BOG,120,797,3346629
MEX,BOG,7,2055,8510639
MEX,BOG,4986,299,1271131
MEX,BOG,24,2640,10880415
MEX,BOG,4,106,449635
MEX,BOG,16,961,4070474
MEX,BOG,1340,80,341620
MEX,BOG,12142,1697,7172583
MEX,BOG,8285,1945,8151124
MEX,BOG,14,130,535681
MEX,BOG,323,50501,213220316
MEX,BOG,86,514,2136803
MEX,BOG,0,49,203135
MEX,BOG,0,139,578617
MEX,BOG,2,4,16620
MEX,BOG,0,196,814368
MEX,BOG,0,58,239325
MEX,BOG,0,143,592993
MEX,BOG,3,33,137113
MEX,BOG,1,29,120493
MEX,BOG,2,40,164120
MEX,BOG,1,26,105951
MEX,BOG,11,218,903699
MEX,BOG,1,22,93486
MEX,BOG,3,40,166198
MEX,BOG,1,12,49859
MEX,BOG,1,22,89331
MEX,BOG,1,26,108028
MEX,BOG,800,480,1994371
MEX,BOG,2,22,91409
MEX,BOG,0,4,18697
MEX,BOG,0,7,27838
MEX,BOG,100000,30200,124442724
MEX,BOG,0,3,12465
MEX,BOG,0,8,31661
MEX,BOG,427,84,347768
MEX,BOG,0,15,61701
MEX,BUN,2422,24068,101618275
MEX,BUN,739312,63589,268478397
MEX,BUN,984048,45336,191413179
MEX,BUN,31503000,304325,1284886188
MEX,BUN,1,1,4297
MEX,BUN,4,2255,9141837
MEX,BUN,5,63,257292
MEX,BUN,4,465,1886660
MEX,BUN,64,11877,48146508
MEX,BUN,2,953,3863395
MEX,BUN,64,7106,28806059
MEX,BUN,250,11848,48027043
MEX,BUN,4,889,3601847
MEX,BUN,821400,59116,249590961
MEX,BUN,597504,21142,89262202
MEX,BUN,1863,17073,72081927
MEX,BUN,107520,17823,75251323
MEX,BUN,1109440,28318,119562369
MEX,BUN,17570000,205745,868673063
MEX,BUN,161,968,4088588
MEX,CLO,6,5684,24933249
MEX,CLO,344,4216,17788490
MEX,CLO,3109,79910,333633766
MEX,CLO,559,13000,53882477
MEX,CLO,4955,3272,13810911
MEX,CLO,4,29,124156
MEX,CLO,105,1365,5543033
MEX,CLO,10,31,132083
MEX,CLO,70,1295,5474470
MEX,CLO,238,2124,8923630
MEX,CLO,605,10285,43511824
MEX,CLO,174,3393,13981264
MEX,CLO,1445,21335,89774845
MEX,CLO,17604,350258,1471969724
MEX,CLO,266,2793,11805762
MEX,CLO,972,10182,42766440
MEX,CLO,110,1442,6037151
MEX,CLO,1,4,18142
MEX,CLO,56,36619,155222448
MEX,CLO,22,283,1198323
MEX,CLO,2,5,21745
MEX,CLO,1400000,505000,2122523460
MEX,CLO,5,83,353690
MEX,CLO,99,1107,4598771
MEX,CLO,4038,41307,180075305
MEX,CLO,43,15,60487
MEX,CLO,6,42,174507
MEX,CLO,4038,40,176033
MEX,CLO,990,485,2009008
MEX,CLO,44,236,977049
MEX,CLO,14,124,513841
MEX,CLO,719,1480,6128115
MEX,CLO,101,98,406067
MEX,CLO,941,1339,5546617
MEX,CLO,134,1804,7471720
MEX,CLO,14,120,498593
MEX,CLO,7,25,103874
MEX,CLO,87,1220,5056434
MEX,CLO,1,20,82829
MEX,CLO,505,4544,18820843
MEX,CLO,286,2632,11475336
MEX,CLO,1,9,37273
MEX,CLO,1,28,118031
MEX,CLO,1,12,47626
MEX,CLO,991,23135,95814165
MEX,CLO,161,3138,12997878
MEX,CLO,2,36,147183
MEX,CLO,2,28,113889
MEX,CLO,81,2146,8887509
MEX,CLO,2,30,122172
MEX,CLO,2128,30433,125397109
MEX,CLO,6041,107528,448059415
MEX,CLO,118,2301,10030979
MEX,CLO,310,3018,12772085
MEX,CLO,642,2279,9469524
MEX,CLO,137,1796,7600914
MEX,CLO,80,2997,12413565
MEX,CLO,1723,103,428141
MEX,CLO,108,1207,5109850
MEX,CLO,0,8,33960
MEX,CLO,2,135,560917
MEX,CLO,370,118,490345
MEX,CLO,449,90,373114
MEX,CLO,295,4396,17820329
MEX,CLO,11,155,641922
MEX,CLO,11,31,126355
MEX,CLO,92,278,1150655
MEX,CLO,10,70,289900
MEX,CLO,500,5,20707
MEX,CLO,11,55,229559
MEX,CLO,44,200,828783
MEX,CLO,556,1253,5188798
MEX,CLO,606,794,3289207
MEX,CLO,1205,1795,7433536
MEX,CLO,101,256,1060744
MEX,CLO,6,16,66263
MEX,CLO,11,77,318724
MEX,CLO,11,105,434850
MEX,CLO,77,683,2828597
MEX,CLO,66,813,3368556
MEX,CLO,11,3468,14363390
MEX,CLO,33,2737,11333976
MEX,CLO,1,18,72475
MEX,CLO,1,15,62121
MEX,CLO,1,11,45556
MEX,CLO,537,4829,19998965
MEX,CLO,2,48,198789
MEX,CLO,2,40,167728
MEX,CLO,1,29,120101
MEX,CLO,1,14,55909
MEX,CLO,1,24,97324
MEX,CLO,5,98,403789
MEX,CLO,1,12,47626
MEX,CLO,4,49,202930
MEX,CLO,2,25,103536
MEX,CLO,1,19,78687
MEX,CLO,2,37,153233
MEX,CLO,460,230,952529
MEX,CLO,11,45,186364
MEX,CLO,77,1882,7793426
MEX,CLO,10,335,1386509
MEX,CLO,0,9,37273
MEX,CLO,360,196,813377
MEX,CLO,5452,976,4042657
MEX,CLO,1004,4452,18435700
NIC,BOG,2,6370,26890254
NIC,BOG,6,4766,19640276
NIC,BOG,4,388,1689311
NIC,BOG,87,1744,7603796
NIC,CLO,1066,13392,55182395
NLD,BOG,1209,9131,37627277
PAN,BOG,4,1260,5353740
PAN,BOG,12,32167,132547654
PAN,BOG,2,7380,30409434
PAN,BOG,1400,9211,38887982
PAN,BOG,18,19223,77925753
PAN,BOG,5,1558,6617860
PAN,BOG,305,199802,848959123
PAN,BOG,737,11630,49415870
PAN,BOG,175,2068,8383176
PAN,BOG,106,24,100276
PAN,BOG,60580,1356,5738357
PAN,BOG,48,2251,9570604
PAN,BUN,132120,87860,365052197
PAN,BUN,324396,170123,721126430
PAN,CLO,2377,1239,5022609
PAN,CLO,11800,1715,6952198
PAN,CLO,98,2370,9607411
PAN,CLO,505,447265,1942880679
PAN,CLO,31500,962,4088009
PAN,CLO,46,966,4104534
PAN,CLO,300,4978,21008120
PAN,CLO,37,314,1295935
PAN,CLO,44,418,1736765
PAN,CLO,87,1131,4699237
PAN,CLO,248,3605,15108243
PAN,CLO,1590,13819,57600472
PAN,CLO,981,8010,33437952
PAN,CLO,79,632,2617384
PAN,CLO,280,2374,10018783
PAN,CLO,60,750,3186750
PAN,CLO,96,816,3390431
PAN,CLO,312,6117,25424483
PAN,CLO,23,828,3518172
PAN,CLO,74,1036,4290521
PAN,CLO,220,6570,27915930
PAN,CLO,170,4110,17463390
PAN,CLO,324,6870,29138654
PAN,CLO,189,3650,15094882
PAN,CLO,50,925,3930325
PAN,CLO,143,4652,19539617
PAN,CLO,94,1369,5816881
PAN,CLO,147,2763,11589927
PAN,CLO,3221,56959,238593538
PAN,CLO,431,6530,27452914
PAN,CLO,1016,18246,76376866
PAN,CLO,1589,21544,90482215
PAN,CLO,1351,17460,72902973
PAN,CLO,794,12100,50814119
PAN,CLO,152,1784,7419936
PAN,CLO,68,1205,5091075
PAN,CLO,137,2104,8724259
PAN,CLO,185,4170,17673087
PAN,CLO,74820,126596,534410033
PAN,CLO,63,11966,50585414
PAN,CLO,360,2676,11343163
PAN,CLO,488,1550,6386961
PAN,CLO,410,3605,15279020
PAN,CLO,191,1242,5243684
PAN,CLO,2738,411,1692339
PAN,CLO,854,231,950133
PAN,CLO,3800,345,1464099
PAN,CLO,1482,915,3772345
PAN,CLO,102,92,378273
PAN,CLO,7000,3220,14125045
PAN,CLO,21,774,3261992
PAN,CLO,20,542,2284649
PAN,CLO,30,452,1903882
PAN,CLO,84,1386,5838567
PAN,CLO,5,146,613466
PAN,CLO,35,1414,5957023
PAN,CLO,10,462,1946175
PAN,CLO,15,588,2475054
PAN,CLO,27,1057,4450843
PAN,CLO,84,2973,12523299
PAN,CLO,64,1993,8393996
PAN,CLO,67,2516,10598271
PAN,CLO,73,1805,7602804
PAN,CLO,35,1195,5034654
PAN,CLO,274,3891,16460457
PAN,CLO,10000,208,881681
PAN,CLO,396,8196,34741615
PAN,CLO,9082,2727,11236931
PAN,CLO,11520,806,3388700
PAN,CLO,200,56,237376
PAN,CLO,6000,3420,14496867
PAN,CLO,4653,3011,12608762
PAN,CLO,2,99,419677
PAN,CLO,6,200,827458
PAN,CLO,28,596,2467464
PAN,CLO,65,2288,9474349
PAN,CLO,15,486,2012735
PAN,CLO,49,1562,6468914
PAN,CLO,30,1045,4327380
PAN,CLO,44,1267,5248020
PAN,CLO,16,533,2206554
PAN,CLO,7,312,1290055
PAN,CLO,7,359,1487188
PAN,CLO,7,280,1161050
PAN,CLO,100,1060,4621313
PAN,CLO,396,3512,14792868
PAN,CLO,3018,211,874918
PAN,CLO,10,770,3354689
PER,BOG,88,43130,182098826
PER,BOG,1518,144441,606067951
PER,BOG,1,6005,25387422
PER,BOG,564,26217,109772223
PER,BOG,143,41945,174824768
PER,BOG,6,11357,46038796
PER,BOG,392,3197,13584223
PER,BOG,74,922,3918233
PER,BOG,1300,29052,123464062
PER,BOG,39,651,2767709
PER,BOG,2,4609,19415412
PER,BOG,17,8092,33997856
PER,BOG,100,3060,12426140
PER,BOG,2,5450,23039276
PER,BOG,2,1782,7504569
PER,BOG,170765,101792,430171158
PER,BOG,40,2169,9453795
PER,CLO,18944,3713,15377212
PER,CLO,132,2670,11218085
PER,CLO,688,8944,36854825
PER,CLO,1439,30136,124179004
PER,CLO,40,680,2802022
PRI,BOG,143,1996,8481741
PRI,BOG,3,720,2981830
PRI,BOG,896,14294,60590927
PRI,CLO,20,660,2804340
PRI,CLO,26,624,2651376
PRI,CLO,20,270,1147230
PRI,CLO,14,126,533057
PRI,CLO,26,559,2375191
PRI,CLO,75,1308,5555568
PRI,CLO,253,3731,15529262
PRI,CLO,423,5183,21767024
PRI,CLO,54,513,2170303
PRI,CLO,51,582,2461834
PRI,CLO,62,1132,4807744
PRI,CLO,74,3270,13542812
PRI,CLO,47,1126,4775436
PRI,CLO,78,3337,13833647
PRI,CLO,909,17828,73993002
PRI,CLO,57,1868,7937132
PRI,CLO,26,936,3959851
PRI,CLO,50,1407,5828032
PRI,CLO,60,1928,8177139
PRI,CLO,21,668,2833165
PRI,CLO,30,885,3760365
PRI,CLO,53,930,3936583
PRI,CLO,50,1068,4493847
PRI,CLO,64,1401,5952849
PRI,CLO,349,6841,28990522
PRI,CLO,1250,37578,155284217
PRI,CLO,124,3109,13184561
PRI,CLO,778,15658,65943350
PRI,CLO,421,8217,34868094
PRI,CLO,1660,37428,155602850
PRI,CLO,145,2512,10655282
PRI,CLO,147,4115,17485612
PRI,CLO,48,1104,4676478
PRI,CLO,120,3634,15406505
PRI,CLO,2612,157,662544
PRI,CLO,37,618,2613919
PRI,CLO,131,1730,7274839
PRI,CLO,10,422,1786018
PRI,CLO,28,546,2286107
PRI,CLO,43,1749,7401292
PRI,CLO,142,2522,10672309
PRI,CLO,53,1215,5087217
PRI,CLO,26,429,1796227
PRI,CLO,11,230,974496
PRI,CLO,274,6374,26685908
PRI,CLO,204,5752,24341403
PRI,CLO,61,1220,5106059
PRI,CLO,43,821,3476309
PRI,CLO,80,1202,5034880
PRI,CLO,385,7657,32403348
PRI,CLO,32,1088,4555467
PRI,CLO,143,4191,17734409
PRI,CLO,55,1119,4685264
PRI,CLO,554,3761,15848362
PRI,CLO,9,2437,10205251
PRI,CLO,1,160,669922
GBR,BOG,1821,13002,56680657
GBR,CTG,374,4884,20126921
DOM,BOG,2717,19495,81625760
DOM,BOG,615,5395,23517699
DOM,BOG,117,5155,22613364
DOM,BOG,97,108,447274
DOM,BOG,36,72,298183
DOM,BOG,65,36,149091
DOM,BOG,36,72,298183
DOM,BOG,3,100,422139
DOM,BOG,17,213,863451
DOM,BOG,530,6963,28498990
DOM,BOG,2445,70003,283815129
DOM,BOG,2146,61839,250681275
DOM,BOG,1000,2050,8653850
DOM,BOG,583,1969,7982259
DOM,CLO,4080,9057,38391858
DOM,CLO,6,1341,5845955
DOM,CLO,23,117,473803
DOM,CLO,40,1020,4135808
DOM,CLO,20153,8421,35259565
DOM,CLO,8,4690,19325708
DOM,CLO,50,1900,8053815
DOM,CLO,90,5891,24397578
SGP,BOG,1065,6336,26528895
SGP,BOG,512,2366,9907094
SGP,BOG,905,7134,29869083
SGP,BOG,316,3898,16320965
SGP,BOG,105,1345,5631947
SGP,BOG,775,5487,22974124
ZAF,BOG,300,1501,6541716
SUR,CLO,1000,2025,8208864
SUR,CLO,350,2170,8796659
SUR,CLO,2500,5700,23106432
SUR,CLO,1000,1600,6486016
SUR,CLO,500,1100,4459136
SUR,CLO,1000,1550,6283328
SUR,CLO,1000,1800,7296768
TTO,CLO,114,3990,16706170
URY,BOG,21640,39505,162783774
URY,CLO,134,118870,516429777
VEN,BOG,2,20141,85023016
VEN,CLO,1,1284,5443531
VEN,CLO,300,14400,63167904
XCF,CLO,6930,27322,115843928
XCF,CLO,1403,6164,25566483
XCF,CLO,496,1424,5867227
XCF,CLO,1917,6235,25972486
XCF,CLO,227,811,3341823
XCF,CLO,156,2927,12438179
XCF,CLO,107,3124,12872693
XCF,CLO,26,467,1935663
XCF,CLO,38,1560,6426890
XCF,CLO,1608,7630,32207855
XCF,CLO,1490,5776,23997438
XCF,CLO,139,6842659,29034050527
XCF,CLO,0,17614,74664715
XCF,CLO,1,74426,314967160
XCF,CLO,1,53805,231687369
XCF,CLO,109,5181730,21824277611
XCF,CLO,9,399267,1684160485
XCF,CLO,5,277594,1157881599
XCF,CLO,1,50788,211019181
XCF,CLO,1648,1071,4697586
XCF,CLO,1100,5049,22148246
XCF,CLO,2,109370,462349560
XCF,CLO,79200,94011,393871764
XCF,CLO,1952400,2224720,9374903886
XCF,CLO,1010,7587,32235463
XCF,CLO,972,4707,19951843
XCF,CLO,27,1269528,5366791029
XCF,CLO,7602,19857,84036988
XCF,CLO,9,1341,5648962
XCF,CLO,75,20424,86107245
XCF,CLO,9,1527,6432488
XCF,CLO,23,1891,7965838
XCF,CLO,1,204,859350
XCF,CLO,1,56,235900
XCF,CLO,1,406,1720973
XCF,CLO,5,1415,5960688
XCF,CLO,51,9117,38477034
XCF,CLO,42,13852,58351550
XCF,CLO,12,1344,5661600
XCF,CLO,537,31555,133539813
XCF,CLO,2382,6222,26271533
PAN,CTG,28,26614,115514862
VEN,CUC,2800929,176417,739789705
VEN,CUC,148,1030,4360707
VEN,CUC,417,3490,14768560
VEN,CUC,2426,17429,73758794
VEN,CUC,397,3395,14366776
VEN,CUC,13862,82390,349238682
VEN,CUC,20000,7560,31653796
VEN,CUC,539045,190500,804426123
VEN,CUC,261427,209895,898306299
VEN,CUC,9684,69394,302514242
VEN,CUC,1734,13137,57271312
VEN,CUC,6000,13500,59219910
VEN,CUC,9498,41998,174497840
VEN,CUC,15000,50686,222343170
VEN,CUC,52,578,2445293
VEN,CUC,30,90,364838
VEN,CUC,58,602,2546827
VEN,CUC,14167,10384,42790208
VEN,CUC,3850,8816,37461308
VEN,CUC,1628,2732,11609968
VEN,CUC,100,234,990281
VEN,CUC,2707,40977,172371382
VEN,CUC,80,320,1395008
VEN,CUC,1356,963,4199672
VEN,CUC,4600,25534,108492734
VEN,CUC,11914,6857,29133948
VEN,CUC,26832,23448,99391919
VEN,CUC,990,6269,26045740
VEN,CUC,2616,5998,25319728
VEN,CUC,648,514,2170132
VEN,CUC,1602,12714,53669739
VEN,CUC,328,1050,4430771
VEN,CUC,80,1381,5829740
VEN,CUC,1230,3260,13789673
VEN,CUC,376,15102,63890672
VEN,CUC,16,163167,661439858
VEN,CUC,33,3000,12691829
VEN,CUC,2308,3394,14381588
VEN,CUC,50112,9640,40699639
VEN,CUC,120000,28200,116201484
VEN,CUC,7360,20222,85986274
VEN,CUC,499200,29746,126483179
VEN,CUC,5460,11662,49431773
VEN,CUC,420690,95218,404059619
VEN,CUC,23047,41330,174852169
VEN,CUC,19,52,219992
VEN,CUC,387181,143596,612643396
VEN,CUC,18296,30394,127261866
VEN,CUC,1508,2154,8919149
VEN,CUC,9120,7716,31957345
VEN,CUC,5947,7742,32061502
VEN,CUC,827,1599,6621235
VEN,CUC,67250,20991,87375222
VEN,CUC,128,12582,53468576
VEN,CUC,119,759,3224736
VEN,CUC,154,682,2899348
VEN,CUC,28,193,820907
VEN,CUC,56,427,1814026
VEN,CUC,140,647,2750633
VEN,CUC,119,552,2344343
VEN,CUC,63,406,1726581
VEN,CUC,720,3964,16843036
VEN,CUC,273,1281,5441184
VEN,CUC,224,1941,8247139
VEN,CUC,310,1410,5990155
VEN,CUC,88,710,3017130
VEN,CUC,56,464,1972556
VEN,CUC,140,1524,6474456
VEN,CUC,12,58,248142
VEN,CUC,4,21,89739
VEN,CUC,298,2975,12639203
VEN,CUC,83,747,3174343
VEN,CUC,2,14,57446
VEN,CUC,122,1285,5461750
VEN,CUC,84,695,2952885
VEN,CUC,242,2494,10595434
VEN,CUC,56,255,1085025
VEN,CUC,28,244,1036246
VEN,CUC,25,253,1075889
VEN,CUC,28,217,923223
VEN,CUC,153,1043,4432302
VEN,CUC,94,630,2676700
VEN,CUC,56,479,2036801
VEN,CUC,1140,21135,87814657
VEN,CUC,1440,1097,4559133
VEN,CUC,57648,26482,110879813
VEN,CUC,4,100,422139
VEN,CUC,100,50,211070
VEN,CUC,22,22,92871
VEN,CUC,1200,390,1642875
VEN,CUC,6456,5376,22950690
VEN,CUC,4560,9302,39523348
VEN,CUC,52000,12352,52483648
VEN,CUC,499200,30261,128601494
VEN,CUC,34650,33264,145011082
VEN,CUC,93815,78711,331684866
VEN,CUC,9969,42468,180015482
VEN,CUC,2400,6948,29543521
VEN,CUC,7152,22687,96467208
VEN,CUC,46461,88088,362977175
VEN,CUC,500,5335,22553126
VEN,CUC,1150,15804,66572244
VEN,CUC,19,73,310031
VEN,CUC,350,1309,5562981
VEN,CUC,31174,51388,218364435
VEN,CUC,485,1147,4872553
VEN,CUC,31139,39535,168000192
VEN,CUC,7441,11784,50077420
VEN,CUC,335,1007,4279535
VEN,CUC,4331,11397,48432162
VEN,CUC,3114,9790,41612302
VEN,CUC,23,40,172021
VEN,CUC,1206,3436,14600674
VEN,CUC,51,102,433398
VEN,CUC,6089,9802,41650289
VEN,CUC,35,58,245400
VEN,CUC,1125,975,4141241
VEN,CUC,8721,37696,160183915
VEN,CUC,7052,31880,135484777
VEN,CUC,4773,23236,98738586
VEN,CUC,173,2583,10929782
VEN,CUC,721,25233,106785891
VEN,CUC,3533,6776,27921321
VEN,CUC,40300,65292,270380818
VEN,CUC,18885,72468,305269344
VEN,CUC,48825,255938,1092104325
VEN,CUC,84938,72756,307588844
VEN,CUC,24111,22642,99322054
VEN,CUC,250,2135,8654778
VEN,CUC,3152,8099,33765359
VEN,CUC,42321,26069,111747741
VEN,CUC,1342,2284,9956870
VEN,CUC,1260,18750,82249875
VEN,CUC,30264,235909,1028421695
VEN,CUC,2684,3352,14612709
VEN,CUC,5090,67470,294128718
VEN,CUC,200,5600,24412639
VEN,CUC,83,3748,15194952
VEN,CUC,10705,43890,180856072
VEN,CUC,24,7062,30979339
VEN,CUC,40,157,666451
VEN,CUC,10,35,148711
VEN,CUC,440,16439,66638545
VEN,CUC,312,33800,142997038
VEN,CUC,112888,66073,279675492
VEN,CUC,11,257,1041451
VEN,CUC,121595,47422,201642825
VEN,CUC,75,2840,11510652
VEN,CUC,7128,116186,509670233
VEN,CUC,35,133,565231
VEN,CUC,300,2687,11422032
VEN,CUC,880,4290,18226510
VEN,CUC,17698,25024,106372789
VEN,CUC,960,2984,12680716
VEN,CUC,720,4957,21060593
VEN,CUC,120,916,3890384
VEN,CUC,60,473,2011477
VEN,CUC,60,395,1677505
VEN,CUC,120,805,3421295
VEN,CUC,1260,5952,25290048
VEN,CUC,752,3477,14778672
VEN,CUC,692,734,3119612
VEN,CUC,450,809,3399458
VEN,CUC,180,464,1882566
VEN,CUC,30410,29558,125683021
VEN,CUC,65935,51759,218110831
VEN,CUC,17550,36558,153599114
VEN,CUC,400,4509,18276863
VEN,CUC,64,2958,11990455
VEN,CUC,20,2210,9693773
VEN,CUC,62390,145607,590257454
VEN,CUC,4,31650,134480850
VEN,CUC,9064,36953,156333393
VEN,CUC,15,912,3861503
VEN,CUC,10,2749,11143786
VEN,CUC,3,19745,83896505
VEN,CUC,998,65602,278074918
VEN,CUC,1135,67199,272406956
VEN,CUC,6,2577,10446175
VEN,CUC,17762,35018,145499351
VEN,CUC,1775,15714,66024943
VEN,CUC,122,422,1777453
VEN,CUC,58,151,637152
VEN,CUC,10,38,163280
VEN,CUC,120,449,1908338
VEN,CUC,78,729,3099008
VEN,CUC,11869,21056,89530561
VEN,CUC,155,381,1618175
VEN,CUC,19347,28366,120616486
VEN,CUC,3556,4967,21120599
VEN,CUC,171,514,2186042
VEN,CUC,821,2481,10550031
VEN,CUC,945,2971,12630876
VEN,CUC,3,5,22451
VEN,CUC,480,1354,5755374
VEN,CUC,21,42,178588
VEN,CUC,867,1413,6009521
VEN,CUC,17,28,119271
VEN,CUC,143,133,564465
VEN,CUC,2345,10470,44518532
VEN,CUC,1171,6000,25513390
VEN,CUC,946,4148,17636861
VEN,CUC,260,1119,4714590
VEN,CUC,184,5229,22034849
VEN,CUC,246,863,3637499
VEN,CUC,5383,12037,50013844
VEN,CUC,20000,32800,139390488
VEN,CUC,13950,73125,307160831
VEN,CUC,60686,48504,205601180
VEN,CUC,7,1216,5124188
VEN,CUC,66,44,185221
VEN,CUC,143,1783,7582369
VEN,CUC,116,1365,5805634
VEN,CUC,673,1189,5057606
VEN,CUC,317,1545,6568288
VEN,CUC,249,123,524495
VEN,CUC,100,330,1359805
VEN,CUC,1129,17852,75229057
VEN,CUC,200,365,1538352
VEN,CUC,10800,9180,39034186
VEN,CUC,21330,18130,77092518
VEN,CUC,1,35257,147622123
VEN,CUC,91,16635,68546514
VEN,CUC,30,1950,8035209
VEN,CUC,4,140,576887
VEN,CUC,66,8045,33150388
VEN,CUC,10,1870,7705559
VEN,CUC,26,5335,21983508
VEN,CUC,210,1361,5608164
VEN,CUC,5,5,21797
VEN,CUC,0,50,217969
VEN,CUC,7,35,152579
VEN,CUC,0,40,174376
VEN,CUC,25,25,108984
VEN,CUC,883,400,1653395
VEN,CUC,442,250,1030155
VEN,CUC,1,5,20775
VEN,CUC,168,250,1038734
VEN,CUC,650,728,3093272
VEN,CUC,8750,2712,11525412
VEN,CUC,3000,780,3314220
VEN,CUC,2000,340,1444660
VEN,CUC,4000,360,1529640
VEN,CUC,5625,13219,56166469
VEN,CUC,600,198,841302
VEN,CUC,1800,2727,11587023
VEN,CUC,5,475,2019743
VEN,CUC,215,731,3108278
VEN,CUC,1080,11880,50514829
VEN,CUC,32000,5920,25807647
VEN,CUC,3836,15390,66112204
VEN,CUC,153341,425254,1808433400
VEN,CUC,55481,200193,850398169
VEN,CUC,14102,72518,311276231
VEN,CUC,26177,89097,378488404
VEN,CUC,8640,18876,77779587
VEN,CUC,21504,33718,142087778
VEN,CUC,1080,1799,7582112
VEN,CUC,2390,26271,110899714
VEN,CUC,4284,3712,16183967
VEN,CUC,29887,81815,347468600
VEN,CUC,14343,52589,222374690
VEN,CUC,1524,6484,27670050
VEN,CUC,115,750,3090465
VEN,CUC,216,1380,5838242
VEN,CUC,66610,54646,232223401
VEN,CUC,30360,25545,108091978
VEN,CUC,4476,3321,14017421
VEN,CUC,6816,8842,38286564
VEN,CUC,116,685,2892919
VEN,CUC,79,635,2679527
VEN,CUC,496,17276,73229016
VEN,CUC,1238,4486,18938844
VEN,CUC,642,2061,8700285
VEN,CUC,276,2772,11701693
VEN,CUC,8,315,1329738
VEN,CUC,1476,5631,23744027
VEN,CUC,87550,238591,999585846
VEN,CUC,23044,85996,362646700
VEN,CUC,648,2070,8697167
VEN,CUC,4105,20112,84794487
VEN,CUC,22430,70852,297781718
VEN,CUC,7248,14723,61858286
VEN,CUC,2400,1680,7058570
VEN,CUC,24136,66411,278583424
VEN,CUC,13687,50357,210910604
VEN,CUC,87,418,1765256
VEN,CUC,610,3450,14475268
VEN,CUC,648,4228,17740022
VEN,CUC,230,1706,7254066
VEN,CUC,11,72,301465
VEN,CUC,16800,15960,69575632
VEN,CUC,12000,11400,49696898
VEN,CUC,139,700,2976463
VEN,CUC,50,50,209350
VEN,CUC,300,900,3781377
VEN,CUC,300,870,3655331
VEN,CUC,40,606,2544447
VEN,CUC,240,2078,8732460
VEN,CUC,25152,7489,31542141
VEN,CUC,360,2358,9907208
VEN,CUC,360,529,2230033
VEN,CUC,3744,1428,6018097
VEN,CUC,108,614,2586830
VEN,CUC,1,4,17125
VEN,CUC,2,12,51375
VEN,CUC,13,0,551
VEN,CUC,150,52,219977
VEN,CUC,1470,3,12561
VEN,CUC,950,10,40269
VEN,CUC,0,0,713
VEN,CUC,10,0,420
VEN,CUC,200,2,8400
VEN,CUC,2150,22,90746
VEN,CUC,110,0,85
VEN,CUC,33,2,6358
VEN,CUC,17,3,13564
VEN,CUC,50,50,209350
VEN,CUC,250,2,10597
VEN,CUC,2427,12003,50794939
VEN,CUC,3480,8740,36986402
VEN,CUC,6060,4610,19509043
VEN,CUC,20400,28094,118829518
VEN,CUC,108,25983,113977095
VEN,CUC,14,3941,17289713
VEN,CUC,112,33174,145523980
VEN,CUC,900,33515,147021016
VEN,CUC,3840,3644,15419733
VEN,CUC,32,52,220824
VEN,CUC,186,2876,12172161
VEN,CUC,240,1608,6805050
VEN,CUC,1680,5098,21835501
VEN,CUC,840,4005,16950902
VEN,CUC,564,3017,12767557
VEN,CUC,186,753,3188070
VEN,CUC,4072,2180,9224086
VEN,CUC,144,451,1908534
VEN,CUC,520,2138,9047317
VEN,CUC,672,2635,11150479
VEN,CUC,2592,3571,15112873
VEN,CUC,120,460,1948484
VEN,CUC,210,11329,47942507
VEN,CUC,320,14098,59663583
VEN,CUC,12,460,1945183
VEN,CUC,840,3064,12967941
VEN,CUC,186,968,4097605
VEN,CUC,45,626,2649298
VEN,CUC,9084,8689,36772349
VEN,CUC,408,821,3475717
VEN,CUC,21150,9182,38760339
VEN,CUC,5400,4649,19625242
VEN,CUC,19,200,878604
VEN,CUC,360,3315,13659855
VEN,CUC,230,2976,12262965
VEN,CUC,1120,17344,71468033
VEN,CUC,35000,16800,70794696
VEN,CUC,560000,263900,1106747166
VEN,CUC,83000,175960,759692460
VEN,CUC,25000,53000,223262500
VEN,CUC,6161,29147,123551456
VEN,CUC,9720,14580,63957503
VEN,CUC,11880,17820,78170281
VEN,CUC,100,7500,31665675
VEN,CUC,11,133,555951
VEN,CUC,38,458,1915850
VEN,CUC,4,49,203782
VEN,CUC,4913,28542,120507737
VEN,CUC,50,65,271569
VEN,CUC,10,10,42749
VEN,CUC,10,7,27802
VEN,CUC,90,292,1223067
VEN,CUC,4,45,190300
VEN,CUC,1,9,38479
VEN,CUC,500,166,696216
VEN,CUC,40,14,59874
VEN,CUC,28800,23904,102468918
VEN,CUC,1,87,363516
VEN,CUC,50,179,748386
VEN,CUC,31000,31350,130497195
VEN,CUC,3,36,149686
VEN,CUC,31300,63210,256685064
VEN,CUC,10,28,115478
VEN,CUC,1,5400,22889790
VEN,CUC,40,43,179623
VEN,CUC,120,96,401995
VEN,CUC,40,43,179623
VEN,CUC,30,3064,12829292
VEN,CUC,1170,62384,261204190
VEN,CUC,518,1274,5333581
VEN,CUC,2409,7431,31112290
VEN,CUC,20,204,855281
VEN,CUC,20,34,141102
VEN,CUC,50,51,213831
VEN,CUC,10,129,538826
VEN,CUC,10,191,799551
VEN,CUC,175000,81900,346266375
VEN,CUC,11404,60359,264776078
VEN,CUC,14400,11952,50347800
VEN,CUC,1,16300,66191529
VEN,CUC,2,9900,40202217
VEN,CUC,80184,38826,165092752
VEN,CUC,19440,12956,55087952
VEN,CUC,28112,281,1191626
VEN,CUC,50,5,22331
VEN,CUC,74,389,1695676
VEN,CUC,146741,122045,532042886
VEN,CUC,2676,1846,8049371
VEN,CUC,101,257,1121107
VEN,CUC,140000,89292,391693645
VEN,CUC,12000,22308,91920731
VEN,CUC,55000,88000,371543920
VEN,CUC,210440,296360,1257571529
VEN,CUC,1536,7495,31638474
VEN,CUC,9622,38428,162433125
VEN,CUC,77500,137646,583460747
VEN,CUC,30720,31296,132976704
VEN,CUC,32889,12813,54313402
VEN,CUC,209000,74309,314816414
VEN,CUC,94320,3773,15929101
VEN,CUC,2400,1305,5548170
VEN,CUC,1455,500,2093505
VEN,CUC,1347,142343,599621910
VEN,CUC,986,54589,229957974
VEN,CUC,5000,4493,19045153
VEN,CUC,35725,46612,197582124
VEN,CUC,28800,8957,37965811
VEN,CUC,8360,2872,12025093
VEN,CUC,1672,2562,10805919
VEN,CUC,5042,3728,15851026
VEN,CUC,9405,12970,54946148
VEN,CUC,961,5626,23218324
VEN,CUC,125,2346,9944342
VEN,CUC,125,2050,8689642
VEN,CUC,30,345,1444518
VEN,CUC,20160,33600,141838704
VEN,CUC,5789,11393,46947872
VEN,CUC,24,336,1384528
VEN,CUC,331,290,1225892
VEN,CUC,30345,43276,189837098
VEN,CUC,286,1530,6336429
VEN,CUC,1710,12480,52266740
VEN,CUC,103,367,1524681
VEN,CUC,200,248,1023562
VEN,CUC,840,280,1172363
VEN,CUC,40468,16892,71602485
VEN,CUC,45604,13398,56793469
VEN,CUC,1,80,334961
VEN,CUC,4494,3756,15869356
VEN,CUC,29,3092,12954915
VEN,CUC,5540,18614,76702869
VEN,CUC,12767,2944,12428820
VEN,CUC,2000,4846,19966876
VEN,CUC,540,354,1505750
VEN,CUC,432,156,659659
VEN,CUC,12,9378,39589040
VEN,CUC,5,3503,14787529
VEN,CUC,19,12499,52763576
VEN,CUC,45,27482,116010974
VEN,CUC,460,2300,10089318
VEN,CUC,854,908,3740699
VEN,CUC,612,1032,4253016
VEN,CUC,9298,10978,45235796
VEN,CUC,6510,8430,34736703
VEN,CUC,7026,9328,38438174
VEN,CUC,400,300,1256103
VEN,CUC,170,4518,18615643
VEN,CUC,2218,5488,23227678
VEN,CUC,74229,53566,225305801
VEN,CUC,124,2942,12124924
VEN,CUC,4000,100,438666
VEN,CUC,34400,3200,13398432
VEN,CUC,123,406,1756377
VEN,CUC,1050,3255,13740709
VEN,CUC,303,611,2579902
VEN,CUC,188,750,3289995
VEN,CUC,2695,5031,20953424
VEN,CUC,12,10,42214
VEN,CUC,1408,7132,29989691
VEN,CUC,253,1516,6435250
VEN,CUC,69,237,981105
VEN,CUC,240,508,2224144
VEN,CUC,3000,1720,7260791
VEN,CUC,2121,4943,20542596
VEN,CUC,1926,3077,13420080
VEN,CUC,1200,224,982612
VEN,CUC,1649,3971,17189553
VEN,CUC,2446,4960,21581296
VEN,CUC,3785,26129,110643630
VEN,CUC,466,2010,8324274
VEN,CUC,9,43,181351
VEN,CUC,3,19,79362
VEN,CUC,1560,988,4201405
VEN,CUC,3000,38250,167789745
VEN,CUC,5000,56000,245652960
VEN,CUC,200,758,3199814
VEN,CUC,4320,3908,16498881
VEN,CUC,1630,1273,5582902
VEN,CUC,16838,88520,372703738
VEN,CUC,40,480,1977898
VEN,CUC,126,11893,48211368
VEN,CUC,379680,10506,43988727
VEN,CUC,1730,1757,7659466
VEN,CUC,339,424,1848386
VEN,CUC,33904,37488,155253928
VEN,CUC,6028,6888,29197199
VEN,CUC,3481,3168,13459600
VEN,CUC,30036,27365,116268308
VEN,CUC,17084,26117,113854450
VEN,CUC,14409,16782,72499197
VEN,CUC,2160,1200,5263992
VEN,CUC,2804,5612,24464953
VEN,CUC,2,1600,6699216
VEN,CUC,1,200,837402
VEN,CUC,5000,200,824124
VEN,CUC,624,4664,19217912
VEN,CUC,2406,756,3165380
VEN,CUC,12,25808,108965556
VEN,CUC,828,10304,43506104
VEN,CUC,4,500,2093505
VEN,CUC,10,700,2930907
VEN,CUC,32,712,2935365
VEN,CUC,291,44850,189086122
VEN,CUC,10,166,701289
VEN,CUC,1937,1984,8325601
VEN,CUC,13,2470,10341915
VEN,CUC,89,57472,243259399
VEN,CUC,200,486,2053625
VEN,CUC,2,50,209350
VEN,CUC,96,184,759513
VEN,CUC,40092,12355,52256882
VEN,CUC,261600,5450,22819204
VEN,CUC,4000,8652,36575378
VEN,CUC,32220,42330,178945419
VEN,CUC,33000,28600,121521400
VEN,CUC,8000,16440,69498292
VEN,CUC,22800,22536,95266432
VEN,CUC,39200,38370,161404070
VEN,CUC,3200,3304,13967297
VEN,CUC,4690,4630,19574929
VEN,CUC,3200,2856,12073426
VEN,CUC,25437,21906,96095929
VEN,CUC,4703,62929,267580877
VEN,CUC,20160,33600,138452832
VEN,CUC,12775,14219,61984478
VEN,CUC,4000,4712,20541493
VEN,CUC,4225,7019,30599936
VEN,CUC,157,648,2670162
VEN,CUC,3360,18510,80690750
VEN,CUC,34,3530,14546489
VEN,CUC,2560,1760,7418273
VEN,CUC,1920,979,4126319
VEN,CUC,10,687,2830866
VEN,CUC,80,210,866978
VEN,CUC,2692,5817,23968452
VEN,CUC,387,1953,8045964
VEN,CUC,221,817,3366670
VEN,CUC,3007,8440,34777950
VEN,CUC,782,6097,25122761
VEN,CUC,487,2010,8282446
VEN,CUC,8473,48676,210802951
VEN,CUC,1800,2784,12136570
VEN,CUC,1680,3754,15819243
VEN,CUC,26500,71775,312896371
VEN,CUC,12,668,2911207
VEN,CUC,35,340,1483068
VEN,CUC,90,10728,46767643
VEN,CUC,275,1805,7437101
VEN,CUC,14400,13399,56463321
VEN,CUC,840,706,2973377
VEN,CUC,20,80,342952
VEN,CUC,2,10,41414
VEN,CUC,8040,7316,30399203
VEN,CUC,4720,4295,17846298
VEN,CUC,31874,34265,141191190
VEN,CUC,3360,2556,10618032
VEN,CUC,3102,2358,9798263
VEN,CUC,1677,1291,5364526
VEN,CUC,11355,11200,46533500
VEN,CUC,32220,46500,203979690
VEN,CUC,4075,19166,78949612
VEN,CUC,581,2929,12203861
VEN,CUC,4382,18986,79397808
VEN,CUC,37814,91586,384945758
VEN,CUC,2636,13923,58316175
VEN,CUC,53520,29993,126142098
VEN,CUC,17295,9725,40882241
VEN,CUC,45420,37419,157208520
VEN,CUC,972,7209,30631806
VEN,CUC,288,500,2125180
VEN,CUC,40,66,280434
VEN,CUC,478,817,3470243
VEN,CUC,406,979,4159516
VEN,CUC,6486,26577,111662382
VEN,CUC,15600,10072,42317516
VEN,CUC,4000,2209,9281180
VEN,CUC,8700,6521,27398177
VEN,CUC,27324,28416,120827560
VEN,CUC,4561,4328,18317744
VEN,CUC,28852,28136,119072358
VEN,CUC,18162,36043,152998230
VEN,CUC,4056,9569,41975423
VEN,CUC,134197,243815,1046454983
VEN,CUC,450,1483,6020505
VEN,CUC,74282,154560,627640382
VEN,CUC,40000,18800,79095360
VEN,CUC,1421,5868,25578867
VEN,CUC,2239,16112,70237781
VEN,CUC,90,1671,7285647
VEN,CUC,39,57350,250011589
VEN,CUC,28000,44240,187526724
VEN,CUC,40000,18800,79274900
VEN,CUC,13417,38059,158134731
VEN,CUC,511,6245,25947891
VEN,CUC,25500,13770,58518507
VEN,CUC,168444,437026,1862374663
VEN,CUC,10132,24496,104431104
VEN,CUC,30254,80076,338676043
VEN,CUC,18000,30420,128144250
VEN,CUC,2047,12552,51720127
VEN,CUC,49510,104901,438244822
VEN,CUC,39093,33116,135752213
VEN,CUC,14090,9399,39778021
VEN,CUC,1920,8102,34131360
VEN,CUC,17821,28206,119933175
VEN,CUC,117960,76018,326307086
VEN,CUC,5896,17570,74170160
VEN,CUC,319140,143613,596703398
VEN,CUC,4136,34009,138105620
VEN,CUC,2,348,1413006
VEN,CUC,511,2836,11518219
VEN,CUC,18198,41504,175234932
VEN,CUC,1038,2469,10426367
VEN,CUC,7551,19038,79987846
VEN,CUC,279270,125672,534366528
VEN,CUC,1350,6054,25347614
VEN,CUC,113,635,2676714
VEN,CUC,840,5762,24207397
VEN,CUC,310,1254,5251348
VEN,CUC,325,3854,16138537
VEN,CUC,3900,70486,296633724
VEN,CUC,2260,17009,71462143
VEN,CUC,16079,34057,142707423
VEN,CUC,2100,6407,26827890
VEN,CUC,17867,16399,68822103
VEN,CUC,15017,6699,28350221
VEN,CUC,105,1120,4688865
VEN,CUC,2100,14705,61964364
VEN,CUC,2034,2911,12265139
VEN,CUC,675,5239,21936876
VEN,CUC,1876,7716,32304876
VEN,CUC,12317,26810,112254785
VEN,CUC,1560,7566,31678918
VEN,CUC,80,934,3935023
VEN,CUC,828,4066,17160725
VEN,CUC,36,120,506989
VEN,CUC,252,1782,7517607
VEN,CUC,2314,18314,77196865
VEN,CUC,1296,22581,95214006
VEN,CUC,20,26,108862
VEN,CUC,1,2,7372
VEN,CUC,2,35,145963
VEN,CUC,5,35,149080
VEN,CUC,8,156,657150
DEU,BOG,342,2193,8890098
DEU,BOG,841,5073,20564927
DEU,BOG,40,500,2024975
DEU,BOG,49,152,618117
DEU,MDE,184,114,478904
DEU,MDE,17,12,48389
DEU,MDE,2,2,8909
DEU,MDE,1940,2600,10956322
ABW,BOG,39,636,2691448
ABW,BOG,192,1697,7162390
ABW,BOG,63,3845,16271925
ABW,BOG,20,90,381783
ABW,MDE,21,800,3370000
ABW,MDE,6,58,237348
ABW,MDE,8,62,253830
ABW,MDE,24,168,690616
ABW,MDE,36,172,708747
ABW,MDE,42,295,1215583
ABW,MDE,8,22,92302
ABW,MDE,16,73,299157
ABW,MDE,52,172,708747
ABW,MDE,20,61,251358
ABW,MDE,58,333,1373815
ABW,MDE,31,175,720696
ABW,MDE,16,53,217569
ABW,MDE,196,648,2670986
ABW,MDE,46,152,625510
ABW,MDE,49,297,1223412
ABW,MDE,56,241,992245
ABW,MDE,16,102,418655
ABW,MDE,39,236,974115
ABW,MDE,54,307,1263382
ABW,MDE,28,192,792807
ABW,MDE,18,147,605731
ABW,MDE,16,80,337118
ABW,MDE,1,1,4264
ABW,MDE,27,682,2822260
ABW,MDE,265,7581,31320182
ABW,MDE,8,179,725258
ABW,MDE,201,4388,18345057
ABW,MDE,36,325,1370195
ABW,MDE,12,325,1315810
ABW,MDE,388,6176,25546868
ABW,MDE,21,369,1495959
ABW,MDE,92,1844,7532062
ABW,MDE,36,800,3339985
ABW,MDE,356,6404,26311211
ABW,MDE,138,1757,7218691
ABW,MDE,1034,12820,52566678
ABW,MDE,62,1254,5292559
ABW,MDE,66,58888,254882960
SAU,MDE,140,2231,9787691
SAU,MDE,400,12599,55267968
SAU,MDE,3,46,201348
SAU,MDE,410,3408,14951931
SAU,MDE,1,20,87733
SAU,MDE,30,30,131600
SAU,MDE,30,18,78960
SAU,MDE,15,9,39480
AUT,BOG,1,4000,16996000
AUT,BOG,2,14923,63408294
BHS,MDE,720,332,1396444
BHS,MDE,45,18,75825
BHS,MDE,13,72,303300
BHS,MDE,104,1,3075
BRB,BOG,1,3505,14442773
BRB,BOG,9,603,2484734
BMU,MDE,11,10824,45879871
BOL,BOG,10,141,582614
BOL,BOG,60,810,3338320
BOL,BOG,422,15145,64074577
BOL,BOG,154,7291,30845378
BOL,MDE,6,44,181225
BOL,MDE,754,8526,35133271
BOL,MDE,40,681,2804906
BOL,MDE,42,521,2146019
BOL,MDE,126,694,2860534
BOL,MDE,123,710,2924816
BOL,MDE,339,1895,7810223
BOL,MDE,462,1668,6871340
BOL,MDE,2098,6784,27956017
BOL,MDE,12,30,123619
BOL,MDE,30,99,406705
BOL,MDE,69,433,1782580
BOL,MDE,549,5063,20861751
BOL,MDE,491,4580,18870874
BOL,MDE,21,213,878310
BOL,MDE,183,3545,15061430
BOL,MDE,10,10,41206
BOL,MDE,476,1309,5499803
BOL,MDE,5501,16272,68365195
BOL,MDE,3149,24800,104199204
BOL,MDE,360,7186,29610116
BOL,MDE,360,7864,32405380
BOL,MDE,23508,26028,107251497
BOL,MDE,200,10,41206
BOL,MDE,450,10570,44946717
BOL,MDE,10,35,153451
BOL,MDE,397,1588,6648972
BOL,MDE,729,6718,28129171
BOL,MDE,204,2676,11665754
BOL,MDE,2927,50272,219157108
BOL,MDE,219,5440,23713654
BOL,MDE,123,1494,6511374
BOL,MDE,181,1774,7735537
BOL,MDE,8,8,32659
BOL,MDE,45,45,191344
BOL,MDE,4,4,16748
BOL,MDE,26,385,1597865
BOL,MDE,148,826,3433975
BOL,MDE,334,4914,20418248
BOL,MDE,21,236,981064
BOL,MDE,6,136,565695
BOL,MDE,6,95,393473
BOL,MDE,129,770,3200093
BOL,MDE,227,3134,13020460
BOL,MDE,20,272,1130476
BOL,MDE,15,242,1006202
BOL,MDE,19,307,1275359
BOL,MDE,5,30,126419
BOL,MDE,12000,9600,40454112
BRA,BOG,244,60687,246010898
BRA,BOG,80,299,1266205
BRA,BOG,15,52,220401
BRA,BOG,7,268,1133956
BRA,MDE,16,13648,59868346
CYM,BOG,302,3823,15831569
CYM,BOG,3,27,112937
CYM,BOG,2,27,112150
CYM,BOG,375,4493,18606782
CAN,BOG,77571,11676,48514783
CAN,BOG,20980,5818,24173815
CAN,BOG,7617,1439,5977878
CAN,BOG,200,2,8425
CAN,BOG,201,4,16526
CAN,BOG,450,2410,10215628
CAN,MDE,187,10000,41414300
CAN,MDE,345,496,2054398
CAN,MDE,1577,4885,20708054
CAN,MDE,22460,4783,20260200
CAN,MDE,4450,3892,16537708
CAN,MDE,135,324,1376676
CAN,MDE,1440,851,3600249
CAN,MDE,42934,11044,46810766
CAN,MDE,699,4776,20246125
CAN,MDE,3200,384,1684477
CAN,MDE,47656,26037,110507403
CAN,MDE,3360,1028,4511241
CAN,MDE,1205,12968,56691911
CAN,MDE,1968,3260,13817549
CAN,MDE,200,620,2628087
CAN,MDE,1013,2337,9908185
CAN,MDE,375862,83542,354127038
CAN,MDE,89395,32934,139894762
CAN,MDE,35590,4760,20193278
CAN,MDE,141389,63068,264245147
CAN,MDE,288750,63043,264853831
CAN,MDE,2584,26678,113359627
CAN,MDE,60,1,2543
CAN,MDE,120,38,158232
CAN,MDE,102,1,4826
CAN,MDE,60,0,255
CAN,MDE,300,20,84797
CAN,MDE,64,31,130537
CAN,MDE,23600,3304,14403458
CAN,MDE,1400,1266,5553512
CAN,MDE,80801,37453,159789623
CAN,MDE,59,576,2526716
CAN,MDE,28,43,183966
CAN,MDE,18,27,114449
CAN,MDE,54,1787,7402392
CAN,MDE,38,1181,4891194
CAN,MDE,45,1020,4224507
CAN,MDE,99,2570,10627477
CAN,MDE,1614121,328894,1393695226
CAN,MDE,487452,162007,687748583
CAN,MDE,66839,39032,165160572
CAN,MDE,70025,10078,42707871
CAN,MDE,24380,3549,15032150
CAN,MDE,306767,145185,617626785
CAN,MDE,202540,52377,221977487
CAN,MDE,6203,62184,264060664
CAN,MDE,11,120,510251
CAN,MDE,614,8573,36337754
CAN,MDE,12,64,267915
CAN,MDE,156,7924,33667376
CAN,MDE,54,1406,5974519
CAN,MDE,1072,19430,81975461
CAN,MDE,9,253,1069762
CAN,MDE,1,367251,1611006675
CAN,MDE,5440,2220,9439640
CAN,MDE,8,46,193775
CAN,MDE,2,2,8425
CAN,MDE,20,10,42125
CAN,MDE,100,0,424
CAN,MDE,60,11,50008
COL,MDE,23,278,1178582
COL,MDE,505,7755,32837129
COL,MDE,36,477,2003584
COL,MDE,252,4036,16958341
COL,MDE,20,781,3283244
COL,MDE,990,14213,62346721
COL,MDE,3765,24338,106761654
COL,MDE,8,90,380710
COL,MDE,55,851,3606334
COL,MDE,65,449,1902861
COL,MDE,111,440,1865307
COL,MDE,1266,6124,25930140
COL,MDE,283,5423,22947790
COL,MDE,19,161,680486
COL,MDE,9,104,438134
COL,MDE,130,1949,8259591
COL,MDE,233,3462,14657387
COL,MDE,61,951,4020919
COL,MDE,2,37,156160
COL,MDE,207,2973,12500445
COL,MDE,51,827,3497270
COL,MDE,36,240,1007271
COL,MDE,30,118,494434
COL,MDE,515,2534,10649756
COL,MDE,101,1928,8161354
COL,MDE,13,151,638181
COL,MDE,9,104,438009
COL,MDE,31,475,1998226
COL,MDE,84,1130,4750135
COL,MDE,57,792,3351297
COL,MDE,0,3,10956
COL,MDE,99,1421,6234672
COL,MDE,376,2434,10676165
COL,MDE,51,709,2998689
COL,MDE,278,4555,19278105
COL,MDE,18,731,3095178
COL,MDE,10,552,2332124
COL,MDE,114,4925,20818818
COL,MDE,319,7662,32393062
COL,MDE,19,375,1582835
COL,MDE,196,13235,55899418
COL,MDE,169,6203,26186335
COL,MDE,305,14925,63059504
COL,MDE,19,374,1579378
COL,MDE,41,3129,13239059
COL,MDE,119,2563,10842821
COL,MDE,9,482,2029035
COL,MDE,27,2589,10928121
COL,MDE,62,2494,10538800
COL,MDE,7,58,245164
COL,MDE,7,87,367767
COL,MDE,33,2008,8483345
COL,MDE,4,58,245164
COL,MDE,99,1851,7817538
COL,MDE,18,284,1197487
COL,MDE,75,1484,6270122
COL,MDE,13,213,903024
COL,MDE,22,521,2195344
COL,MDE,36,433,1831770
COL,MDE,21,782,3307383
COL,MDE,215,6199,26153076
COL,MDE,81,800,3367894
COL,MDE,305,3638,15351292
COL,MDE,77,2086,8812515
COL,MDE,71,4678,19704222
COL,MDE,320,2086,8826026
COL,MDE,285,6599,27799636
COL,MDE,159,1569,6611013
COL,MDE,37,2191,9230514
COL,MDE,40,237,997899
COL,MDE,190,1382,5821043
COL,MDE,8,1036,4365793
COL,MDE,198,4730,19963878
COL,MDE,18,265,1121739
COL,MDE,860,9316,39347947
COL,MDE,293,6312,26651414
COL,MDE,484,3260,13735902
COL,MDE,63,6022,25399609
COL,MDE,8,216,915292
COL,MDE,7,138,582083
COL,MDE,463,8548,36123445
COL,MDE,19,312,1319823
COL,MDE,44,834,3530444
COL,MDE,50,802,3387926
COL,MDE,25,200,844763
COL,MDE,53,3502,14805713
COL,MDE,308,17990,76039507
COL,MDE,140,2211,9313669
COL,MDE,330,6755,28547138
COL,MDE,120,3176,13416387
COL,MDE,133,1455,6140966
COL,MDE,341,3267,13771264
COL,MDE,100,1283,5405269
COL,MDE,1011,16506,69690528
COL,MDE,200,395,1663137
COL,MDE,20,99,415774
COL,MDE,14,125,528677
COL,MDE,64,1213,5127993
COL,MDE,18,569,2405469
COL,MDE,124,7710,32591951
COL,MDE,99,2536,10718632
COL,MDE,161,7262,30697742
COL,MDE,25,450,1903171
COL,MDE,27,1501,6343960
COL,MDE,52,1244,5260184
COL,MDE,5,421,1779816
COL,MDE,52,1326,5603828
COL,MDE,8,225,951543
COL,MDE,11,250,1057313
COL,MDE,15,266,1123429
COL,MDE,8,1013,4282177
COL,MDE,17,283,1198338
COL,MDE,220,1063,4493589
COL,MDE,201,2779,11749523
COL,MDE,17,1417,5991522
COL,MDE,270,2689,11366226
COL,MDE,346,8180,34578909
COL,MDE,8,500,2114625
COL,MDE,6,188,792974
COL,MDE,132,2272,9604038
COL,MDE,21,474,2004502
COL,MDE,19,1982,8379321
COL,MDE,312,4496,19005415
COL,MDE,321,6304,26649002
COL,MDE,37,4399,18595697
COL,MDE,19,1429,6040010
COL,MDE,33,363,1533105
COL,MDE,60,750,3171980
COL,MDE,21,372,1572758
COL,MDE,46,987,4172011
COL,MDE,4,54,229082
COL,MDE,6,234,991238
COL,MDE,15,397,1678485
COL,MDE,110,2569,10859615
COL,MDE,67,698,2951691
COL,MDE,5,229,969214
COL,MDE,145,7038,29784605
COL,MDE,4,120,507836
KOR,MDE,15860,8846,38315498
KOR,MDE,106,1544,6771906
KOR,MDE,21340,13903,59727072
KOR,MDE,52,750,3173978
KOR,MDE,800,152,662629
KOR,MDE,28890,21177,89377845
KOR,MDE,296,2762,11687060
KOR,MDE,1320,732,3102838
KOR,MDE,55095,29004,123605646
KOR,MDE,734,8000,34875200
CRI,BOG,190,2576,10939518
CRI,BOG,216,2380,10089819
CRI,BOG,275,2502,10545460
CRI,BOG,699,6516,27458439
CRI,BOG,1247,6839,29059973
CRI,BOG,376,1827,7745905
CRI,BOG,528,3082,13045314
CRI,BOG,471,3572,15143080
CRI,BOG,244,2067,8760347
CRI,BOG,12638,115343,490286274
CRI,BOG,191,2153,9174531
CRI,BOG,415,3302,14485892
CRI,BOG,358,4117,17348914
CRI,BOG,578,3535,14853963
CRI,BOG,1750,11662,49270555
CRI,BOG,396,4039,16970820
CRI,BOG,377,4524,19007722
CRI,BOG,479,3185,13422969
CRI,BOG,3132,41305,174740735
CRI,BOG,1763,11979,50745317
CRI,BOG,9824,58139,247449659
CRI,BOG,4924,25795,109192877
CRI,BOG,407,3866,16245216
CRI,BOG,21168,128431,541742916
CRI,BOG,1164,4465,19122203
CRI,BOG,5242,24849,107443414
CRI,BOG,713,2707,11444263
CRI,BOG,9867,26024,109590055
CRI,BOG,47407,122749,523844199
CRI,BOG,23747,120150,506731438
CRI,BOG,6656,27481,114710020
CRI,BOG,29416,123782,522424300
CRI,BOG,4381,23428,98932743
CRI,BOG,3747,47798,194420110
CRI,BOG,456,987,4132443
CRI,BOG,7630,54951,231176379
CRI,BOG,363,3389,14390658
CRI,BOG,240,2736,11330952
CRI,BOG,586,5154,20894701
CRI,BOG,212,1984,8457476
CRI,BOG,312,3994,16779230
CRI,BOG,903,7416,30697035
CRI,BOG,250,2205,9369045
CRI,BOG,4106,39166,167645150
CRI,BOG,2513,29113,123153860
CRI,BOG,5931,30129,132167785
CRI,BOG,2175,23615,99828547
CRI,BOG,1852,11467,48072727
CRI,BOG,13533,67902,282565447
CRI,BOG,240,10382,44113968
CRI,BOG,1226,17400,73374172
CRI,BOG,23518,165398,706042328
CRI,BOG,11694,56806,240509722
CRI,BOG,65,648,2759222
CRI,BOG,3000,4500,18542790
CRI,BOG,1000,4900,21494634
CRI,BOG,93,693,2918099
CRI,BOG,9410,2962,12520895
CRI,MDE,39,867,3515826
CRI,MDE,6,100,423060
CRI,MDE,40,228,927494
CRI,MDE,6,162,687711
CRI,MDE,40,229,929118
CRI,MDE,99,3181,13484884
CRI,MDE,99,197,799293
CRI,MDE,36,72,293842
CRI,MDE,48,661,2769288
CRI,MDE,10480,2700,11422647
CRI,MDE,32,1925,7973412
CRI,MDE,23,2064,8548905
CRI,MDE,35,2755,11408480
CRI,MDE,5,347,1437242
CRI,MDE,0,129,544488
CRI,MDE,20000,2210,9351553
CRI,MDE,8,640,2707590
CRI,MDE,31,607,2580424
CRI,MDE,8,612,2522726
CRI,MDE,2,146,601157
CRI,MDE,45,2234,9204229
CRI,MDE,180,3551,14631992
CRI,MDE,19,1900,7827365
CRI,MDE,35,1930,7954321
CRI,MDE,22,1102,4538945
CRI,MDE,4,151,620895
CRI,MDE,896,2166,8973580
CRI,MDE,24,4543,18719977
CRI,MDE,431,3686,15189265
CRI,MDE,80,138,568233
CRI,MDE,61,2364,9994987
CRI,MDE,676,919,3887911
CRI,MDE,300,60,247237
CRI,MDE,154,2638,11165037
CRI,MDE,410,310,1313392
CRI,MDE,102,5094,21185034
CRI,MDE,72,1627,6913386
CRI,MDE,348,5315,22138663
CRI,MDE,35,1065,4386688
CRI,MDE,13,352,1455795
CRI,MDE,12,222,916426
CRI,MDE,109,1612,6836913
CRI,MDE,60,214,902702
CRI,MDE,125,601,2539903
CRI,MDE,682,2258,9536057
CRI,MDE,4950,18839,79417848
CRI,MDE,28,162,685579
CRI,MDE,914,6741,28113920
CRI,MDE,4,37,156729
CRI,MDE,26,314,1316039
CRI,MDE,7,75,320811
CRI,MDE,7,69,292508
CRI,MDE,1090,28319,116985450
CRI,MDE,20,54,223791
CRI,MDE,110,493,2043142
CRI,MDE,88,1153,4775856
CRI,MDE,77,748,3112936
CRI,MDE,4,51,210481
CRI,MDE,15,210,873991
CRI,MDE,10,158,650234
CRI,MDE,18,241,993894
CRI,MDE,863,3858,15902107
CRI,MDE,1,9,37665
CRI,MDE,36,538,2286556
CRI,MDE,3,105,425645
CRI,MDE,2,53,215660
CRI,MDE,7374,51719,217894262
CRI,MDE,686,13061,56668522
CRI,MDE,96,2284,9703147
CRI,MDE,1330,989,4010385
CRI,MDE,6,14,57854
CRI,MDE,250,28,117438
CRI,MDE,551,4363,18591462
CRI,MDE,59,3399,14006812
CRI,MDE,157,5594,23592655
CRI,MDE,260,10852,44715485
CRI,MDE,32,1396,5750449
CRI,MDE,198,3192,13564054
CRI,MDE,36,339,1375647
CRI,MDE,20,10,42497
CRI,MDE,108,726,2947188
CRI,MDE,4,236,982602
CRI,MDE,4,234,963689
CRI,MDE,19,118,485945
CRI,MDE,5,125,528826
CRI,MDE,125,3779,15987348
CRI,MDE,86,1670,7056624
CRI,MDE,4400,11988,52587280
CRI,MDE,1,493,2030477
CRI,MDE,65,4658,19560344
CRI,MDE,788,9216,38462453
CRI,MDE,230,6941,28975671
CRI,MDE,200,2,8443
CRI,MDE,850,8,35882
CRI,MDE,0,0,422
CRI,MDE,70,175,726159
CRI,MDE,0,10,41206
CRI,MDE,6,322,1338929
CRI,MDE,128,3580,14874311
CRI,MDE,76,3930,16328208
CRI,MDE,384,5013,20830750
CRI,MDE,36,513,2130695
CRI,MDE,140,774,3215591
CRI,MDE,70,698,2900314
CRI,MDE,88,988,4104582
CRI,MDE,44,1223,5082821
CRI,MDE,3,32,135853
CRI,MDE,202,2464,10379696
CRI,MDE,6,93,390752
CRI,MDE,202,1832,7718188
CRI,MDE,50,450,1894902
CRI,MDE,166,1842,7761585
CRI,MDE,232,2203,9280431
CRI,MDE,348,3148,13261635
CRI,MDE,148,1177,4960036
CRI,MDE,165,833,3510682
CRI,MDE,311,1670,7035351
CRI,MDE,329,1105,4656715
CRI,MDE,3490,19710,83030570
CRI,MDE,825,5935,25003528
CRI,MDE,97,1303,5488272
CRI,MDE,20,216,912097
CRI,MDE,4776,14543,61270281
CRI,MDE,457,919,3869615
CRI,MDE,15,30,127016
CRI,MDE,136,925,3898398
CRI,MDE,11196,5124,20772845
CRI,MDE,657,11225,47694983
CRI,MDE,2079,5198,21329759
CRI,MDE,490,7788,33090362
CRI,MDE,320,9735,40343032
CRI,MDE,196,2127,8763693
CRI,MDE,25200,1257,5094239
CRI,MDE,48,66,277520
CRI,MDE,92,538,2266436
CRI,MDE,38,72,303216
CRI,MDE,11,82,346604
CRI,MDE,31,302,1271375
CRI,MDE,53,355,1494858
CRI,MDE,19,112,472695
CRI,MDE,156,2106,8870241
CRI,MDE,7,50,210541
CRI,MDE,5,44,185139
CRI,MDE,26,315,1325252
CRI,MDE,910,8129,34247991
CRI,MDE,91,1835,7731917
CRI,MDE,17,234,983956
CRI,MDE,372,5367,22609437
CRI,MDE,87,928,3911279
CRI,MDE,51,919,3872161
CRI,MDE,39,536,2257752
CRI,MDE,49,943,3972079
CRI,MDE,65,686,2887772
CRI,MDE,1,12,50989
CRI,MDE,40,592,2492115
CRI,MDE,679,9868,41568854
CRI,MDE,316,4611,19423851
CRI,MDE,437,6747,28421068
CRI,MDE,208,3216,13546052
CRI,MDE,22,264,1110098
CRI,MDE,432,4147,17470600
CRI,MDE,10,48,200936
CRI,MDE,315,2622,11044944
CRI,MDE,269,2648,11153017
CRI,MDE,56,168,707700
CRI,MDE,224,1782,7509414
CRI,MDE,34,291,1226967
CRI,MDE,8,18,73803
CRI,MDE,29,355,1497476
CRI,MDE,13,227,957248
CRI,MDE,101,1549,6523983
CRI,MDE,135,1996,8409051
CRI,MDE,42,395,1664328
CRI,MDE,19,232,978340
CRI,MDE,41,276,1160628
CRI,MDE,245,1336,5630028
CRI,MDE,26,71,300103
CRI,MDE,1,3485,14591730
CRI,MDE,9,441,1846471
CRI,MDE,6,26,110957
CRI,MDE,7,108,455877
CRI,MDE,40,220,925065
CRI,MDE,16,26,110536
CRI,MDE,59,61,257261
CRI,MDE,21,32,136022
CRI,MDE,3,3,13775
CRI,MDE,28789,5807,25475440
CRI,MDE,4,0,1176
CRI,MDE,150,2445,10343841
CRI,MDE,604,5662,23831416
CRI,MDE,5,25,104205
CRI,MDE,147,709,2996120
CRI,MDE,3485,3107,13146869
CRI,MDE,170,156,659637
CRI,MDE,2,20,86316
CRI,MDE,32,317,1381058
CRI,MDE,15,135,588519
CRI,MDE,56,470,2050662
CRI,MDE,190,1053,4590012
CRI,MDE,29,252,1099877
CRI,MDE,41,525,2287813
CRI,MDE,103,1201,5235639
CRI,MDE,23,283,1235454
CRI,MDE,26,250,1088106
CRI,MDE,83,1104,4812342
CRI,MDE,105,915,3987979
CRI,MDE,26,244,1065437
CRI,MDE,132,1105,4815393
CRI,MDE,35,528,2303943
CRI,MDE,2,14,59288
CRI,MDE,280,182,769118
CRI,MDE,10025,4877,20639445
CRI,MDE,101,88527,382730384
CUB,MDE,43,4597,19406616
CUB,MDE,12,7860,32657828
CUB,MDE,3620,36,153446
CUB,MDE,80,2,7036
CUB,MDE,100,2,8478
CUB,MDE,200,50,211942
CUB,MDE,16,70,297567
CUB,MDE,11,2,9325
CUB,MDE,17,9,38150
CUB,MDE,10,12,49806
CUB,MDE,7,1,5934
CUB,MDE,199,4,16871
CUB,MDE,5,0,212
CUB,MDE,550,6,23314
CUB,MDE,92,81387,354370554
CUW,BOG,2,32,128038
CUW,BOG,6,60,244096
CUW,BOG,3,60,244218
CUW,BOG,11,179,728188
CUW,BOG,155,966,3922884
CUW,BOG,24,126,510812
CUW,BOG,12,202,821384
CUW,BOG,13,198,802095
CUW,BOG,12,164,665854
CUW,BOG,63,1038,4214370
CUW,BOG,28,295,1196199
CUW,BOG,4,96,388621
CUW,BOG,41,1105,4486161
CUW,BOG,16,149,604942
CUW,MDE,157,2218,9424027
CUW,MDE,64,946,4017769
CUW,MDE,72,655,2784115
CUW,MDE,55,455,1934570
CUW,MDE,14,208,884004
CUW,MDE,106,1091,4634639
CUW,MDE,256,3139,13338163
CUW,MDE,162,1204,5115371
CUW,MDE,4,56,238921
CUW,MDE,42,405,1719613
CUW,MDE,863,3366,14300222
CUW,MDE,333,1812,7700675
CUW,MDE,309,789,3351356
CUW,MDE,1373,5544,23555649
CUW,MDE,23,180,765415
CUW,MDE,2018,11910,50604485
CUW,MDE,671,5629,23918428
CUW,MDE,812,3041,12919679
CUW,MDE,306,680,2889235
CUW,MDE,15,26,111026
CUW,MDE,497,4796,20379691
CUW,MDE,2,36,152709
CUW,MDE,6,75,317400
CUW,MDE,5,51,218441
CUW,MDE,4,39,165541
CUW,MDE,500,130,552370
CUW,MDE,6,39,165711
CUW,MDE,12,74,316126
CUW,MDE,24,126,535374
CUW,MDE,181,1097,4660303
CUW,MDE,82,597,2537673
CUW,MDE,33,135,573615
CUW,MDE,11,50,210326
CUW,MDE,52,174,739326
CUW,MDE,15,54,229446
CUW,MDE,12,74,316126
CUW,MDE,12,36,152964
CUW,MDE,24,137,581263
CUW,MDE,6,42,179180
CUW,MDE,233,836,3550464
CUW,MDE,12,42,178458
CUW,MDE,30,186,790314
CUW,MDE,43,191,810284
CUW,MDE,148,1141,4848661
CUW,MDE,23,138,586362
CUW,MDE,60,379,1611221
CUW,MDE,12,65,275335
CUW,MDE,238,3610,15337105
CUW,MDE,91,1278,5428225
CUW,MDE,23,319,1354029
CUW,MDE,216,3029,12871793
CUW,MDE,145,1938,8235242
CUW,MDE,98,1490,6329820
CUW,MDE,34,601,2553309
CUW,MDE,38,511,2173151
CUW,MDE,156,1655,7033710
CUW,MDE,4,62,262758
CUW,MDE,38,476,2021632
CUW,MDE,19,237,1005058
CUW,MDE,17,183,776292
CUW,MDE,8,112,477843
CUW,MDE,7,111,471766
CUW,MDE,11,55,234587
CUW,MDE,8,51,218441
CUW,MDE,0,1,3314
CUW,MDE,16,29,123306
CUW,MDE,30,28734,123983443
CHL,BOG,1,13,54175
CHL,BOG,16,107,455195
CHL,BOG,8,29,122244
CHL,BOG,39,93,394902
CHL,BOG,87,194,824943
CHL,BOG,1,5,19758
CHL,BOG,10,136,579564
CHL,BOG,9,23,97472
CHL,BOG,83,491,2084432
CHL,BOG,27,204,866031
CHL,BOG,8,65,277375
CHL,BOG,2,29,123221
CHL,BOG,0,1,4546
CHL,BOG,666,12182,50198341
CHL,BOG,30,382,1618729
CHL,BOG,547,3243,13678849
CHL,BOG,5745,41037,173437536
CHL,BOG,403,4448,18802953
CHL,BOG,129,1053,4451803
CHL,BOG,206,22820,97033757
CHL,BOG,107,1851,7863709
CHL,BOG,1027,3335,13878169
CHL,BOG,355,2655,11235880
CHL,BOG,1,13,53958
CHL,BOG,49,3215,14101094
CHL,BOG,302,1653,7035501
CHL,BOG,39,254,1067551
CHL,BOG,1100,7500,31747530
CHL,BOG,2261,8279,35121592
CHL,BOG,189,649,2736820
CHL,BOG,2462,9303,39269755
CHL,BOG,2520,4882,20530901
CHL,BOG,29752,65616,276402989
CHL,BOG,1080,3100,13093180
CHL,BOG,413,1837,7784175
CHL,BOG,756,3807,16186169
CHL,BOG,13962,91162,384312880
CHL,BOG,120,289,1219794
CHL,BOG,352,1009,4249331
CHL,BOG,100,314,1375525
CHL,BOG,41,376,1650437
CHL,BOG,21,381,1669914
CHL,BOG,606,3291,13981674
CHL,BOG,194,1133,4813947
CHL,BOG,424,3363,14286846
CHL,BOG,470,2344,9901061
CHL,BOG,30,244,1032301
CHL,BOG,39,176,740977
CHL,BOG,12,265,1161895
CHL,BOG,12379,77820,327937571
CHL,BOG,11661,77341,326064305
CHL,BOG,440,10388,43939468
CHL,BOG,285,2872,12119600
CHL,BOG,5,48,199214
CHL,BOG,253,1518,6421618
CHL,BOG,47,266,1122487
CHL,BOG,2,155,658595
CHL,BOG,20,176,746974
CHL,BOG,2,717,3046533
CHL,BOG,10,1624,6900376
CHL,BOG,19,242,1018688
CHL,BOG,298,1755,7314645
CHL,BOG,8304,60725,254220679
CHL,BOG,787,8482,35575081
CHL,BOG,93,759,3191554
CHL,BOG,9,702,2892675
CHL,BOG,161,11966,49307339
CHL,BOG,248,18739,77215969
CHL,BOG,821,14269,58797621
CHL,BOG,3,118,503873
CHL,BOG,50,54,231739
CHL,BOG,550,177,753045
CHL,BOG,1,4,19134
CHL,BOG,16,93,396295
CHL,BOG,168,1626,6912793
CHL,BOG,10,150,635687
CHL,BOG,23,519,2205942
CHL,BOG,14,136,580410
CHL,BOG,897,26214,111464500
CHL,BOG,20,524,2228946
CHL,BOG,29,1034,4394535
CHL,BOG,2,181,769628
CHL,BOG,36,1687,7172213
CHL,BOG,84,4089,17387646
CHL,BOG,21,768,3267306
CHL,BOG,1,60,255976
CHL,BOG,6,291,1238634
CHL,BOG,20,888,3776706
CHL,BOG,50,1446,6149798
CHL,BOG,67,1775,7545972
CHL,BOG,82,2632,11189460
CHL,BOG,107,4053,17234146
CHL,BOG,7,459,1951284
CHL,BOG,126,5552,23608029
CHL,BOG,209,3802,16165936
CHL,BOG,3,102,432012
CHL,BOG,74,1110,4719820
CHL,BOG,10,162,690965
CHL,BOG,14,2,8504
CHL,BOG,8,1,4252
CHL,BOG,2,0,510
CHL,BOG,2,0,255
CHL,BOG,0,6,26320
CHL,BOG,1,0,553
CHL,BOG,90,3760,15268721
CHL,BOG,212,11010,46545424
CHL,BOG,282,2703,11425916
CHL,BOG,71,5739,24260822
CHL,BOG,329,14459,61124973
CHL,BOG,25,1977,8358015
CHL,BOG,22,3131,13234605
CHL,BOG,565,3783,15991075
CHL,BOG,10,608,2571141
CHL,BOG,90,1985,8391538
CHL,BOG,116,557,2316213
CHL,BOG,12,210,870834
CHL,BOG,1145,38039,160806660
CHL,BOG,42,87,366768
CHL,BOG,28,128,543135
CHL,BOG,88,2625,10906510
CHL,BOG,33,1436,6071716
CHL,BOG,38,1587,6708699
CHL,BOG,36,271,1125075
CHL,BOG,9,238,1007133
CHL,BOG,11,479,2023821
CHL,BOG,17,541,2285792
CHL,BOG,39,151,632640
CHL,BOG,36,121,502706
CHL,BOG,10,335,1390866
CHL,BOG,34,815,3386650
CHL,BOG,374,13068,55239443
CHL,BOG,169,4651,19661126
CHL,BOG,7,242,1007074
CHL,BOG,1,158,668181
CHL,BOG,3,14,55430
CHL,BOG,75,4766,19802901
CHL,BOG,4,619,2570994
CHL,BOG,11,645,2678690
CHL,BOG,35,1842,7651530
CHL,BOG,90,3677,15279667
CHL,BOG,6,274,1137124
CHL,BOG,12,329,1367432
CHL,BOG,115,3419,14204493
CHL,BOG,71,927,3763374
CHL,BOG,736,22,93341
CHL,BOG,0,6,25956
CHL,MDE,18,1118,4531293
CHL,MDE,5,773,3135462
CHL,MDE,534,31294,126860230
CHL,MDE,6,312,1264773
CHL,MDE,28,1201,4867552
CHL,MDE,1,46,184892
CHL,MDE,176,4913,19917136
CHL,MDE,72,2133,8645819
CHL,MDE,279,5301,22470144
CHL,MDE,153,2907,12322337
CHL,MDE,740,9894,41939182
CHL,MDE,400,6288,26653889
CHL,MDE,853,13648,57851825
CHL,MDE,489,7509,31829525
CHL,MDE,26,130,525935
CHL,MDE,20,349,1416019
CHL,MDE,3,176,715245
CHL,MDE,50,1491,6045980
CHL,MDE,116,1187,4812827
CHL,MDE,200,4000,16482480
CHL,MDE,10,147,623111
CHL,MDE,65,1925,8160422
CHL,MDE,40,470,1993955
CHL,MDE,30,300,1271655
CHL,MDE,786,21247,88168710
CHL,MDE,1,32,140373
CHL,MDE,6,5864,25721532
TWN,MDE,108,11664,48305640
ECU,BOG,465,1321,5441691
ECU,BOG,2634,10234,42999887
ECU,BOG,4233,14689,60564048
ECU,BOG,944,5390,22201505
ECU,BOG,18366,173730,716204478
ECU,BOG,142,3648,15278833
ECU,BOG,405,4245,17798106
ECU,BOG,75,720,3060854
ECU,BOG,450,6389,26326641
ECU,BOG,94,698,2829623
ECU,BOG,131,991,4200964
ECU,BOG,2,16,65014
ECU,BOG,1104,7176,31052394
ECU,BOG,13681,75832,323572321
ECU,BOG,4369,23651,100253041
ECU,BOG,1,10,40905
ECU,BOG,2788,12646,55231291
ECU,BOG,4417,17498,73492576
ECU,BOG,8201,37055,153440663
ECU,BOG,1290,4701,19750132
ECU,BOG,12482,42011,173411271
ECU,BOG,94539,261906,1088163183
ECU,BOG,3751,11120,46721011
ECU,BOG,11544,33746,141544983
ECU,BOG,16455,48400,206322568
ECU,BOG,11418,46905,199528732
ECU,BOG,6964,67019,292264085
ECU,BOG,1745,5418,22188221
ECU,BOG,7971,29717,125539376
ECU,BOG,233,2100,9202380
ECU,BOG,314,2970,12982683
ECU,BOG,338,3556,15597910
ECU,BOG,900,8649,37940222
ECU,BOG,1986,12299,52964295
ECU,BOG,1258,13112,53244049
ECU,BOG,299,2592,11014810
ECU,BOG,1105,7838,33632889
ECU,BOG,1469,10503,45572751
ECU,BOG,3210,10669,46442711
ECU,BOG,72,733,2971244
ECU,BOG,16,163,689723
ECU,BOG,887,5253,22891396
ECU,BOG,1,6,24249
ECU,BOG,37379,249796,1037979266
ECU,BOG,14969,113522,469802035
ECU,BOG,150,1508,6206161
ECU,BOG,2927,16547,69395617
ECU,BOG,959,4373,19163622
ECU,BOG,5500,33372,141183917
ECU,BOG,228,2272,9430685
ECU,BOG,5900,1526,6482784
ECU,BOG,9800,4521,19209856
ECU,BOG,51,1897,8061458
ECU,BOG,15,720,3158395
ECU,BOG,100,799,3244522
ECU,BOG,199,1713,6958151
ECU,BOG,100,1010,4101520
ECU,BOG,5250,718,2915189
ECU,BOG,20,2,8773
ECU,BOG,84,1168,4935901
ECU,BOG,228,5456,23064302
ECU,BOG,456,15448,65305059
ECU,BOG,172,1209,5110069
ECU,BOG,81356,72308,317188857
ECU,BOG,300,3,13160
ECU,BOG,21,591,2400316
ECU,IPI,7470,53522,225541282
ECU,IPI,4510,24456,103055460
ECU,IPI,581,3210,13527855
ECU,IPI,2250,6480,27306526
ECU,IPI,141,1269,5346474
ECU,IPI,178,93563,397615914
ECU,IPI,900,8177,34592894
ECU,IPI,440,34245,144921354
ECU,IPI,4,30,128105
ECU,IPI,560,1462,6159139
ECU,IPI,2,19,78043
ECU,IPI,80,2079,8834977
ECU,IPI,7,186,790021
ECU,IPI,920,7823,32869115
ECU,IPI,210,9263,38919697
ECU,IPI,3,15,63842
ECU,IPI,1,3,14370
ECU,IPI,1,4,17151
ECU,MDE,85800,7749,32607664
ECU,MDE,25,222,940253
ECU,MDE,69,768,3240690
ECU,MDE,148,3543,14855523
ECU,MDE,136,2756,11620830
ECU,MDE,25,249,1053422
ECU,MDE,5500,440,1813073
ECU,MDE,28000,1998,8605784
ECU,MDE,55,4425,18232178
ECU,MDE,60,1185,5196481
ECU,MDE,21800,16350,69521672
ECU,MDE,30,11,49964
ECU,MDE,340,8283,35104070
ECU,MDE,81,245,1034539
ECU,MDE,76,5195,21933715
ECU,MDE,152,5140,21701669
ECU,MDE,5,325,1370786
ECU,MDE,10,314,1326834
ECU,MDE,456,7198,30391195
ECU,MDE,30,517,2181047
ECU,MDE,8,95,402465
ECU,MDE,325,7331,31150354
ECU,MDE,58,1583,6726167
ECU,MDE,162,1083,4572523
ECU,MDE,81,975,4114596
ECU,MDE,162,1166,4920973
ECU,MDE,24,210,893565
ECU,MDE,81,1883,7951547
ECU,MDE,18,500,2111045
ECU,MDE,18,185,782860
ECU,MDE,20,3018,13158587
ECU,MDE,593,3201,13512669
ECU,MDE,92,1371,5697212
ECU,MDE,401,1230,5109787
ECU,MDE,150,2445,10347167
ECU,MDE,0,677,2750400
ECU,MDE,0,3,12175
ECU,MDE,1,393,1670603
ECU,MDE,1,185,787089
ECU,MDE,1,6632,28184077
ECU,MDE,20,200,812166
ECU,MDE,0,104,439484
ECU,MDE,4,1023,4329559
ECU,MDE,126,110095,472871573
SLV,BOG,212,5438,22595478
SLV,BOG,84,1835,7761308
SLV,BOG,575,8759,37057436
SLV,BOG,915,21302,90121470
SLV,BOG,901,18602,78698061
SLV,BOG,3,218,924178
SLV,BOG,2,171,725360
SLV,BOG,34,1992,8430677
SLV,BOG,751,13701,57980486
SLV,BOG,24,2031,8594666
SLV,BOG,152,7766,32867045
SLV,BOG,67,3318,14040153
SLV,BOG,30,5144,21768196
SLV,BOG,139,1202,5088690
SLV,BOG,4350,1137,4811750
SLV,BOG,9,94,397636
SLV,BOG,5,281,1190030
SLV,BOG,14,37,157260
SLV,BOG,1,6,24376
SLV,BOG,6,366,1546870
SLV,BOG,8,245,1036071
SLV,BOG,2050,176,744827
SLV,BOG,27,1503,6361667
SLV,BOG,134,5664,23970259
SLV,BOG,9,363,1536882
SLV,BOG,16,917,3880463
SLV,BOG,56,223,945168
SLV,BOG,12,363,1534385
SLV,BOG,0,139,589662
SLV,BOG,176,2864,12563394
SLV,BOG,27,11034,48403591
SLV,BOG,15,415,1711252
SLV,BOG,200,2130,9014096
SLV,BOG,147,367,1524614
SLV,BOG,146,8187,34016328
SLV,BOG,294,8206,34094150
SLV,BOG,1,54,222746
SLV,BOG,876,11419,47445218
SLV,BOG,6,85,354499
SLV,BOG,294,1623,6745088
SLV,BOG,147,1439,5979208
SLV,BOG,116,1301,5404704
SLV,BOG,58,1459,6063138
SLV,BOG,0,2,8601
SLV,MDE,126880,15090,63711338
SLV,MDE,18,2311,9818377
SLV,MDE,277,5374,22832002
SLV,MDE,686,9288,39466752
SLV,MDE,49820,7125,29997117
SLV,MDE,10000,2780,11639888
SLV,MDE,137,1103,4617058
SLV,MDE,430,3168,13264448
SLV,MDE,125,829,3469440
SLV,MDE,16,284,1237372
SLV,MDE,15,234,1019446
SLV,MDE,140,1060,4440031
SLV,MDE,363,2089,8747836
SLV,MDE,147,630,2637146
SLV,MDE,2244,6928,29436222
SLV,MDE,1438,4931,20953519
SLV,MDE,2519,24446,103872754
SLV,MDE,263,915,3832454
SLV,MDE,1925,10685,44737616
SLV,MDE,558,4288,17954234
SLV,MDE,48,765,3335464
SLV,MDE,350,2882,12184691
SLV,MDE,173,2559,10714307
SLV,MDE,607,4040,16913552
SLV,MDE,336,2153,9014800
SLV,MDE,16,272,1185059
SLV,MDE,312,3723,15708756
SLV,MDE,134,1787,7481014
SLV,MDE,153,1921,8106937
SLV,MDE,252,1485,6262825
SLV,MDE,556,5828,24635242
SLV,MDE,32,536,2335243
SLV,MDE,408,4231,17885749
SLV,MDE,24,447,1948477
SLV,MDE,961,8628,36449452
SLV,MDE,30,2550,10676876
SLV,MDE,16,176,766557
SLV,MDE,958,22768,95327750
SLV,MDE,112,3893,16501843
SLV,MDE,150,2445,10299562
SLV,MDE,246,2751,11518213
SLV,MDE,284,2099,8860698
SLV,MDE,1,6864,29165136
SLV,MDE,225,360,1483423
SLV,MDE,48,130,534032
SLV,MDE,40,60,247237
SLV,MDE,2523,1693,6974561
SLV,MDE,67,690,2843228
SLV,MDE,0,4,18833
SLV,MDE,275,2084,8724640
SLV,MDE,0,4,18833
SLV,MDE,0,2,9416
SLV,MDE,0,2,9416
SLV,MDE,0,2,9416
SLV,MDE,2,5,23541
SLV,MDE,0,2,9179
SLV,MDE,2,2,9416
SLV,MDE,0,6,27534
SLV,MDE,10,28,119550
SLV,MDE,816,12732,51612716
SLV,MDE,241,537,2178328
SLV,MDE,0,39,165229
SLV,MDE,1,35,149950
SLV,MDE,1,2,9416
SLV,MDE,4,4,18356
SLV,MDE,2,2,9416
SLV,MDE,247,2759,11367760
SLV,MDE,5,93,390752
SLV,MDE,2,100,406083
SLV,MDE,408,1032,4181453
SLV,MDE,234,12513,50725672
SLV,MDE,166,673,2729640
SLV,MDE,252,3238,13125345
SLV,MDE,126,1227,4972585
SLV,MDE,224,6633,26889928
SLV,MDE,553,7263,29442662
SLV,MDE,395,5451,22098708
SLV,MDE,430,10144,41120490
SLV,MDE,672,6234,25269883
SLV,MDE,930,7861,31865594
SLV,MDE,738,10950,44387172
SLV,MDE,332,1689,6847409
SLV,MDE,1,26,111234
SLV,MDE,6,421,1776023
SLV,MDE,2,9,37665
SLV,MDE,4,4,18833
SLV,MDE,1,1,4708
SLV,MDE,0,1906,8077849
SLV,MDE,0,754,3196347
SLV,MDE,0,9,36624
SLV,MDE,2,927,4040161
SLV,MDE,6,6,28249
SLV,MDE,2,6557,27794563
SLV,MDE,800,8437,35324966
ARE,MDE,44,2551691,10798678661
ARE,MDE,3,2183,8848345
ARE,MDE,73,3874224,16516673303
ARE,MDE,44,2487448,10392791593
ARE,MDE,186,3596,14815936
ESP,MDE,9075,4836,20476584
ESP,MDE,63,674,2855824
ESP,MDE,12,73,317088
ESP,MDE,2492,19025,79980352
ESP,MDE,219,2693,11365728
ESP,MDE,282,2418,10125591
ESP,MDE,28700,5471,22543047
ESP,MDE,1440,427,1759464
ESP,MDE,5520,439,1866968
ESP,MDE,12550,6933,28920960
ESP,MDE,4000,100,423885
ESP,MDE,220,559,2304541
ESP,MDE,4,68,288242
ESP,MDE,12,144,609404
ESP,MDE,26,169,698114
ESP,MDE,2372,17143,72834712
ESP,MDE,155,1671,7082028
ESP,MDE,93,325,1421118
ESP,MDE,331,1370,5745116
ESP,MDE,646,1501,6273035
ESP,MDE,16721,48067,202967535
ESP,MDE,195,638,2628198
ESP,MDE,95,358,1512142
ESP,MDE,1,16,67990
ESP,MDE,125,255,1089279
ESP,MDE,381,1440,6106317
ESP,MDE,1,13,53788
ESP,MDE,6,70,308470
ESP,MDE,309,4754,20143692
ESP,MDE,57,770,3256501
ESP,MDE,5177,36256,152243972
ESP,MDE,13162,77189,324724010
ESP,MDE,284,2809,11814537
ESP,MDE,474,4110,17624877
ESP,MDE,20,115,485772
ESP,MDE,23,131,541449
ESP,MDE,20,170,700505
ESP,MDE,40,215,884903
ESP,MDE,955,7519,30981170
ESP,MDE,90,1188,4895297
ESP,MDE,30,242,996366
ESP,MDE,175,28,118199
ESP,MDE,81190,44526,190158616
ESP,MDE,30000,5100,22232940
ESP,MDE,103600,28050,122281170
ESP,MDE,46550,13166,54523997
ESP,MDE,121365,19851,83896749
ESP,MDE,61264,16097,67999175
ESP,MDE,148060,19174,81094330
ESP,MDE,82160,8587,36161712
ESP,MDE,30,45,185428
ESP,MDE,163735,72811,310250299
ESP,MDE,113584,21071,89177601
ESP,MDE,677,6350,26820850
ESP,MDE,405,2106,8948394
ESP,MDE,920,17302,71296368
ESP,MDE,80,1803,7430302
ESP,MDE,75,1334,5497937
ESP,MDE,150,1095,4512079
ESP,MDE,600,60,254331
ESP,MDE,920,74,311979
ESP,MDE,240,24,101732
ESP,MDE,500,5,21194
ESP,MDE,5,1,4239
ESP,MDE,8,212,910521
ESP,MDE,81,3519,14806085
ESP,MDE,814,34908,147195472
ESP,MDE,2262,11049,46598090
ESP,MDE,5,1018,4192896
ESP,MDE,10397,40054,168882461
ESP,MDE,66,823,3494330
ESP,MDE,61,9229,38588275
ESP,MDE,9,430,1821525
ESP,MDE,217,5145,21771793
ESP,MDE,156,1754,7422029
ESP,MDE,0,7,29962
ESP,MDE,829,3753,15884403
ESP,MDE,6515,14941,63228679
ESP,MDE,204,1281,5422931
ESP,MDE,11,3147,13316486
ESP,MDE,668,10152,42862658
ESP,MDE,160,1600,6755344
ESP,MDE,188,3020,12750712
ESP,MDE,1994,1783502,7723021362
USA,BOG,18433,7274,31144033
USA,BOG,8691,1743,7363892
USA,BOG,329,2632,11183368
USA,BOG,101745,14030,58294182
USA,BOG,33285,7889,32777324
USA,BOG,1050,216,897467
USA,BOG,17856,5340,22188626
USA,BOG,2752,4258,17890283
USA,BOG,330698,61868,257059821
USA,BOG,48,284,1181665
USA,BOG,44,0,1870
USA,BOG,50,0,2124
USA,BOG,213,10,43847
USA,BOG,653,16,69242
USA,BOG,250,2,10622
USA,BOG,60,1,2549
USA,BOG,42,0,1785
USA,BOG,30,0,1272
USA,BOG,1452,24,103134
USA,BOG,4273,53063,223526287
USA,BOG,16875,8119,35314717
USA,BOG,5040,1008,4169567
USA,BOG,7800,992,4192936
USA,BOG,27840,7278,30909379
USA,BOG,4940,573,2423137
USA,BOG,14378,10982,46303021
USA,BOG,1080,229,968967
USA,BOG,175,2572,10653829
USA,MDE,20,690,2800754
USA,MDE,233,7477,30362704
USA,MDE,736,15302,64606421
USA,MDE,13,455,1905801
USA,MDE,30000,21000,88775190
USA,MDE,35,304,1272265
USA,MDE,2522,20771,87775676
USA,MDE,761,6665,28324317
USA,MDE,280,9623,39077570
USA,MDE,40,952,3986034
USA,MDE,19,328,1371832
USA,MDE,56,299,1264328
USA,MDE,1861,9466,40059642
USA,MDE,587,2235,9413969
USA,MDE,406,6814,29892719
USA,MDE,4643,66087,278508539
USA,MDE,1210,31470,127793102
USA,MDE,350,1561,6338956
USA,MDE,550,2453,9961216
USA,MDE,112,3594,14594948
USA,MDE,169,2202,9248213
USA,MDE,2807,63168,263943208
USA,MDE,752,19955,84275931
USA,MDE,748,4500,18744847
USA,MDE,34,538,2250978
USA,MDE,6000,4332,18332894
USA,MDE,1220,9928,40910339
USA,MDE,6834,32802,137343558
USA,MDE,2510,28447,119107874
USA,MDE,424,5024,20700965
USA,MDE,4000,200,846394
USA,MDE,10480,2244,9843665
USA,MDE,82652,44057,192999548
USA,MDE,61,588,2579356
USA,MDE,7700,808,3385198
USA,MDE,2277,19231,79642764
USA,MDE,2060,66943,281998356
USA,MDE,294,118,496435
USA,MDE,118048,20978,89213454
USA,MDE,45220,13951,59230138
USA,MDE,88933,45573,192744449
USA,MDE,1636,2162,8907132
USA,MDE,36730,5876,24968376
USA,MDE,100,25,105799
USA,MDE,80881,44106,190399325
USA,MDE,133885,37357,155090157
USA,MDE,1321,11172,47683228
USA,MDE,1170,7033,29884832
USA,MDE,402,220000,931033400
USA,MDE,188,4812,20272235
USA,MDE,4,87,352236
USA,MDE,448,7042,29664888
USA,MDE,1,7,26842
USA,MDE,170,4975,20957440
USA,MDE,585,22997,94763546
USA,MDE,15,341,1384905
USA,MDE,62,4836,19927318
USA,MDE,42,2747,11318519
USA,MDE,15,702,2892675
USA,MDE,12,468,1928450
USA,MDE,97,3389,13966429
USA,MDE,25,1170,4821125
USA,MDE,30,1026,4227756
USA,MDE,82,3838,15813291
USA,MDE,15,162,658423
USA,MDE,15,58,233498
USA,MDE,36,1294,5330434
USA,MDE,10,732,3016294
USA,MDE,306,2116,8593853
USA,MDE,600,711,2886357
USA,MDE,42,1436,5918859
USA,MDE,18,453,1909653
USA,MDE,5,881,3629731
USA,MDE,5,398,1745891
USA,MDE,82,4481144,18961873668
USA,MDE,1,23037,97882598
USA,MDE,68,447,1881158
USA,MDE,5298,44523,189796790
USA,MDE,576,1269,5364558
USA,MDE,6,519,2185281
USA,MDE,64,6098,25697505
USA,MDE,26,1879,7918892
USA,MDE,13,1225,5160428
USA,MDE,13,362,1526468
USA,MDE,1220,4127,17092096
USA,MDE,997,9655,39984927
USA,MDE,2320,19052,78904595
USA,MDE,2,1760,7445874
USA,MDE,1575,213,898870
USA,MDE,108595,16313,71054778
USA,MDE,134285,30572,133326381
USA,MDE,224528,25814,112448818
USA,MDE,1195387,533541,2288931934
USA,MDE,29290,9866,43203646
USA,MDE,654,5231,22479547
USA,MDE,377,1204,5236820
USA,MDE,54,354,1494372
USA,MDE,11223,38167,164812340
USA,MDE,182,546,2380232
USA,MDE,5917,17725,76980020
USA,MDE,12675819,1941680,8446268991
USA,MDE,3108482,804132,3491563009
USA,MDE,45834,35597,151361945
USA,MDE,416,120,508635
USA,MDE,949844,209697,919618025
USA,MDE,199926,79586,346306976
USA,MDE,1005550,2273561,9680357827
USA,MDE,87,332,1454417
USA,MDE,724,1423,6202511
USA,MDE,4402,46779,198622016
USA,MDE,1596,27375,112800159
USA,MDE,11658,81020,344323827
USA,MDE,3410,43619,178708591
USA,MDE,20812,129069,525084915
USA,MDE,5693,20784,85428685
USA,MDE,19887,125699,531689500
USA,MDE,8056,65221,278313324
USA,MDE,8532,72304,306104080
USA,MDE,1720,608,2564028
USA,MDE,120,64,268806
USA,MDE,7137522,1987158,8447966376
USA,MDE,1695661,550412,2341961807
USA,MDE,310234,179237,761840517
USA,MDE,229261,77605,329535489
USA,MDE,136843,22499,94430706
USA,MDE,132135,33034,139573230
USA,MDE,3229409,1508540,6341934249
USA,MDE,1306779,471923,1996428983
USA,MDE,23880,177142,754471166
USA,MDE,194,1026,4337302
USA,MDE,345,1449,6142094
USA,MDE,81,65,277491
USA,MDE,111,954,4030920
USA,MDE,5787,21793,91468440
USA,MDE,427,2411,10216491
USA,MDE,363,1308,5530525
USA,MDE,12021,38266,161780333
USA,MDE,1237,8819,37173674
USA,MDE,208,676,2852008
USA,MDE,182,975,4120328
USA,MDE,1281,16082,68329688
USA,MDE,1912,15859,66646332
USA,MDE,528,2449,10372055
USA,MDE,645,7940,33609719
USA,MDE,58,580,2444945
USA,MDE,29,285,1207140
USA,MDE,4519,38118,159391344
USA,MDE,6874,28520,120589121
USA,MDE,754,5563,23474650
USA,MDE,506,2972,12563989
USA,MDE,11,74,310401
USA,MDE,3275,21745,91666706
USA,MDE,98,1350,5675952
USA,MDE,58,347,1461910
USA,MDE,232,1350,5722434
USA,MDE,333,1993,8432652
USA,MDE,43,1294,5453931
USA,MDE,218,1632,6902570
USA,MDE,577,4551,19151975
USA,MDE,1371,13293,56706046
USA,MDE,760,6904,29606825
USA,MDE,67,509,2131751
USA,MDE,89,495,2086674
USA,MDE,61,4758,20787019
USA,MDE,20,374,1590282
USA,MDE,71,1065,4459459
USA,MDE,162,2078,8837119
USA,MDE,89,223,943527
USA,MDE,30,308,1290227
USA,MDE,133,1305,5542384
USA,MDE,114,8111,34489127
USA,MDE,342,1539,6249617
USA,MDE,17,404,1639128
USA,MDE,467,35106,149274935
USA,MDE,22,110,455557
USA,MDE,2200,2816,11812439
USA,MDE,540,1755,7126757
USA,MDE,1,23,99443
USA,MDE,15,930,3846026
USA,MDE,3,149,631507
USA,MDE,4,182,771747
USA,MDE,27,1766,7339703
USA,MDE,18,702,2969725
USA,MDE,5,141,571580
USA,MDE,17,344,1420975
USA,MDE,53,716,2939037
USA,MDE,348,905,3674239
USA,MDE,766,5562,22917240
USA,MDE,111,3593,15620598
USA,MDE,236,1549,6290816
USA,MDE,32,2024,8878600
USA,MDE,1,21,85129
USA,MDE,326,5962,24567961
USA,MDE,298,1341,5445573
USA,MDE,5160,145499,607479558
USA,MDE,4,156,662955
USA,MDE,544,4399,18266598
USA,MDE,157,2798,11960525
USA,MDE,30,1591,6542048
USA,MDE,192,5084,22299674
USA,MDE,387,69949,297308503
USA,MDE,34,8305,35200544
USA,MDE,184,16591,69847228
USA,MDE,306,67500,287498232
USA,MDE,106,14639,62058031
USA,MDE,21,293,1262013
USA,MDE,64,2302,9606231
USA,MDE,1282,15538,63303370
USA,MDE,304,3469,14095630
USA,MDE,92,8129,34740720
USA,MDE,4,99,414909
USA,MDE,40,1610,6581317
USA,MDE,76,4986,20934500
USA,MDE,33,3026,12856671
USA,MDE,171,4879,20160253
USA,MDE,517,8789,38553258
USA,MDE,150,9539,40323295
USA,MDE,310,12253,52123975
USA,MDE,14,1092,4558469
USA,MDE,300,900,3654747
USA,MDE,19,325,1381156
USA,MDE,453,14956,63376586
USA,MDE,8,89,372752
USA,MDE,240,480,1949198
USA,MDE,207,5459,23210416
USA,MDE,132,990,4020222
USA,MDE,132,990,4020222
USA,MDE,25,484,2075560
USA,MDE,15,1937,8162460
USA,MDE,40,12040,50736199
USA,MDE,609,452400,1833921024
USA,MDE,1909,103345214,435806000000
USA,MDE,13,726405,3186490836
USA,MDE,1,25063,106493962
USA,MDE,6,261747,1087545116
USA,MDE,40,3118,13195282
USA,MDE,186,325,1376080
USA,MDE,11,550,2317684
USA,MDE,125,6786,28103744
USA,MDE,28,423,1796266
USA,MDE,100,24500,103441205
USA,MDE,34,47,198971
USA,MDE,12,197,800633
USA,MDE,2,5522,22754064
USA,MDE,1,1079,4446149
USA,MDE,47,1859,8095414
USA,MDE,5,15521,65792844
USA,MDE,2,295,1243121
USA,MDE,2469,7734,33095381
USA,MDE,2,1208,5299085
USA,MDE,202,1108,4697706
USA,MDE,3445,16536,70093624
USA,MDE,144,677,2743990
USA,MDE,15,184,744514
USA,MDE,126,1113,4512159
USA,MDE,166,2166,8782390
USA,MDE,19,197,797050
USA,MDE,2965,20822,85166993
USA,MDE,215,1878,7614218
USA,MDE,59,1082,4385479
USA,MDE,1347,9459,38576583
USA,MDE,50,778,3155204
USA,MDE,48,289,1171942
USA,MDE,323,2550,10444385
USA,MDE,48,232,939013
USA,MDE,17,202,819549
USA,MDE,490,2238,9086045
USA,MDE,1,35,140503
USA,MDE,87,787,3192052
USA,MDE,17,160,646656
USA,MDE,12,228,924407
USA,MDE,52,31,127266
USA,MDE,40,936,3959851
USA,MDE,48,3139,13280731
USA,MDE,2061,77114,326238413
USA,MDE,50,1440,6092078
USA,MDE,108,7445,31496045
USA,MDE,108,6127,25921794
USA,MDE,48,1642,6944969
USA,MDE,186,8783,37156602
USA,MDE,108,4673,19768794
USA,MDE,104,5242,22175165
USA,MDE,200,7776,32897223
USA,MDE,85,3978,16829367
USA,MDE,458,14872,62915940
USA,MDE,96,4781,20225700
USA,MDE,90,4062,17184738
USA,MDE,48,4378,18519918
USA,MDE,160,5472,23149898
USA,MDE,20,312,1319950
USA,MDE,58,3030209,12632044294
USA,MDE,133,7297232,30069121731
USA,MDE,34,223,942013
USA,MDE,5,713,2891510
USA,MDE,2,200,812166
USA,MDE,0,200,849800
USA,MDE,130,120,503815
USA,MDE,0,768,3368955
USA,MDE,0,372,1633812
USA,MDE,0,308,1351793
USA,MDE,0,9,40533
USA,MDE,2,2200,9650652
USA,MDE,0,746,3257932
USA,MDE,0,21,83328
USA,MDE,0,19297,84404381
USA,MDE,1163,10769,46948035
USA,MDE,20,22,87714
USA,MDE,1,139,588734
USA,MDE,2,16965,74419687
USA,MDE,1,1024,4158696
USA,MDE,1,262,1150402
USA,MDE,4,7280,31934885
USA,MDE,1,2393,10100098
USA,MDE,1,3556,15071570
USA,MDE,1,1726,7570805
USA,MDE,1,28892,126739688
USA,MDE,2,30,126822
USA,MDE,550,55,233137
USA,MDE,1655,130,544678
USA,MDE,12,14,60502
USA,MDE,700,49,208209
USA,MDE,420,42,178032
USA,MDE,336,22,91522
USA,MDE,1162,16,66647
USA,MDE,66,16,66620
USA,MDE,0,64,269431
USA,MDE,0,326,1321800
USA,MDE,0,326,1321800
USA,MDE,0,1330,5624596
USA,MDE,8,400,1624332
USA,MDE,1,6000,24723720
USA,MDE,14,1400000,5768868000
USA,MDE,10698,1505,6365278
USA,MDE,660147,102049,434691288
USA,MDE,108060,24375,104783746
USA,MDE,250820,36027,153928345
USA,MDE,2512887,1191228,5083689417
USA,MDE,73008,21710,93312100
USA,MDE,4152,46209,197809507
USA,MDE,50,4568,19410324
USA,MDE,24,5988,25443267
USA,MDE,8,4590,19502910
USA,MDE,29,10676,45362834
USA,MDE,26,5854,24872371
USA,MDE,10,1162,4937423
USA,MDE,36,3094,13145939
USA,MDE,5517,20390,88888602
USA,MDE,48,53,230176
USA,MDE,288923,34993,147697047
USA,MDE,16960,2035,8600760
USA,MDE,21008,2909,12337184
USA,MDE,61,892,3680274
USA,MDE,651,15026,62855876
USA,MDE,630,5729,23964357
USA,MDE,2227,38155,162706094
USA,MDE,894,22238,94435932
USA,MDE,34,623,2639362
USA,MDE,109,4147,17490155
USA,MDE,3884,107730,457093912
USA,MDE,75,3328,14052312
USA,MDE,201,7554,31971486
USA,MDE,16388,42621,180136050
USA,MDE,759,5018,21199153
USA,MDE,352,5341,22602409
USA,MDE,118,1444,6116085
USA,MDE,16819,135572,568155652
USA,MDE,2772,27046,113014450
USA,MDE,1702,13152,54523706
USA,MDE,10,152,642624
USA,MDE,1815360,288871,1204495196
USA,MDE,1175,7351,31112907
USA,MDE,4092,34490,146157795
USA,MDE,3,585000,2485665000
USA,MDE,213460,34786,146885305
USA,MDE,7974,11961,50830781
USA,MDE,3250,1210,5095636
USA,MDE,623,707,3082052
USA,MDE,7346156,1307957,5533221332
USA,MDE,1734322,553190,2339621982
USA,MDE,1378504,921440,3897685639
USA,MDE,287976,92260,389313055
USA,MDE,185462,25235,106288013
USA,MDE,323205,86756,366632959
USA,MDE,4287447,1997391,8426130032
USA,MDE,8425634,2007502,8448732276
USA,MDE,35717,304372,1294235683
USA,MDE,483,1739,7350586
USA,MDE,700,4630,19502443
USA,MDE,8578,29642,125132816
USA,MDE,428,1391,5881356
USA,MDE,10443,34320,144541786
USA,MDE,8,70,296989
USA,MDE,930,50943,222080348
USA,MDE,900,52440,221924507
USA,MDE,605,5254,21298009
USA,MDE,18370,1501,6227850
USA,MDE,3400,68,287681
USA,MDE,18,78,338638
USA,MDE,22,255,1048293
USA,MDE,206,2740,11472407
USA,MDE,1697,15500,64898655
USA,MDE,224,20900,87508509
USA,MDE,10,62,274166
USA,MDE,100,370,1623064
USA,MDE,52,338,1421792
USA,MDE,353,993,4188555
USA,MDE,127,241,1021705
USA,MDE,1,7,32461
USA,MDE,55,24,98771
USA,MDE,2781,14123,58929708
USA,MDE,2059,6653,28535277
USA,MDE,2713,23639,98698810
USA,MDE,1246,5227,21687214
USA,MDE,1710,4157,17034850
USA,MDE,654,1599,6712622
USA,MDE,36987,97163,405650663
USA,MDE,3862,30254,126399608
USA,MDE,435,1014,4114255
USA,MDE,3,90,394799
USA,MDE,766,4059,17328607
USA,MDE,350,7779,32877479
USA,MDE,23,504,2075556
USA,MDE,15628,102670,429289802
USA,MDE,31,770,3252951
USA,MDE,19462,77860,324890275
USA,MDE,1268,5206,21534670
USA,MDE,100,57,232280
USA,MDE,547,343,1485480
USA,MDE,1769,1045,4421826
USA,MDE,126,1542,6393577
USA,MDE,41,1337,5573958
USA,MDE,36,944,3981290
USA,MDE,400,5670,24095856
USA,MDE,1280,10872,44147719
USA,MDE,6,381,1671317
USA,MDE,264,832,3431208
USA,MDE,6,252,1105438
USA,MDE,2652,27418,115838477
USA,MDE,6,288,1263358
USA,MDE,3,147,644839
USA,MDE,6,270,1184398
USA,MDE,147,428,1739822
USA,MDE,995,6142,25676321
USA,MDE,354,1097,4633529
USA,MDE,2277,4105,16945751
USA,MDE,787,4111,17180524
USA,MDE,37,728,3125514
USA,MDE,3204,21340,89548437
USA,MDE,12080,95706,399652960
USA,MDE,38722,399932,1684679939
USA,MDE,2668,35681,149200234
USA,MDE,1902,5554,23239070
USA,MDE,41,195,821236
USA,MDE,586,3168,13222509
USA,MDE,698,35476,155622466
USA,MDE,178,1946,8169833
USA,MDE,634,90000,376830900
USA,MDE,28,183,771186
USA,MDE,65,5428,23063572
USA,MDE,1488,816,3421948
USA,MDE,671,5837,25444510
USA,MDE,2841,2354,9752747
USA,MDE,6205,24165,102695942
USA,MDE,96,220,933236
USA,MDE,135,1174,5120115
USA,MDE,211,7569,32994468
USA,MDE,56,1953,8515870
USA,MDE,1,17,75984
USA,MDE,1876,20328,86640257
USA,MDE,312,8659,37750050
USA,MDE,3,184,802566
USA,MDE,100,2875,12533842
USA,MDE,1179,16813,71450332
USA,MDE,2703,15681,66639745
USA,MDE,76,1158,5050365
USA,MDE,18,220,960463
USA,MDE,158,1659,7232419
USA,MDE,1053,11444,49890630
USA,MDE,20,142,619907
USA,MDE,18013,50900,214416250
USA,MDE,2860,8959,37874793
USA,MDE,461,5474,23261723
USA,MDE,48,1251,5316005
USA,MDE,6,55,232374
USA,MDE,29,372,1581190
USA,MDE,12,34,142790
USA,MDE,65,2746,11668009
USA,MDE,1676,6803,28264229
USA,MDE,94,331,1405909
USA,MDE,7,86,364054
USA,MDE,926,13278,56189982
USA,MDE,929,12265,52047799
USA,MDE,7723,168470,711469326
USA,MDE,2668,77223,325639364
USA,MDE,106,1918,8151230
USA,MDE,476,2630,11174019
USA,MDE,1,11,46399
USA,MDE,32,28,118987
USA,MDE,29,120,509965
USA,MDE,37,50,210076
USA,MDE,2,60,253325
USA,MDE,2,60,253325
USA,MDE,2,60,253325
USA,MDE,100,0,424
USA,MDE,1200,10,40685
USA,MDE,238,3,14915
USA,MDE,520,7,29140
USA,MDE,670,9,39286
USA,MDE,4252,114,490333
USA,MDE,215,7,31145
USA,MDE,15,5,20516
USA,MDE,1,30,131600
USA,MDE,1,30,131600
USA,MDE,2,60,263200
USA,MDE,1,30,131600
USA,MDE,1,30,131600
USA,MDE,2,60,263200
USA,MDE,30,465,1963368
USA,MDE,19,479,2020357
USA,MDE,14,212,895357
USA,MDE,10,107,451267
USA,MDE,12,71,298874
USA,MDE,4,1160,4896644
USA,MDE,1039,27103,114413051
USA,MDE,300,150,631875
USA,MDE,71,1303,5413180
USA,MDE,23,494,2052125
USA,MDE,12,168,697531
USA,MDE,6,96,400619
USA,MDE,1194,14105,59053927
USA,MDE,296,4736,19232091
USA,MDE,4540,4003640,17304136772
USA,MDE,520,9785,42923468
ETH,BOG,3,300,1315998
PHL,BOG,260,3510,14463376
FRA,MDE,617,9533,40407473
FRA,MDE,89,622,2642368
FRA,MDE,1165,2392,10162206
FRA,MDE,170,1204,5114224
FRA,MDE,986,3848,16348367
FRA,MDE,60,304,1292546
FRA,MDE,30,79,335968
FRA,MDE,30,150,637987
FRA,MDE,146,868,3688005
FRA,MDE,158,416,1767329
FRA,MDE,198,1048,4453207
FRA,MDE,339,1033,4391087
FRA,MDE,178,378,1605655
GTM,BOG,720,8931,37795724
GTM,BOG,100,1700,7192036
GTM,BOG,7,531,2247091
GTM,BOG,82,6365,26938055
GTM,BOG,647,11973,50669758
GTM,BOG,34,3312,14015396
GTM,BOG,92,4536,19194354
GTM,BOG,11,586,2480781
GTM,BOG,32,5958,25215770
GTM,BOG,524,3943,16688181
GTM,BOG,4,100,423874
GTM,BOG,35,1143,4837099
GTM,BOG,16,167,707670
GTM,BOG,24,656,2776088
GTM,BOG,16,904,3825701
GTM,BOG,20,61,256627
GTM,BOG,21,624,2639099
GTM,BOG,4,804,3403858
GTM,BOG,17,861,3644530
GTM,BOG,5,129,546982
GTM,BOG,14,2129,9010118
GTM,BOG,298,11796,49919514
GTM,BOG,37,989,4187026
GTM,BOG,13,974,4123589
GTM,BOG,58,177,748043
GTM,BOG,17,225,942077
GTM,BOG,116,4000,16922440
GTM,BOG,67,949,3971798
GTM,BOG,1341,30509,127741321
GTM,BOG,6,178,746125
GTM,BOG,140,2003,8386372
GTM,BOG,25,221,927004
GTM,BOG,214,5088,21506847
GTM,BOG,1,3,10886
GTM,MDE,3434,66428,291397050
GTM,MDE,50,476,1932955
GTM,MDE,5,60,254652
GTM,MDE,12,73,298227
GTM,MDE,33,206,853048
GTM,MDE,14582,49354,205643466
GTM,MDE,96,498,2095871
GTM,MDE,2790,19161,82044807
GTM,MDE,55,326,1413676
GTM,MDE,14,126,537761
GTM,MDE,1050,6058,26411425
GTM,MDE,892920,105583,442077077
GTM,MDE,25,490,1991025
GTM,MDE,374,7022,29838178
GTM,MDE,2,50,210524
GTM,MDE,10000,1520,6405234
GTM,MDE,75,987,4090015
GTM,MDE,2063,2518,10643469
GTM,MDE,2050,3424,14472470
GTM,MDE,1670,2049,8662768
GTM,MDE,28,2625,10990901
GTM,MDE,9,164,675531
GTM,MDE,6055,1314,5336134
GTM,MDE,3,0,126
GTM,MDE,1,0,295
GTM,MDE,422,5387,22443478
GTM,MDE,38,405,1684811
GTM,MDE,224,2273,9454405
GTM,MDE,144,904,3721071
GTM,MDE,700,4554,19082726
GTM,MDE,18,124,526429
GTM,MDE,131,768,3214664
GTM,MDE,41,192,802733
GTM,MDE,678,3834,16020963
GTM,MDE,363,3789,15867994
GTM,MDE,2,236,960386
GTM,MDE,167,557,2347229
GTM,MDE,145,1102,4609129
GTM,MDE,936,2904,12165379
GTM,MDE,775,6093,25571364
GTM,MDE,83,543,2308567
GTM,MDE,151,2112,8961951
GTM,MDE,2022,19533,82527059
GTM,MDE,12,146,617529
GTM,MDE,810,1740,7310443
GTM,MDE,427,1440,6085559
GTM,MDE,1337,8533,35493277
GTM,MDE,50,433,1787639
GTM,MDE,2827,6150,26015403
GTM,MDE,5274,13976,59179511
GTM,MDE,741,4564,19168040
GTM,MDE,786,8714,36377535
GTM,MDE,111,395,1654634
GTM,MDE,3,44,186555
GTM,MDE,16950,70543,295667422
GTM,MDE,1141,4637,19528970
GTM,MDE,2897,26751,110840648
GTM,MDE,76,1920,8158420
GTM,MDE,45,1064,4520086
GTM,MDE,392,4814,20059746
GTM,MDE,1673,7779,32704906
GTM,MDE,962,6814,28272219
GTM,MDE,4,116,468209
GTM,MDE,132,804,3336127
GTM,MDE,2000,29342,122087421
GTM,MDE,65,359,1519600
GTM,MDE,557,3752,15841385
GTM,MDE,11,92,381643
GTM,MDE,3,21,87728
GTM,MDE,10,135,574040
GTM,MDE,68,874,3677163
GTM,MDE,64,2213,9402315
GTM,MDE,157,5789,24594123
GTM,MDE,4,89,375630
GTM,MDE,20,190,803204
GTM,MDE,134,925,3890136
GTM,MDE,480,4675,19850439
GTM,MDE,89,1869,7701439
GTM,MDE,118,1257,5159593
GTM,MDE,43,437,1846978
GTM,MDE,260,5470,22787648
GTM,MDE,316,6328,26623297
GTM,MDE,3,310,1285914
GTM,MDE,129,2164,8977650
GTM,MDE,166,2161,9000805
GTM,MDE,41,834,3463099
GTM,MDE,3341,56665,235219982
GTM,MDE,316,5943,24746857
GTM,MDE,249,6301,26384667
GTM,MDE,225,2377,10070663
GTM,MDE,252,2561,10881604
GTM,MDE,4,232,942094
GTM,MDE,745,6705,28254669
GTM,MDE,265,4190,17574564
GTM,MDE,647,8212,34557668
GTM,MDE,34,932,3906678
GTM,MDE,31,187,792608
GTM,MDE,1685,16072,67026137
GTM,MDE,453,4025,16913124
GTM,MDE,94,405,1714035
GTM,MDE,438,3453,14227721
GTM,MDE,5,41,175059
GTM,MDE,16,127,539156
GTM,MDE,26,599,2498714
GTM,MDE,250,5497,22971746
GTM,MDE,15,363,1503339
GTM,MDE,5,225,931822
GTM,MDE,1696,12441,52585417
GTM,MDE,3089,34588,144979051
GTM,MDE,122,1993,8314745
GTM,MDE,145,1749,7388107
GTM,MDE,10,370,1512260
GTM,MDE,63,1196,5021173
GTM,MDE,18,167,699398
GTM,MDE,136,1219,5065398
GTM,MDE,38,353,1475336
GTM,MDE,13,97,404916
GTM,MDE,13174,3630,14715149
GTM,MDE,104,575,2390854
GTM,MDE,106,2779,11760560
GTM,MDE,23,231,963270
GTM,MDE,107,1208,5040567
GTM,MDE,566,2476,10323246
GTM,MDE,171,2270,9595753
GTM,MDE,4,85,352107
GTM,MDE,6930,1830,7737815
GTM,MDE,800,224,946935
GTM,MDE,25,166,700862
GTM,MDE,240,717,3031884
GTM,MDE,100,150,628052
GTM,MDE,10500,9550,39985946
GTM,MDE,6800,5772,24400495
GTM,MDE,28965,81255,343496152
GTM,MDE,9500,13500,57069765
GTM,MDE,340,889,3759841
GTM,MDE,70,480,2027879
GTM,MDE,296,3504,14812859
GTM,MDE,80,165,697097
GTM,MDE,1075,4200,17755038
GTM,MDE,182,973,4113673
GTM,MDE,45,227,948978
GTM,MDE,20,0,842
GTM,MDE,132,12471,52862529
GTM,MDE,132,962,4071155
GTM,MDE,50,325,1375390
GTM,MDE,140,841,3467090
GTM,MDE,743,4579,19341339
GTM,MDE,116,660,2719774
GTM,MDE,135,347,1429773
GTM,MDE,350,1426,5876911
GTM,MDE,96,404,1665390
GTM,MDE,943,1940,7992767
GTM,MDE,6467,12957,53389472
GTM,MDE,282,1165,4800852
GTM,MDE,983,4172,17441722
GTM,MDE,675,4290,17746007
GTM,MDE,169,337,1390050
GTM,MDE,244,1094,4622618
GTM,MDE,48,432,1828211
GTM,MDE,109,760,3214181
GTM,MDE,114,692,2851387
GTM,MDE,160,1120,4615094
GTM,MDE,1371,9555,39372318
GTM,MDE,796,4398,18120632
GTM,MDE,2,17,68155
GTM,MDE,9,12,50436
GTM,MDE,397,63506,268081905
GTM,MDE,1,2,10568
GTM,MDE,30,30,126822
GTM,MDE,82,33,138658
GTM,MDE,60,54,228279
GTM,MDE,40,20,84548
GTM,MDE,2,40,169096
GTM,MDE,1,17,73557
GTM,MDE,70,76,319591
GTM,MDE,3,24,101457
GTM,MDE,15,15,63411
GTM,MDE,20,19,80320
GTM,MDE,122,101,426966
GTM,MDE,110,34,143731
GTM,MDE,80,24,101457
GTM,MDE,3,0,636
GTM,MDE,800,24,101976
GTM,MDE,25,62,257374
GTM,MDE,45,2,9537
GTM,MDE,2600,130,551050
GTM,MDE,1,2,6994
GTM,MDE,25,1410,5811928
GTM,MDE,50,1395,5746493
GTM,MDE,144,1880,7746354
GTM,MDE,6,85,352189
GTM,MDE,50,276,1138939
GTM,MDE,25,257,1059741
GTM,MDE,34,382,1572758
GTM,MDE,17,479,1973076
GTM,MDE,0,4,17142
GTM,MDE,1,0,212
GTM,MDE,600,24,101976
GTM,MDE,649,12577,53223794
GTM,MDE,243,2638,10695481
GTM,MDE,2,12540,55008716
GTM,MDE,83,1269,5145762
GTM,MDE,1,400,1648248
GTM,MDE,1,2598,10705371
GTM,MDE,3,4368,17998868
GTM,MDE,1,4372,18015351
GTM,MDE,1,19,78292
GTM,MDE,1,36,148342
GTM,MDE,9,440,1813485
GTM,MDE,6,197,812174
GTM,MDE,9,365,1505675
GTM,MDE,5,125,515490
GTM,MDE,56,1592,6560439
GTM,MDE,5,251,1034688
GTM,MDE,4,248,1023562
GTM,MDE,5,180,741712
GTM,MDE,1,30,122382
GTM,MDE,15,405,1668851
GTM,MDE,11,375,1546469
GTM,MDE,1,22,92714
GTM,MDE,2,88,363439
GTM,MDE,1242,18009,76023013
HTI,MDE,4,66,267852
HTI,MDE,27,526,2136565
HTI,MDE,591,2912,11823716
HTI,MDE,81,584,2370469
HTI,MDE,3,31,126332
HTI,MDE,5,146,591866
HTI,MDE,120,1718,6975085
HTI,MDE,8,113,459036
HTI,MDE,59,2388,10475344
HTI,MDE,19,1152,5053432
HTI,MDE,30,716,2905686
HTI,MDE,8,384,1684477
HTI,MDE,20,704,2932988
HTI,MDE,18,626,2726579
HTI,MDE,9,464,2035410
HTI,MDE,2,86,377253
HND,BOG,3500,450,1914409
HND,BOG,582,3454,14510404
HND,BOG,24,98,411750
HND,BOG,778,6102,26767399
HND,BOG,1013,7941,34832361
HND,BOG,200,718,3149622
HND,MDE,647,20140,81785116
HND,MDE,445,4368,18464521
HND,MDE,25,895,3687955
HND,MDE,92,121,490627
HND,MDE,75000,4219,17626431
HND,MDE,120,4154,17400654
HND,MDE,5,0,2060
HND,MDE,5,606,2548228
HND,MDE,61,1937,7980364
HND,MDE,8,266,1096085
HND,MDE,12,354,1460100
HND,MDE,24,411,1695182
HND,MDE,111,2417,9961063
HND,MDE,291,4201,17312332
HND,MDE,2185,31440,129289165
HND,MDE,15,410,1721636
HND,MDE,12,92,390104
HND,MDE,3000,2700,11304927
HND,MDE,10,340,1424224
HND,MDE,200,5241,21596169
HND,MDE,49,798,3286936
HND,MDE,11120,8896,36657036
HND,MDE,20,0,824
HND,MDE,303,300,1217344
HND,MDE,200,100,405376
HND,MDE,2,2,8513
HND,MDE,3000,1500,6347955
HKG,MDE,670,4777,19784357
HKG,MDE,3,520022,2281159707
HKG,MDE,272,8561158,36402814023
HKG,MDE,5,524745,2269340938
IND,BOG,285,40811,173405939
IND,MDE,75,3957118,16746406398
IND,MDE,845,45481179,191339000000
IND,MDE,36,1911397,8076291380
IDN,BOG,185,2516,10664947
IDN,BOG,20,367,1555658
ISR,MDE,38644,4179,17639711
ISR,MDE,615,30,126642
ITA,BOG,1,1700,6892203
ITA,MDE,22980,11946,50555114
ITA,MDE,43000,13439,56962680
ITA,MDE,128,1008,4394580
ITA,MDE,26,209,909414
ITA,MDE,42375,19796,84022840
ITA,MDE,78270,27258,117813216
ITA,MDE,457,14269941,60610941509
ITA,MDE,98,2412218,10256970162
ITA,MDE,21,1186036,4887205228
ITA,MDE,16,781,3218204
ITA,MDE,2860,924,3807453
JAM,MDE,433,2077,9110391
JAM,MDE,54,2065,9056698
JAM,MDE,95,3294,14451413
JAM,MDE,82,1683,7380906
JAM,MDE,278,5739,25174164
JAM,MDE,379,9295,40772250
JAM,MDE,0,368,1559388
JPN,BOG,12,1380,5594189
JPN,MDE,300,4080,16568186
JPN,MDE,500,90,379125
JPN,MDE,4500,1170,4958616
JPN,MDE,1000,180,758250
JPN,MDE,52666,18355,79302137
JPN,MDE,391,3674,15141177
JPN,MDE,580,28425,117130395
JPN,MDE,204,1608,6625586
JPN,MDE,115,1412,5817986
JPN,MDE,608,7375,31359079
JPN,MDE,449,2217,9136197
JPN,MDE,991,7246,30073109
JPN,MDE,164,2211,9109290
JPN,MDE,494,5312,22585401
JPN,MDE,151,3755,15967789
JPN,MDE,658,9517,39215075
JPN,MDE,628,9678,41152748
JPN,MDE,147,1271,5402450
JPN,MDE,2,751,3094998
JPN,MDE,586,4433,18560429
JPN,MDE,559,3421,14322045
JPN,MDE,1,260,1080284
JPN,MDE,2,1914,8112226
MYS,BOG,906648,78874,333548765
MYS,BOG,400,4,16922
MYS,BOG,0,1,4221
MYS,BOG,7,2,8443
MYS,BOG,500,5,21107
MEX,BOG,749,14646,62145699
MEX,BOG,60,14339,60782566
MEX,BOG,3,26528,111578920
MEX,BOG,347,6878,28343685
MEX,BOG,217,2098,8895100
MEX,BOG,360,1243,5261397
MEX,MDE,22,146,619264
MEX,MDE,12,57,241095
MEX,MDE,21,121,509893
MEX,MDE,500,746,3154976
MEX,MDE,11,686,2901680
MEX,MDE,1,181,767229
MEX,MDE,10,576,2432863
MEX,MDE,2,83,351296
MEX,MDE,1,27,113844
MEX,MDE,1153,8125,34260369
MEX,MDE,107,1047,4438924
MEX,MDE,23,135,573856
MEX,MDE,22,874,3697049
MEX,MDE,1,6,25392
MEX,MDE,225919,26583,111363010
MEX,MDE,4,106,446896
MEX,MDE,17,1275,5356951
MEX,MDE,11,260,1104178
MEX,MDE,50,2775,11659246
MEX,MDE,121,2852,12006709
MEX,MDE,5,46,195517
MEX,MDE,50,14,56753
MEX,MDE,551,13490,56375920
MEX,MDE,35,2094,8581495
MEX,MDE,52,3678,15453227
MEX,MDE,48,256,1087221
MEX,MDE,167,12498,52510722
MEX,MDE,1201,25153,103649852
MEX,MDE,114,3295,13929926
MEX,MDE,11,719,3056731
MEX,MDE,102,781,3306588
MEX,MDE,109,2757,11654111
MEX,MDE,15,900,3781377
MEX,MDE,1099,11492,48723085
MEX,MDE,74,2139,9042260
MEX,MDE,104,3744,15730528
MEX,MDE,365,1539,6520235
MEX,MDE,11,318,1344099
MEX,MDE,1260,4737,20778731
MEX,MDE,990,4001,17502996
MEX,MDE,2,10,42497
MEX,MDE,172,547,2346715
MEX,MDE,2380,9507,40733358
MEX,MDE,1,23,93885
MEX,MDE,28,717,2904803
MEX,MDE,1838,53180,222800035
MEX,MDE,1,10,42989
MEX,MDE,1,14,55942
MEX,MDE,851,35457,148973649
MEX,MDE,248,992,4198682
MEX,MDE,26,286,1215417
MEX,MDE,1390,40518,167885073
MEX,MDE,823,12582,53188049
MEX,MDE,210,4614,19385859
MEX,MDE,1860,25968,107362890
MEX,MDE,104,3006,12707999
MEX,MDE,41,123,521331
MEX,MDE,206,1133,4812189
MEX,MDE,4,117,495281
MEX,MDE,277,7822,32665313
MEX,MDE,57,1429,5791688
MEX,MDE,43,1692,6859692
MEX,MDE,28,2352,9881999
MEX,MDE,4,138,558608
MEX,MDE,2,136,574925
MEX,MDE,79,3510,14416309
MEX,MDE,113,5599,22749744
MEX,MDE,1,29,122172
MEX,MDE,33,1457,6053491
MEX,MDE,20,797,3296437
MEX,MDE,2,61,259646
MEX,MDE,123,4029,16687712
MEX,MDE,75,3133,12863760
MEX,MDE,83,1791,7380072
MEX,MDE,115,3637,14744457
MEX,MDE,147,4299,18054481
MEX,MDE,36,1445,6111464
MEX,MDE,1,98,405469
MEX,MDE,2,58,244385
MEX,MDE,55,1706,6914863
MEX,MDE,42,1377,5582190
MEX,MDE,208,6727,28240384
MEX,MDE,130,4269,17936332
MEX,MDE,119,3954,16115247
MEX,MDE,33,1956,8235186
MEX,MDE,92,3940,15994712
MEX,MDE,2773,28270,120801289
MEX,MDE,15660,220177,930112737
MEX,MDE,2361,25725,108032502
MEX,MDE,228,4751,20106936
MEX,MDE,104,2460,10335764
MEX,MDE,110,1986,8357730
MEX,MDE,30,450,1824192
MEX,MDE,1,21,88775
MEX,MDE,2295,20018,84715575
MEX,MDE,27,342,1386751
MEX,MDE,591,20221,84953198
MEX,MDE,23,100,422209
MEX,MDE,109,24120,102042313
MEX,MDE,2166,15392,64674372
MEX,MDE,112,1060,4392660
MEX,MDE,95,580,2428956
MEX,MDE,1400,14,61413
MEX,MDE,7,1,2252
MEX,MDE,1,4,17755
MEX,MDE,4,8,32128
MEX,MDE,1,6,25364
MEX,MDE,2,2,8773
MEX,MDE,15210,7529,31990509
MEX,MDE,26796,12226,52463729
MEX,MDE,394528,60447,256487402
MEX,MDE,30000,4714,20551214
MEX,MDE,116,2320,9793625
MEX,MDE,74,682,2882150
MEX,MDE,935,11590,48927979
MEX,MDE,8,51,212401
MEX,MDE,8,75,309959
MEX,MDE,145,465,1933086
MEX,MDE,16,197,830894
MEX,MDE,268,5280,22321338
MEX,MDE,737,10367,43758132
MEX,MDE,289,6713,28304008
MEX,MDE,141,3978,16763658
MEX,MDE,10003,5037,21227569
MEX,MDE,9,90,379535
MEX,MDE,94,4535,19769879
MEX,MDE,24,202,849536
MEX,MDE,14,642,2729982
MEX,MDE,1550,3439,14611419
MEX,MDE,400,852,3621040
MEX,MDE,2446,6438,27355402
MEX,MDE,1033,2393,10167602
MEX,MDE,356,1074,4563723
MEX,MDE,20,420,1777195
MEX,MDE,10342,95639,409093782
MEX,MDE,2,33,139655
MEX,MDE,16,126,534921
MEX,MDE,10,96,404576
MEX,MDE,16,301,1272977
MEX,MDE,49,934,3967861
MEX,MDE,3,103,434200
MEX,MDE,112,1582,6721918
MEX,MDE,21,336,1420672
MEX,MDE,241,3760,15971192
MEX,MDE,27,292,1234042
MEX,MDE,9,130,552272
MEX,MDE,384,2288,9722604
MEX,MDE,270,2773,11734830
MEX,MDE,91,492,2080860
MEX,MDE,7,70,296240
MEX,MDE,45,747,3161282
MEX,MDE,60,1000,4232816
MEX,MDE,18,255,1077460
MEX,MDE,10,110,467815
MEX,MDE,906,14993,63706702
MEX,MDE,27,173,731284
MEX,MDE,707,7536,32015326
MEX,MDE,36,65,275501
MEX,MDE,10,22,91354
MEX,MDE,46,279,1183644
MEX,MDE,34,46,196381
MEX,MDE,22,500,2122715
MEX,MDE,14,141,595861
MEX,MDE,40,226,958118
MEX,MDE,23,268,1136616
MEX,MDE,27,444,1880264
MEX,MDE,18,388,1649972
MEX,MDE,38,295,1249278
MEX,MDE,76,1175,4977519
MEX,MDE,62,641,2713962
MEX,MDE,19,319,1355473
MEX,MDE,221,1304,5540101
MEX,MDE,129,2546,10816127
MEX,MDE,27,422,1793715
MEX,MDE,16,250,1062930
MEX,MDE,595,8419,35737390
MEX,MDE,7524,165479,695674930
MEX,MDE,313,9242,38712595
MEX,MDE,457,5985,25134439
MEX,MDE,113,935,3969825
MEX,MDE,8,67,286761
MEX,MDE,255,2291,9602033
MEX,MDE,1392,1893,8304474
MEX,MDE,7,38,164895
MEX,MDE,554,15296,64931769
MEX,MDE,4,4834,20406199
MEX,MDE,958000,11819,50743907
MEX,MDE,2400,51,219451
MEX,MDE,1,1,2237
MEX,MDE,2624,1128,4672858
MEX,MDE,1,0,877
MEX,MDE,27,22,93470
MEX,MDE,24720,11149,47373588
MEX,MDE,2000,2000,8374020
MEX,MDE,507,23702,100304883
MEX,MDE,58,9,37418
MEX,MDE,481,9100,38693806
MEX,MDE,1211,1064695,4609379945
NIC,BOG,24,1475,6268322
NIC,BOG,5,14135,60069651
NIC,MDE,4,39,160045
NIC,MDE,173,1773,7307837
NIC,MDE,71,758,3122441
NIC,MDE,58,265,1093613
NIC,MDE,378,1219,5022747
NIC,MDE,898,3926,16177101
NIC,MDE,10,72,296685
NIC,MDE,8,20,82412
NIC,MDE,4,24,98895
NIC,MDE,3,27,109773
NIC,MDE,421,3993,16452812
NIC,MDE,431,3281,13518889
NIC,MDE,31,403,1660610
NIC,MDE,28200,15165,63496007
NIC,MDE,10,89,365911
NIC,MDE,333,8544,35206577
NIC,MDE,26160,13595,56485578
NIC,MDE,40,2984,12573433
NIC,MDE,552,14328,60356700
NIC,MDE,61,4680,19722307
NIC,MDE,26,33469,141037994
NLD,MDE,37245,22801,96545165
NLD,MDE,1340,604,2546035
NLD,MDE,9520,1520,6458480
NLD,MDE,202,3508,14828881
NLD,MDE,47,1194,5049110
NLD,MDE,50,242,1023028
PAN,BOG,8,98,396620
PAN,BOG,636,15376,64378880
PAN,BOG,70,39,172571
PAN,BOG,270,130,570968
PAN,BOG,434,3221,14128160
PAN,BOG,64,3008,12596201
PAN,BOG,6000,11820,51850321
PAN,BOG,12,7369,31310881
PAN,BOG,3000,720,3061505
PAN,BOG,6400,2776,11803802
PAN,BOG,428,2819,11673283
PAN,BOG,140,909,3763649
PAN,BOG,503,7473,30949942
PAN,BOG,42,877,3633608
PAN,BOG,29,342,1414795
PAN,BOG,36,726,3006430
PAN,BOG,203,2242,9385853
PAN,BOG,70,186,816050
PAN,BOG,90,220,966250
PAN,BOG,1,500,2106985
PAN,BOG,77,714,3021629
PAN,BOG,77,942,3983119
PAN,BOG,77,1022,4324530
PAN,BOG,77,2328,9847168
PAN,BOG,77,482,2037462
PAN,BOG,77,293,1239569
PAN,BOG,77,320,1353795
PAN,BOG,231,907,3838009
PAN,BOG,11,827,3501786
PAN,BOG,96,4793,20282986
PAN,BOG,508,8185,34636643
PAN,BOG,8,709,2999112
PAN,BOG,147,10002,42327868
PAN,BOG,15,699,2959459
PAN,BOG,179,1305,5520690
PAN,BOG,1070,1955,7938923
PAN,BOG,18,497,2103289
PAN,BOG,15,493,2085176
PAN,BOG,4,104,439448
PAN,BOG,8,114,484476
PAN,BOG,8,289,1222193
PAN,BOG,4,157,665943
PAN,BOG,4,104,440125
PAN,BOG,390,17325,73318796
PAN,BOG,12,529,2239135
PAN,BOG,30,1919,8121658
PAN,BOG,30,116,491713
PAN,BOG,17,475,2008239
PAN,BOG,5,14880,63074088
PAN,MDE,612,19021,80309218
PAN,MDE,598,8139,33040612
PAN,MDE,28,144,619432
PAN,MDE,1390,9445,40723062
PAN,MDE,71,625,2699223
PAN,MDE,1188,30323,131317356
PAN,MDE,520,265,1117545
PAN,MDE,31,250,1055945
PAN,MDE,10,664,2820061
PAN,MDE,6,119,497417
PAN,MDE,56,2408,10168536
PAN,MDE,80,1062,4484509
PAN,MDE,46,692,2922476
PAN,MDE,31,34,141778
PAN,MDE,46,2440,10307821
PAN,MDE,320,1321,5597813
PAN,MDE,41,853,3603429
PAN,MDE,41,263,1111306
PAN,MDE,31,44,186616
PAN,MDE,41,543,2295296
PAN,MDE,201,4177,17670496
PAN,MDE,28,1193,4940191
PAN,MDE,51,2773,11453594
PAN,MDE,201,881,3725898
PAN,MDE,44,2328,9615908
PAN,MDE,73,1679,6995278
PAN,MDE,41,134,566573
PAN,MDE,31,45,191725
PAN,MDE,7,36,150732
PAN,MDE,34,180,761127
PAN,MDE,7,25,104675
PAN,MDE,48,3549,15018246
PAN,MDE,27,557,2260745
PAN,MDE,0,2,6375
PAN,MDE,86190,7299,30909204
PAN,MDE,30335,2244,9513887
PAN,MDE,371212,19553,81593544
PAN,MDE,0,2,6375
PAN,MDE,2,1420,6033738
PAN,MDE,12,884,3754841
PAN,MDE,12,1171,4975664
PAN,MDE,21,851,3617896
PAN,MDE,617,9642,40969395
PAN,MDE,76,8779,37300441
PAN,MDE,54,2949,12530428
PAN,MDE,11,409,1739626
PAN,MDE,535,4278,18176202
PAN,MDE,12,68,287110
PAN,MDE,1200,2074,8422161
PAN,MDE,900,549,2298668
PAN,MDE,311,8387,35719792
PAN,MDE,9480,4055,17081688
PAN,MDE,180,1200,4872996
PAN,MDE,2,313,1331009
PAN,MDE,7,4525,19727724
PAN,MDE,10,415,1809587
PAN,MDE,64,789,3312025
PAN,MDE,53,520,2176952
PAN,MDE,76,484,2000421
PAN,MDE,298,1792,7651256
PAN,MDE,46,249,1055946
PAN,MDE,26,121,518247
PAN,MDE,190,1033,4405449
PAN,MDE,210,2587,11027175
PAN,MDE,89,254,1071210
PAN,MDE,526,3597,15085176
PAN,MDE,302,928,3921573
PAN,MDE,139,1110,4682566
PAN,MDE,310,4578,19911204
PAN,MDE,33,324,1375444
PAN,MDE,575,4157,17652812
PAN,MDE,243,789,3338160
PAN,MDE,4085,4193,17563830
PAN,MDE,344,2150,9046836
PAN,MDE,3896,12050,50890809
PAN,MDE,13451,34852,148038863
PAN,MDE,365,2109,8923940
PAN,MDE,1477,8820,37314361
PAN,MDE,35,134,568214
PAN,MDE,8230,35682,151085585
PAN,MDE,389,1809,7619849
PAN,MDE,945,9974,42192567
PAN,MDE,10,280,1220632
PAN,MDE,62,893,3793623
PAN,MDE,492,2419,10250311
PAN,MDE,71,333,1406804
PAN,MDE,161,959,4043818
PAN,MDE,4093,49857,209187254
PAN,MDE,10,17,73608
PAN,MDE,602,2799,11851951
PAN,MDE,752,3592,15203268
PAN,MDE,22,67,285150
PAN,MDE,480,1392,5735903
PAN,MDE,4,104,453378
PAN,MDE,363,6557,28385038
PAN,MDE,171,2186,9325647
PAN,MDE,29,223,905606
PAN,MDE,127,4093,17240516
PAN,MDE,136,5270,22217423
PAN,MDE,275,8771,37349015
PAN,MDE,4,314,1292226
PAN,MDE,35,1145,4778267
PAN,MDE,76,1563,6773725
PAN,MDE,857,16915,71698815
PAN,MDE,279,6782,28759926
PAN,MDE,330,7930,33728473
PAN,MDE,100,1961,8548783
PAN,MDE,58,713,2987013
PAN,MDE,734,17322,73218339
PAN,MDE,634,13314,56491434
PAN,MDE,148,3862,16387681
PAN,MDE,50,198,835974
PAN,MDE,88,586,2484751
PAN,MDE,238,1555,6579529
PAN,MDE,54,1166,4995036
PAN,MDE,259,5234,22269564
PAN,MDE,4938,44032,187677770
PAN,MDE,1029,9138,39839001
PAN,MDE,35,234,995070
PAN,MDE,30,162,682059
PAN,MDE,9,190,793579
PAN,MDE,7,147,622100
PAN,MDE,82,1408,6072567
PAN,MDE,405,775,3264593
PAN,MDE,535,9609,40833424
PAN,MDE,79,3033,12886410
PAN,MDE,4,42,178488
PAN,MDE,404,359,1527262
PAN,MDE,106,27262,112769808
PAN,MDE,234,1596,6725496
PAN,MDE,31,69,292969
PAN,MDE,1200,276,1163056
PAN,MDE,8,41,174039
PAN,MDE,2,16,66717
PAN,MDE,2,5,21249
PAN,MDE,1,200,849942
PAN,MDE,248,4340,18364718
PAN,MDE,4,506,2147954
PAN,MDE,12,50,210835
PAN,MDE,1,61,258892
PAN,MDE,19400,1450,6163524
PAN,MDE,275,2665,11690449
PAN,MDE,32,208,906755
PAN,MDE,20,125,545797
PAN,MDE,314,3714,16122863
PAN,MDE,26,107,468200
PAN,MDE,75,75,304562
PAN,MDE,9,6,26320
PAN,MDE,1,100,424900
PAN,MDE,200,60,263200
PAN,MDE,4,4,17547
PAN,MDE,20,5,21160
PAN,MDE,3,14,59248
PAN,MDE,1700,20431,86603902
PAN,MDE,171,30054,127394186
PAN,MDE,799,707059,3070503452
PRY,BOG,1,115,485280
PRY,MDE,20,150,634796
PRY,MDE,2,62,264075
PRY,MDE,100,62,262382
PRY,MDE,4,262,1107083
PRY,MDE,1,39,165047
PRY,MDE,2,104,440125
PRY,MDE,179,7503,31752471
PRY,MDE,2,156,660187
PRY,MDE,8,688,2911595
PRY,MDE,2,139,589090
PRY,MDE,1,20,83793
PRY,MDE,4,187,792225
PRY,MDE,1,73,308087
PRY,MDE,3,157,662726
PRY,MDE,1,62,264075
PRY,MDE,22,540,2285264
PRY,MDE,1,49,206520
PRY,MDE,4,258,1093541
PRY,MDE,2,68,289467
PRY,MDE,9,365,1543823
PRY,MDE,1,13,55862
PRY,MDE,1,16,66019
PRY,MDE,25,275,1163792
PER,BOG,300,1893,7800334
PER,BOG,378,3264,14318058
PER,BOG,212,12238,49695097
PER,BOG,646,9289,37720725
PER,BOG,74,7238,29392815
PER,BOG,54,2990,12142369
PER,BOG,17,1098,4457451
PER,BOG,60,9635,39125285
PER,BOG,854,8178,33209549
PER,BOG,54,846,3436315
PER,BOG,25,776,3151204
PER,BOG,14,126,510771
PER,BOG,15,45,181316
PER,BOG,18,502,2036790
PER,BOG,21,810,3287689
PER,BOG,103,5022,20393042
PER,BOG,787,31670,128608273
PER,BOG,12,412,1674321
PER,BOG,24,1549,6289535
PER,BOG,89,394,1599114
PER,BOG,342,6704,29227597
PER,BOG,5601,49179,210454532
PER,BOG,60,2326,9861133
PER,BOG,586,7167,30949345
PER,BOG,455,8405,35761825
PER,BOG,364,3213,13650346
PER,BOG,3243,6494,27877794
PER,BOG,460,2128,9156684
PER,BOG,375,4639,19700047
PER,BOG,61,174,722336
PER,BOG,695,2597,10979504
PER,BOG,2054,7168,29931174
PER,BOG,523,2118,8830233
PER,BOG,512,3114,13067464
PER,BOG,23947,215609,913284242
PER,BOG,1453,19789,85112945
PER,BOG,877,9884,41205058
PER,BOG,670,1600,6798400
PER,BOG,3,222,944893
PER,BOG,8,819,3478104
PER,BOG,29,668,2839862
PER,BOG,180,4520,19481404
PER,BOG,7095,57234,239196967
PER,BOG,275,3573,15049465
PER,BOG,121,948,3931273
PER,BOG,598,5567,23527196
PER,BOG,1161,18509,76433160
PER,BOG,3251,44737,188843360
PER,BOG,172,1337,5440574
PER,BOG,502,5337,22648590
PER,BOG,769,5195,21494241
PER,BOG,38,484,1996276
PER,BOG,12,847,3592341
PER,BOG,77,5298,22455944
PER,BOG,121,2897,12281559
PER,BOG,5535,10516,44684608
PER,BOG,49,4378,18558618
PER,BOG,112,5357,22709045
PER,BOG,38,2563,10866250
PER,BOG,24,3815,16169729
PER,BOG,537,4694,19896696
PER,BOG,150,266,1127534
PER,BOG,628,4082,17127360
PER,BOG,5053,27317,115516210
PER,BOG,48,1460,6186602
PER,BOG,4330,22533,94698307
PER,BOG,4750,19166,81735478
PER,BOG,358,1160,4896526
PER,BOG,5030,23822,101293808
PER,BOG,1225,4410,18644904
PER,BOG,12988,33379,142251968
PER,BOG,92476,220585,935219027
PER,BOG,3394,9834,41574182
PER,BOG,4114,13195,55834072
PER,BOG,6887,20396,86073215
PER,BOG,8344,31494,133432429
PER,BOG,7137,87549,358435384
PER,BOG,1373,3199,13558464
PER,BOG,2510,8273,35071704
PER,BOG,137,1240,5419878
PER,BOG,6,172,729167
PER,BOG,438,4234,18110881
PER,BOG,8321,40582,171849613
PER,BOG,219,1452,6169421
PER,BOG,307,2263,9613745
PER,BOG,76,448,1817706
PER,BOG,1790,13405,57749655
PER,BOG,1269,4746,20411640
PER,BOG,916,5404,21982777
PER,BOG,44297,283749,1214734706
PER,BOG,8324,60406,257068353
PER,BOG,734,7592,31970932
PER,BOG,1294,4557,19440145
PER,BOG,962,4573,18537844
PER,BOG,7000,44100,187380900
PER,BOG,36,2156,9139130
PER,BOG,155,6673,28287626
PER,BOG,14,862,3653719
PER,BOG,86,234,989983
PER,BOG,265,2078,8776961
PER,BOG,40,588,2487768
PER,BOG,855,6911,29038076
PER,BOG,87,6199,26113582
PER,BOG,55,4360,18367595
PER,BOG,125,12885,54278652
PER,BOG,547,9368,39374103
PER,BOG,13,45,191128
PER,BOG,3263,7356,30905993
PER,BOG,248,2067,8682672
PER,BOG,16000,57120,242123112
PER,BOG,2574,7256,30486176
PER,BOG,1922,8587,36080051
PER,BOG,123,904,3840204
PER,BOG,2,646,2746554
PER,BOG,605,2482,10278367
PER,BOG,33,3102,13250560
PER,BOG,462,7626,32308193
PER,BOG,23,2489,10531850
PER,BOG,213,9524,40982062
PER,BOG,49,2194,9622226
PER,BOG,120,13613,57608496
PER,BOG,985,9092,39124205
PER,BOG,114,842,3667380
PER,BOG,209,1382,6012473
PER,BOG,736,4137,17424622
PER,BOG,274,834,3548599
PER,BOG,386,1532,6448921
PER,BOG,73,254,1073352
PER,BOG,2582,10090,42770734
PER,BOG,234,1541,6519731
PER,BOG,932,2087,8863680
PER,BOG,170,519,2261264
PER,BOG,2623,9245,38838744
PER,BOG,41,191,831556
PER,BOG,191,5660,24829022
PER,BOG,417,1507,6433942
PER,BOG,282,725,3153500
PER,BOG,6489,14378,60479274
PER,BOG,432,1142,4796662
PER,BOG,2768,4550,19255547
PER,BOG,911,2858,12018978
PER,BOG,25,257,1103514
PER,BOG,5503,13065,54721364
PER,BOG,2097,7847,32968801
PER,BOG,163,609,2578196
PER,BOG,3308,8933,37366756
PER,BOG,50,149,632002
PER,BOG,7,90,379946
PER,BOG,4,43,189111
PER,BOG,266,2144,9090538
PER,BOG,261,2236,9227070
PER,BOG,321,2682,11586870
PER,BOG,112,948,3988259
PER,BOG,31,808,3421349
PER,BOG,113,659,2868462
PER,BOG,248,2140,9083568
PER,BOG,48,287,1216317
PER,BOG,1556,12246,51463892
PER,BOG,504,2850,12160349
PER,BOG,160,1003,4072606
PER,BOG,609,3939,16472179
PER,BOG,901,4414,18836776
PER,BOG,665,2606,10950258
PER,BOG,21,840,3683215
PER,BOG,153,1157,4932439
PER,BOG,77,416,1786365
PER,BOG,1771,4130,17338530
PER,BOG,1179,3307,13945202
PER,BOG,300,886,3704208
PER,BOG,181,2174,9160081
PER,BOG,558,20856,90658921
PER,BOG,50,2054,8693059
PER,BOG,24,1641,7025714
PER,BOG,60,183,781503
PER,BOG,48,1037,4368026
PER,BOG,6,621,2726221
PER,MDE,54,1725,7334728
PER,MDE,3,11700,49498136
PER,MDE,5,37,156917
PER,MDE,154,575,2422091
PER,MDE,102,482,2019920
PER,MDE,194,516,2176902
PER,MDE,520,1397,5907957
PER,MDE,1117,3692,15521462
PER,MDE,146,333,1406026
PER,MDE,1753,3641,15321764
PER,MDE,302,1190,5025903
PER,MDE,260,1120,4730001
PER,MDE,1958,4572,19299387
PER,MDE,637,2525,10640122
PER,MDE,656,2173,9163255
PER,MDE,10,70,296128
PER,MDE,271,2067,8753023
PER,MDE,18,99,421087
PER,MDE,220,1473,6179942
PER,MDE,117,536,2246775
PER,MDE,182,989,4140445
PER,MDE,91,179,751085
PER,MDE,500,2290,9846345
PER,MDE,542,3247,14084867
PER,MDE,1671,7185,30375065
PER,MDE,59000,5841,24710993
PER,MDE,51,661,2785266
PER,MDE,18,136,571920
PER,MDE,18,89,375465
PER,MDE,737,3725,15698387
PER,MDE,56,673,2836507
PER,MDE,1382,3114,13120954
PER,MDE,841,2039,8590852
PER,MDE,1055,10706,45114636
PER,MDE,452,42609,180195722
PER,MDE,200,2096,8806407
PER,MDE,842,18902,80329718
PER,MDE,905,11692,49686547
PER,MDE,224764,18391,80175687
PER,MDE,27000,10795,45340854
PER,MDE,255000,6805,27633948
PER,MDE,89930,34166,143448462
PER,MDE,670,3944,16496314
PER,MDE,19,126,528945
PER,MDE,940,5834,24037508
PER,MDE,1639,4505,18729581
PER,MDE,89,221,926627
PER,MDE,816,3574,14940025
PER,MDE,3708,13013,54594600
PER,MDE,19,63,256739
PER,MDE,1853,4898,20578662
PER,MDE,303,931,3896264
PER,MDE,2675,10029,41934078
PER,MDE,28,131,549001
PER,MDE,378,1534,6367953
PER,MDE,236,542,2262456
PER,MDE,8716,18185,75966751
PER,MDE,384,897,3732322
PER,MDE,3606,4513,18811668
PER,MDE,1338,4190,17514379
PER,MDE,8,26,104871
PER,MDE,8962,20008,83764553
PER,MDE,1585,5905,24341767
PER,MDE,72,92,389371
PER,MDE,1549,12753,53426745
PER,MDE,4207,10892,45575379
PER,MDE,27,283,1151615
PER,MDE,1,8,35129
PER,MDE,218,1552,6538105
PER,MDE,159,1289,5417964
PER,MDE,104,837,3482387
PER,MDE,26,152,634280
PER,MDE,231,1523,6406162
PER,MDE,8,165,684993
PER,MDE,216,995,4172094
PER,MDE,219,1586,6456440
PER,MDE,1150,9273,38640654
PER,MDE,403,2018,8457750
PER,MDE,18,143,592219
PER,MDE,140,691,2826165
PER,MDE,559,3037,12652228
PER,MDE,919,2642,11132094
PER,MDE,90,541,2241218
PER,MDE,11,238,985785
PER,MDE,219,977,4090374
PER,MDE,321,2826,11701534
PER,MDE,443,2715,11405004
PER,MDE,1706,5901,24437523
PER,MDE,1214,3956,16601389
PER,MDE,8,90,371735
PER,MDE,389,1256,5256168
PER,MDE,18,325,1346627
PER,MDE,24,142,588414
PER,MDE,17,1530,6442389
PER,MDE,82100,5724,24218127
PER,MDE,162,18523,76712536
PER,MDE,261,37031,153360714
PER,MDE,446,13775,55840544
PER,MDE,2,4,18323
PER,MDE,117,312,1296549
PER,MDE,18,30,123277
PER,MDE,281,1440,5983238
PER,MDE,832,1065,4425427
PER,MDE,141,188,781046
PER,MDE,94,210,872828
PER,MDE,171,419,1740297
PER,MDE,100,549,2281436
PER,MDE,230,799,3319382
PER,MDE,762,1096,4554479
PER,MDE,55,390,1619886
PER,MDE,126,1195,4965693
PER,MDE,36,274,1138952
PER,MDE,69,430,1784838
PER,MDE,832,6969,28954904
PER,MDE,298,1519,6311354
PER,MDE,4,27,110771
PER,MDE,76,483,2007376
PER,MDE,17,45,188676
PER,MDE,55,471,1958846
PER,MDE,230,7051,29827958
PER,MDE,222,23081,101249377
PER,MDE,560,28868,126634276
PER,MDE,170013,31928,134782060
PER,MDE,42012,6841,28881060
PER,MDE,6,40,169342
PER,MDE,39,190,807247
PER,MDE,35,92,391507
PER,MDE,14,35,148572
PER,MDE,7,32,133990
PER,MDE,621,2469,10461876
PER,MDE,24,475,2009805
PER,MDE,31,78,331308
PER,MDE,435,2826,11963135
PER,MDE,587,10779,45617791
PER,MDE,132,644,2727310
PER,MDE,2147,4395,18606466
PER,MDE,183,909,3852855
PER,MDE,1294,1396,5907635
PER,MDE,256,808,3422020
PER,MDE,2027,5134,21740532
PER,MDE,471,1842,7803832
PER,MDE,47,273,1154227
PER,MDE,909,2638,11179029
PER,MDE,32,290,1229818
PER,MDE,99,677,2869574
PER,MDE,17,82,348222
PER,MDE,233,2200,9325004
PER,MDE,2,16,68008
PER,MDE,84,488,2063762
PER,MDE,308,2387,10102250
PER,MDE,58,190,805252
PER,MDE,12,62,260816
PER,MDE,85,509,2153247
PER,MDE,234,702,2969668
PER,MDE,7,35,147653
PER,MDE,152,821,3472712
PER,MDE,8,49,206055
PER,MDE,1061,4217,17888903
PER,MDE,2399,42956,182528798
PER,MDE,236,6329,26853881
PER,MDE,335,1710,7248173
PER,MDE,75,523,2222621
PER,MDE,210,3740,15411119
PER,MDE,4,525,2225396
PER,MDE,3,2365,10024838
PER,MDE,1012,11576,50777958
PER,MDE,29,71,303344
PER,MDE,1038,3722,15824621
PER,MDE,786,6387,27158014
PER,MDE,2,0,421
PER,MDE,14,7,29498
PER,MDE,2150,108,453002
PER,MDE,20,1,4214
PER,MDE,2900,145,611026
PER,MDE,6,305,1285682
PER,MDE,38,60,252838
PER,MDE,1,1,4214
PER,MDE,279,243366,1054523846
PRI,BOG,500,3875,16381136
PRI,BOG,225,3600,15218604
PRI,BOG,2850,44706,188987584
PRI,MDE,160,1920,8106413
PRI,MDE,87080,14115,59674803
PRI,MDE,308,2241,9086219
PRI,MDE,5,168,713059
PRI,MDE,663,4570,19290064
PRI,MDE,165,1850,7809994
PRI,MDE,390,4428,18692104
PRI,MDE,459,3203,13520268
PRI,MDE,1378,15920,67205246
PRI,MDE,142,1578,6550662
PRI,MDE,4089,57601,240707602
PRI,MDE,1430,14780,62392988
PRI,MDE,300,3,12692
PRI,MDE,38640,5105,20729725
PRI,MDE,850,654,2851919
PRI,MDE,11480,2147,8717790
PRI,MDE,4110,1796,7648497
PRI,MDE,410,186,786419
PRI,MDE,31,257,1075251
PRI,MDE,120,2113,8955462
PRI,MDE,6851,51412,217049750
PRI,MDE,311,2142,9022226
PRI,MDE,163,1250,5278282
PRI,MDE,77000,12195,51822863
PRI,MDE,800,88,372716
PRI,MDE,2134,1007,4382534
PRI,MDE,78615,11292,47986048
PRI,MDE,41,348,1479727
PRI,MDE,5500,385,1631957
PRI,MDE,200,380,1656571
PRI,MDE,41,1406,5959823
PRI,MDE,337,3020,12745457
PRI,MDE,1576,3900,16113574
PRI,MDE,36046,90757,384585038
PRI,MDE,13,161,682709
PRI,MDE,61,471,2008065
PRI,MDE,100,379,1605464
PRI,MDE,24,189,801651
PRI,MDE,2,83,350383
PRI,MDE,3394,21477,89927461
PRI,MDE,6788,34990,147847746
PRI,MDE,388,3727,15790534
PRI,MDE,66,339,1409107
PRI,MDE,2,1581,6935485
XCF,MDE,26,1394423,5886480408
GBR,BOG,992,32270,136521785
GBR,BOG,254,14400,61039101
GBR,BOG,3510,18673,79152894
GBR,BOG,20,62,274166
GBR,BOG,100,370,1623064
GBR,BOG,1,14,61676
GBR,BOG,822,41748,183132966
GBR,MDE,8260,1322,5797410
GBR,MDE,3304,861,3776914
GBR,MDE,61910,34656,146476912
GBR,MDE,31711,5954,25406588
GBR,MDE,4,280,1186878
GBR,MDE,24164,24061,105546549
DOM,BOG,353,5557,23517227
DOM,BOG,1,4922,20610264
DOM,BOG,1,1,4387
DOM,BOG,95,1327,5823028
DOM,BOG,7349000,1081,4743559
DOM,BOG,2,2140,9099473
DOM,BOG,230,264,1113534
DOM,MDE,5,108,456906
DOM,MDE,16197,6561,27879389
DOM,MDE,1,6,24538
DOM,MDE,10,53,224222
DOM,MDE,1800,324,1370718
DOM,MDE,22,195,828555
DOM,MDE,24,235,953444
DOM,MDE,83,1538,6234278
DOM,MDE,254,9068,36758685
DOM,MDE,48,19,81228
DOM,MDE,20,78,329988
DOM,MDE,2012,6183,26156592
DOM,MDE,68,615,2612710
DOM,MDE,982,7348,31095923
DOM,MDE,63,123,520532
DOM,MDE,8,160,677538
DOM,MDE,336,4562,19308363
DOM,MDE,377,4328,18314358
DOM,MDE,50,108,454937
DOM,MDE,250,450,1904386
DOM,MDE,2,4800,19491984
DOM,MDE,1,2400,10527984
DOM,MDE,312,10368,45198259
DOM,MDE,3,510,2071023
DOM,MDE,741,655292,2840113011
SGP,MDE,17155,12406,52749302
SGP,MDE,318,9893,41565190
SGP,MDE,27,1592,6687365
SGP,MDE,1,46,192220
SGP,MDE,1,25,103988
SGP,MDE,6,365,1533558
ZAF,BOG,10750,10750,44520372
ZAF,MDE,5078,5078,21098785
CHE,BOG,7,866,3678954
CHE,MDE,35,1858055,8012338410
CHE,MDE,149,8256457,36218271374
SUR,MDE,1270,36140,152292876
SUR,MDE,136,14250,60049072
SUR,MDE,11,320,1348470
SUR,MDE,14,1036,4365673
SUR,MDE,48,4,16856
XCF,MDE,86556000,656759,2719922544
TCA,MDE,112,1388,5881574
TCA,MDE,1,14,57394
TCA,MDE,174,2078,8810280
TUR,BOG,20,25000,106225000
UKR,MDE,6000,10110,42785217
URY,BOG,1121,16220,68621298
URY,BOG,51560,9057,38431865
URY,BOG,400,56,236914
URY,MDE,60,1605,6826475
URY,MDE,120,5052,21482282
URY,MDE,10,43,174616
URY,MDE,72,1171,4756044
URY,MDE,193,4753,19302749
URY,MDE,2,68,277761
URY,MDE,10,59,239589
URY,MDE,1,1,4121
VEN,BOG,511,4371,18479274
VEN,MDE,336,44555,188555423
VEN,MDE,0,146,619508
ZMB,BOG,92,200,842794
XCF,MDE,304,15985156,67692920155
XCF,MDE,50,1198388,5075741328
XCF,MDE,95,4921333,20598945225
XCF,MDE,3,63723,262576826
XCF,MDE,1020,40436,170105343
